0 0.590625 0.8333333333333334 0.6 0.8361111111111111 0.615625 0.8694444444444445 0.6390625 0.9111111111111111 0.6390625 0.9166666666666666 0.634375 0.9166666666666666 0.625 0.9055555555555556 0.625 0.8972222222222223 0.6140625 0.8833333333333333 0.590625 0.8361111111111111
0 0.2953125 0.7111111111111111 0.296875 0.7138888888888889 0.2984375 0.7111111111111111 0.3046875 0.7138888888888889 0.3 0.7194444444444444 0.2921875 0.7194444444444444 0.2921875 0.7138888888888889 0.29375 0.7138888888888889
0 0.1578125 0.8055555555555556 0.1625 0.8083333333333333 0.159375 0.8166666666666667 0.1546875 0.8166666666666667 0.14375 0.8277777777777777 0.134375 0.8305555555555556 0.1296875 0.8361111111111111 0.1203125 0.8361111111111111 0.1203125 0.8333333333333334 0.134375 0.8194444444444444 0.146875 0.8138888888888889 0.15 0.8083333333333333 0.15625 0.8083333333333333
0 0.51875 0.6833333333333333 0.5265625 0.6944444444444444 0.5265625 0.6972222222222222 0.521875 0.6972222222222222 0.51875 0.6916666666666667 0.51875 0.6861111111111111
0 0.3265625 0.6916666666666667 0.334375 0.6888888888888889 0.33125 0.6944444444444444 0.3265625 0.6944444444444444
0 0.2796875 0.8861111111111111 0.2796875 0.8777777777777778 0.2828125 0.8722222222222222 0.3 0.8611111111111112 0.3015625 0.8638888888888889 0.296875 0.875 0.2875 0.8861111111111111 0.28125 0.8861111111111111
0 0.0671875 0.8638888888888889 0.06875 0.8666666666666667 0.071875 0.8638888888888889 0.08125 0.8666666666666667 0.06875 0.8805555555555555 0.0671875 0.8777777777777778 0.0625 0.8805555555555555 0.0484375 0.8944444444444445 0.04375 0.8944444444444445 0.0359375 0.9027777777777778 0.0109375 0.9166666666666666 0.003125 0.925 0 0.925 0 0.9111111111111111 0.0015625 0.9138888888888889 0.0203125 0.8972222222222223 0.0296875 0.8944444444444445 0.04375 0.8805555555555555 0.0484375 0.8805555555555555 0.065625 0.8666666666666667
0 0.3 0.9527777777777777 0.2984375 0.9472222222222222 0.3078125 0.9388888888888889 0.31875 0.9388888888888889 0.31875 0.9444444444444444 0.3140625 0.95 0.3109375 0.9472222222222222 0.3015625 0.95
0 0.3125 0.7 0.321875 0.7 0.3234375 0.7027777777777777 0.3171875 0.7083333333333334 0.3125 0.7055555555555556 0.3125 0.7027777777777777
0 0.253125 0.7444444444444445 0.2546875 0.7472222222222222 0.253125 0.75 0.2453125 0.7527777777777778 0.240625 0.7583333333333333 0.234375 0.7583333333333333 0.2375 0.75 0.2484375 0.7416666666666667 0.2515625 0.7444444444444445
0 0.215625 0.7666666666666667 0.2265625 0.7666666666666667 0.2265625 0.7722222222222223 0.2234375 0.7722222222222223 0.21875 0.7777777777777778 0.215625 0.7777777777777778 0.215625 0.7694444444444445
0 0.0671875 0.8638888888888889 0.06875 0.8666666666666667 0.0703125 0.8638888888888889 0.090625 0.8638888888888889 0.0921875 0.8666666666666667 0.0984375 0.8638888888888889 0.1125 0.8638888888888889 0.1140625 0.8666666666666667 0.11875 0.8638888888888889 0.134375 0.8638888888888889 0.1390625 0.8666666666666667 0.1375 0.8694444444444445 0.1296875 0.8666666666666667 0.1171875 0.8722222222222222 0.1109375 0.8666666666666667 0.109375 0.8694444444444445 0.0828125 0.8666666666666667 0.06875 0.8805555555555555 0.0640625 0.8805555555555555 0.05625 0.8888888888888888 0.053125 0.8888888888888888 0.05 0.8944444444444445 0.04375 0.8944444444444445 0.040625 0.9 0.0375 0.9 0.025 0.9111111111111111 0.015625 0.9138888888888889 0.003125 0.925 0 0.925 0 0.9111111111111111 0.0078125 0.9083333333333333 0.0203125 0.8972222222222223 0.025 0.8972222222222223 0.04375 0.8805555555555555 0.065625 0.8666666666666667
0 0.540625 0.725 0.5515625 0.7416666666666667 0.5515625 0.75 0.546875 0.75 0.5390625 0.7277777777777777
0 0.2828125 0.725 0.28125 0.7305555555555555 0.2734375 0.7361111111111112 0.265625 0.7361111111111112 0.2640625 0.7333333333333333 0.265625 0.7305555555555555 0.28125 0.725