0 0.6140625 0.8722222222222222 0.621875 0.875 0.6359375 0.8972222222222223 0.6640625 0.9472222222222222 0.6859375 0.9916666666666667 0.6859375 0.9944444444444445 0.675 0.9944444444444445 0.6265625 0.9055555555555556 0.621875 0.8916666666666667 0.615625 0.8833333333333333 0.6140625 0.875
0 0.865625 0.875 0.8765625 0.8777777777777778 0.8890625 0.8888888888888888 0.86875 0.8861111111111111 0.865625 0.8777777777777778
0 0.2265625 0.7722222222222223 0.240625 0.7611111111111111 0.2546875 0.7611111111111111 0.25625 0.7583333333333333 0.271875 0.7611111111111111 0.2671875 0.7694444444444445 0.246875 0.775 0.2375 0.7833333333333333 0.228125 0.7833333333333333 0.2265625 0.775
0 0.434375 0.65 0.4359375 0.6527777777777778 0.421875 0.6777777777777778 0.41875 0.6777777777777778 0.4109375 0.6861111111111111 0.3921875 0.7166666666666667 0.3765625 0.7361111111111112 0.3625 0.7611111111111111 0.3484375 0.7777777777777778 0.3109375 0.8361111111111111 0.253125 0.9166666666666666 0.2375 0.9444444444444444 0.209375 0.9861111111111112 0.1984375 0.9972222222222222 0.184375 0.9972222222222222 0.184375 0.9944444444444445 0.228125 0.9333333333333333 0.2390625 0.9138888888888889 0.33125 0.7888888888888889 0.3765625 0.7222222222222222 0.3890625 0.7083333333333334 0.4140625 0.6722222222222223 0.41875 0.6694444444444444 0.425 0.6583333333333333 0.4328125 0.6527777777777778
0 0.2140625 0.6944444444444444 0.215625 0.6944444444444444 0.2140625 0.6972222222222222 0.1953125 0.7055555555555556 0.1828125 0.7055555555555556 0.1828125 0.7027777777777777 0.2015625 0.6944444444444444 0.2125 0.6944444444444444
0 0.08125 0.8888888888888888 0.115625 0.8611111111111112 0.125 0.8555555555555555 0.1359375 0.8555555555555555 0.1359375 0.8611111111111112 0.09375 0.8944444444444445 0.084375 0.8972222222222223 0.08125 0.8916666666666667
0 0.9171875 0.7972222222222223 0.9765625 0.825 0.978125 0.8305555555555556 0.971875 0.8361111111111111 0.9140625 0.8111111111111111 0.9109375 0.8055555555555556 0.915625 0.7972222222222223
0 0.2421875 0.7763888888888889 0.028125 0.019444444444444445
0 0.9546875 0.7472222222222222 0.95625 0.75 0.9671875 0.75 0.9703125 0.7472222222222222 0.9734375 0.7527777777777778 0.9796875 0.75 0.9875 0.7611111111111111 0.990625 0.7694444444444445 0.9890625 0.7722222222222223 0.9796875 0.7722222222222223 0.9625 0.7638888888888888 0.94375 0.7638888888888888 0.9390625 0.7611111111111111 0.9328125 0.75 0.934375 0.7444444444444445 0.953125 0.7472222222222222
0 0.6125 0.8722222222222222 0.6203125 0.8722222222222222 0.625 0.8777777777777778 0.6640625 0.9444444444444444 0.6671875 0.9555555555555556 0.68125 0.9777777777777777 0.6875 0.9944444444444445 0.6796875 0.9944444444444445 0.678125 0.9972222222222222 0.6734375 0.9944444444444445 0.6265625 0.9083333333333333 0.61875 0.8888888888888888 0.615625 0.8861111111111111 0.6125 0.875
0 0.6125 0.8722222222222222 0.61875 0.8722222222222222 0.6265625 0.8805555555555555 0.6828125 0.9805555555555555 0.6875 0.9944444444444445 0.6796875 0.9944444444444445 0.678125 0.9972222222222222 0.6734375 0.9944444444444445 0.628125 0.9111111111111111 0.6125 0.875
0 0.434375 0.6694444444444444 0.4359375 0.6777777777777778 0.434375 0.6833333333333333 0.428125 0.6916666666666667 0.4015625 0.7527777777777778 0.3984375 0.7638888888888888 0.3953125 0.7666666666666667 0.3875 0.7916666666666666 0.3796875 0.8055555555555556 0.359375 0.8583333333333333 0.3515625 0.8666666666666667 0.35 0.8805555555555555 0.3453125 0.8888888888888888 0.340625 0.8916666666666667 0.3421875 0.8944444444444445 0.340625 0.9 0.3390625 0.8972222222222223 0.3359375 0.9 0.3375 0.9083333333333333 0.3328125 0.9055555555555556 0.3265625 0.9138888888888889 0.328125 0.9166666666666666 0.325 0.925 0.3203125 0.9277777777777778 0.3265625 0.9305555555555556 0.328125 0.9361111111111111 0.3234375 0.9388888888888889 0.3171875 0.9361111111111111 0.3125 0.9416666666666667 0.3125 0.9527777777777777 0.3171875 0.9555555555555556 0.3171875 0.9583333333333334 0.3125 0.9611111111111111 0.3140625 0.9666666666666667 0.309375 0.9777777777777777 0.303125 0.975 0.3 0.9805555555555555 0.3 0.9944444444444445 0.2875 0.9944444444444445 0.2859375 0.9972222222222222 0.2609375 0.9972222222222222 0.259375 0.9944444444444445 0.2609375 0.9888888888888889 0.2921875 0.9277777777777778 0.334375 0.8555555555555555 0.346875 0.8305555555555556 0.35 0.8194444444444444 0.378125 0.7694444444444445 0.396875 0.7277777777777777 0.4234375 0.6833333333333333 0.425 0.675 0.428125 0.6694444444444444 0.4328125 0.6694444444444444
0 0.50625 0.6666666666666666 0.509375 0.6666666666666666 0.5546875 0.7472222222222222 0.553125 0.7555555555555555 0.5484375 0.7527777777777778 0.50625 0.6694444444444444
0 0 0.8305555555555556 0.009375 0.8277777777777777 0.03125 0.8138888888888889 0.0359375 0.8138888888888889 0.0421875 0.8083333333333333 0.0671875 0.8 0.078125 0.7916666666666666 0.090625 0.7888888888888889 0.1078125 0.7777777777777778 0.128125 0.7722222222222223 0.1359375 0.7638888888888888 0.1578125 0.7583333333333333 0.178125 0.7416666666666667 0.1828125 0.7416666666666667 0.1953125 0.7333333333333333 0.2015625 0.7333333333333333 0.221875 0.7194444444444444 0.234375 0.7166666666666667 0.25 0.7055555555555556 0.2625 0.7027777777777777 0.278125 0.6916666666666667 0.2921875 0.6888888888888889 0.296875 0.6833333333333333 0.33125 0.6694444444444444 0.3375 0.6611111111111111 0.353125 0.6555555555555556 0.3578125 0.65 0.36875 0.65 0.3703125 0.6472222222222223 0.3734375 0.65 0.3671875 0.65 0.3484375 0.6611111111111111 0.34375 0.6666666666666666 0.33125 0.6722222222222223 0.3265625 0.6777777777777778 0.315625 0.6805555555555556 0.30625 0.6916666666666667 0.296875 0.6972222222222222 0.2859375 0.7 0.2671875 0.7138888888888889 0.2546875 0.7166666666666667 0.2375 0.7305555555555555 0.2296875 0.7305555555555555 0.215625 0.7416666666666667 0.20625 0.7444444444444445 0.171875 0.7666666666666667 0.15625 0.7722222222222223 0.14375 0.7833333333333333 0.1046875 0.8 0.0796875 0.8166666666666667 0.0703125 0.8194444444444444 0.065625 0.825 0.015625 0.8472222222222222 0.0015625 0.8583333333333333 0 0.8583333333333333 0 0.8472222222222222 0.00625 0.8416666666666667 0 0.8361111111111111 0 0.8333333333333334