0 0.48125 0.7222222222222222 0.4828125 0.7222222222222222 0.4796875 0.7305555555555555 0.4734375 0.7361111111111112 0.459375 0.7611111111111111 0.45 0.7694444444444445 0.4390625 0.7861111111111111 0.428125 0.7944444444444444 0.4265625 0.8 0.3984375 0.8277777777777777 0.384375 0.8472222222222222 0.38125 0.8472222222222222 0.371875 0.8611111111111112 0.3671875 0.8611111111111112 0.359375 0.8527777777777777 0.359375 0.8472222222222222 0.3640625 0.8388888888888889 0.3703125 0.8361111111111111 0.375 0.8277777777777777 0.4078125 0.7972222222222223 0.409375 0.7916666666666666 0.41875 0.7861111111111111 0.4359375 0.7638888888888888 0.440625 0.7611111111111111 0.4421875 0.7527777777777778 0.4484375 0.7472222222222222 0.4546875 0.7361111111111112 0.4609375 0.7305555555555555 0.4671875 0.7305555555555555 0.475 0.7222222222222222 0.4796875 0.7222222222222222
0 0.5375 0.7555555555555555 0.5390625 0.7666666666666667 0.55 0.7805555555555556 0.5421875 0.7972222222222223 0.5421875 0.8027777777777778 0.5359375 0.8166666666666667 0.534375 0.825 0.5296875 0.8333333333333334 0.528125 0.8444444444444444 0.5203125 0.8583333333333333 0.515625 0.8777777777777778 0.5078125 0.8944444444444445 0.5078125 0.9 0.4953125 0.9277777777777778 0.4953125 0.9333333333333333 0.484375 0.9527777777777777 0.478125 0.9777777777777777 0.471875 0.9861111111111112 0.4625 0.9777777777777777 0.45625 0.9666666666666667 0.45 0.9638888888888889 0.44375 0.9527777777777777 0.4546875 0.9277777777777778 0.4640625 0.9138888888888889 0.4703125 0.8944444444444445 0.48125 0.8777777777777778 0.48125 0.8722222222222222 0.503125 0.8277777777777777 0.503125 0.8222222222222222 0.5296875 0.775 0.53125 0.7666666666666667 0.5359375 0.7583333333333333
0 0.0734375 0.8166666666666667 0.084375 0.8083333333333333 0.0875 0.8027777777777778 0.0953125 0.8027777777777778 0.0953125 0.8055555555555556 0.0875 0.8111111111111111 0.084375 0.8166666666666667 0.075 0.8194444444444444
0 0.1390625 0.7666666666666667 0.140625 0.7694444444444445 0.1359375 0.775 0.13125 0.775 0.13125 0.7722222222222223 0.1375 0.7666666666666667
0 0.7578125 0.7944444444444444 0.7640625 0.7944444444444444 0.765625 0.7972222222222223 0.7703125 0.7944444444444444 0.784375 0.8027777777777778 0.7890625 0.8 0.803125 0.8083333333333333 0.81875 0.8361111111111111 0.828125 0.8472222222222222 0.84375 0.8777777777777778 0.8640625 0.9083333333333333 0.8703125 0.9138888888888889 0.878125 0.9333333333333333 0.875 0.9416666666666667 0.8265625 0.9444444444444444 0.815625 0.9277777777777778 0.8140625 0.9194444444444444 0.7734375 0.8361111111111111 0.7578125 0.7972222222222223
0 0.51875 0.7277777777777777 0.51875 0.7333333333333333 0.4875 0.7888888888888889 0.4484375 0.85 0.4453125 0.8583333333333333 0.4375 0.8666666666666667 0.434375 0.875 0.4109375 0.9083333333333333 0.40625 0.9083333333333333 0.403125 0.9027777777777778 0.4 0.9027777777777778 0.39375 0.8916666666666667 0.39375 0.8861111111111111 0.421875 0.85 0.4328125 0.8305555555555556 0.4421875 0.8222222222222222 0.4453125 0.8138888888888889 0.459375 0.7972222222222223 0.4625 0.7888888888888889 0.46875 0.7833333333333333 0.475 0.7722222222222223 0.478125 0.7722222222222223 0.48125 0.7666666666666667 0.48125 0.7611111111111111 0.4859375 0.7583333333333333 0.4953125 0.7444444444444445 0.5015625 0.7305555555555555 0.5046875 0.7277777777777777 0.5140625 0.7277777777777777 0.515625 0.725 0.5171875 0.7277777777777777
0 0.6171875 0.7666666666666667 0.61875 0.7694444444444445 0.61875 0.7805555555555556 0.615625 0.7916666666666666 0.6171875 0.7944444444444444 0.6140625 0.8138888888888889 0.6140625 0.825 0.615625 0.8277777777777777 0.6125 0.8416666666666667 0.6125 0.8555555555555555 0.6140625 0.8583333333333333 0.609375 0.8805555555555555 0.609375 0.9027777777777778 0.6078125 0.9055555555555556 0.6078125 0.9277777777777778 0.6046875 0.9472222222222222 0.6046875 0.9666666666666667 0.6 0.9805555555555555 0.5765625 0.9833333333333333 0.5734375 0.9888888888888889 0.5578125 0.9888888888888889 0.55625 0.9916666666666667 0.55 0.9916666666666667 0.5484375 0.9833333333333333 0.553125 0.9694444444444444 0.5546875 0.9611111111111111 0.553125 0.9583333333333334 0.5578125 0.9444444444444444 0.5640625 0.9083333333333333 0.5671875 0.9 0.5671875 0.8916666666666667 0.571875 0.875 0.5734375 0.8555555555555555 0.5796875 0.8333333333333334 0.5796875 0.8222222222222222 0.584375 0.8 0.5921875 0.775 0.615625 0.7666666666666667
0 0.0703125 0.975 0.059375 0.9972222222222222 0.04375 0.9972222222222222 0.04375 0.9944444444444445 0.0578125 0.975 0.06875 0.975
0 0.121875 0.9027777777777778 0.115625 0.9166666666666666 0.1015625 0.9333333333333333 0.0921875 0.9333333333333333 0.0984375 0.9194444444444444 0.103125 0.9166666666666666 0.1125 0.9027777777777778 0.1203125 0.9027777777777778
0 0.3875 0.7583333333333333 0.38125 0.7694444444444445 0.3765625 0.7694444444444445 0.3703125 0.7777777777777778 0.3578125 0.7861111111111111 0.3546875 0.7916666666666666 0.3375 0.8 0.334375 0.8055555555555556 0.3296875 0.8055555555555556 0.31875 0.8138888888888889 0.3140625 0.8111111111111111 0.315625 0.8027777777777778 0.31875 0.8027777777777778 0.3203125 0.7972222222222223 0.33125 0.7944444444444444 0.3453125 0.7833333333333333 0.35 0.775 0.353125 0.775 0.3578125 0.7638888888888888 0.36875 0.7638888888888888 0.371875 0.7583333333333333 0.3859375 0.7583333333333333
0 0.3328125 0.8222222222222222 0.3484375 0.8083333333333333 0.353125 0.8083333333333333 0.3625 0.7972222222222223 0.3703125 0.7944444444444444 0.375 0.7861111111111111 0.3875 0.7777777777777778 0.3921875 0.7694444444444445 0.4046875 0.7611111111111111 0.409375 0.7527777777777778 0.4234375 0.7472222222222222 0.4265625 0.7416666666666667 0.434375 0.7416666666666667 0.434375 0.7444444444444445 0.4296875 0.7472222222222222 0.4234375 0.7583333333333333 0.4125 0.7666666666666667 0.4078125 0.775 0.4015625 0.7777777777777778 0.3953125 0.7861111111111111 0.3921875 0.7861111111111111 0.3875 0.7944444444444444 0.3796875 0.7972222222222223 0.3640625 0.8138888888888889 0.35625 0.8166666666666667 0.3515625 0.825 0.3375 0.8333333333333334 0.3328125 0.825
0 0.4828125 0.7194444444444444 0.484375 0.7222222222222222 0.478125 0.7388888888888889 0.484375 0.7472222222222222 0.4890625 0.7472222222222222 0.5015625 0.725 0.5171875 0.7277777777777777 0.51875 0.7333333333333333 0.4921875 0.7833333333333333 0.484375 0.7916666666666666 0.475 0.8083333333333333 0.4703125 0.8222222222222222 0.465625 0.825 0.4578125 0.8361111111111111 0.44375 0.8638888888888889 0.4390625 0.8666666666666667 0.4265625 0.8888888888888888 0.4109375 0.9083333333333333 0.40625 0.9083333333333333 0.403125 0.9027777777777778 0.4 0.9027777777777778 0.3921875 0.8888888888888888 0.4015625 0.8722222222222222 0.415625 0.8555555555555555 0.4234375 0.8388888888888889 0.4265625 0.8388888888888889 0.43125 0.8305555555555556 0.4359375 0.8277777777777777 0.4453125 0.8111111111111111 0.45625 0.8 0.4671875 0.7833333333333333 0.4765625 0.7638888888888888 0.4765625 0.7583333333333333 0.471875 0.7472222222222222 0.4625 0.7555555555555555 0.459375 0.7638888888888888 0.45 0.7694444444444445 0.4484375 0.775 0.4265625 0.8027777777777778 0.4234375 0.8027777777777778 0.4171875 0.8111111111111111 0.4109375 0.8138888888888889 0.403125 0.8277777777777777 0.3953125 0.8361111111111111 0.3921875 0.8361111111111111 0.3859375 0.8472222222222222 0.3765625 0.8527777777777777 0.371875 0.8611111111111112 0.359375 0.8527777777777777 0.359375 0.8444444444444444 0.3734375 0.825 0.38125 0.8222222222222222 0.3859375 0.8138888888888889 0.396875 0.8055555555555556 0.409375 0.7888888888888889 0.4140625 0.7888888888888889 0.4296875 0.7666666666666667 0.4328125 0.7666666666666667 0.4375 0.7583333333333333 0.4375 0.7527777777777778 0.434375 0.7472222222222222 0.428125 0.7555555555555555 0.43125 0.7583333333333333 0.4203125 0.7611111111111111 0.3890625 0.7944444444444444 0.3828125 0.7972222222222223 0.3703125 0.8111111111111111 0.365625 0.8111111111111111 0.3625 0.8166666666666667 0.359375 0.8166666666666667 0.3515625 0.825 0.3484375 0.825 0.34375 0.8305555555555556 0.3359375 0.8305555555555556 0.3328125 0.8277777777777777 0.3328125 0.8222222222222222 0.3484375 0.8083333333333333 0.3515625 0.8083333333333333 0.3609375 0.7972222222222223 0.36875 0.7944444444444444 0.3734375 0.7861111111111111 0.3765625 0.7861111111111111 0.3875 0.775 0.3921875 0.7638888888888888 0.403125 0.7611111111111111 0.409375 0.7527777777777778 0.41875 0.7472222222222222 0.425 0.7472222222222222 0.428125 0.7416666666666667 0.4390625 0.7416666666666667 0.44375 0.7361111111111112 0.45 0.7361111111111112 0.4609375 0.7277777777777777 0.4671875 0.7277777777777777 0.471875 0.7222222222222222 0.48125 0.7194444444444444
0 0.6609375 0.7666666666666667 0.66875 0.7666666666666667 0.6765625 0.7722222222222223 0.6828125 0.7694444444444445 0.696875 0.7805555555555556 0.696875 0.7861111111111111 0.7015625 0.7944444444444444 0.703125 0.8083333333333333 0.709375 0.825 0.7125 0.8444444444444444 0.71875 0.8611111111111112 0.721875 0.8805555555555555 0.725 0.8833333333333333 0.7265625 0.9 0.7421875 0.9555555555555556 0.7421875 0.9611111111111111 0.7359375 0.9611111111111111 0.734375 0.9638888888888889 0.7203125 0.9638888888888889 0.71875 0.9611111111111111 0.7171875 0.9666666666666667 0.7140625 0.9638888888888889 0.7 0.9638888888888889 0.6984375 0.9666666666666667 0.6875 0.9638888888888889 0.6875 0.9583333333333334 0.6828125 0.9472222222222222 0.68125 0.9194444444444444 0.678125 0.9111111111111111 0.678125 0.8888888888888888 0.675 0.8833333333333333 0.6734375 0.8555555555555555 0.6703125 0.8472222222222222 0.6703125 0.8222222222222222 0.6671875 0.8166666666666667 0.6671875 0.8027777777777778 0.6609375 0.7694444444444445
0 0.1515625 0.8555555555555555 0.15 0.8638888888888889 0.1421875 0.8722222222222222 0.140625 0.8777777777777778 0.1328125 0.8777777777777778 0.1328125 0.875 0.1453125 0.8555555555555555 0.15 0.8555555555555555
0 0.0859375 0.7527777777777778 0.090625 0.7527777777777778 0.0921875 0.7555555555555555 0.0890625 0.7583333333333333 0.0796875 0.7638888888888888 0.0734375 0.7638888888888888 0.065625 0.7722222222222223 0.0515625 0.775 0.0484375 0.7805555555555556 0.0375 0.7833333333333333 0.028125 0.7916666666666666 0.021875 0.7916666666666666 0.0125 0.7972222222222223 0.0140625 0.7888888888888889 0.0296875 0.7833333333333333 0.0328125 0.7777777777777778 0.0484375 0.775 0.05625 0.7666666666666667 0.0625 0.7666666666666667 0.0671875 0.7611111111111111 0.084375 0.7583333333333333 0.0859375 0.7555555555555555
0 0.1203125 0.9027777777777778 0.121875 0.9055555555555556 0.1203125 0.9083333333333333 0.1015625 0.9333333333333333 0.09375 0.9333333333333333 0.0921875 0.9305555555555556 0.109375 0.9055555555555556 0.11875 0.9027777777777778