0 0.409375 0.7444444444444445 0.421875 0.7583333333333333 0.421875 0.7611111111111111 0.4171875 0.7638888888888888 0.4046875 0.7611111111111111 0.3890625 0.7444444444444445 0.390625 0.7388888888888889 0.4015625 0.7388888888888889 0.4078125 0.7444444444444445
0 0.1859375 0.7444444444444445 0.1875 0.7472222222222222 0.19375 0.7472222222222222 0.1921875 0.7527777777777778 0.178125 0.7611111111111111 0.1640625 0.775 0.1453125 0.7777777777777778 0.1421875 0.7722222222222223 0.1625 0.7611111111111111 0.171875 0.75 0.184375 0.7472222222222222
0 0.4390625 0.7388888888888889 0.453125 0.75 0.465625 0.7555555555555555 0.4671875 0.7583333333333333 0.465625 0.7638888888888888 0.453125 0.7638888888888888 0.446875 0.7583333333333333 0.4375 0.7583333333333333 0.4359375 0.7611111111111111 0.428125 0.7583333333333333 0.4234375 0.7638888888888888 0.40625 0.7638888888888888 0.3953125 0.7583333333333333 0.3921875 0.7527777777777778 0.390625 0.7555555555555555 0.3859375 0.7527777777777778 0.384375 0.7416666666666667 0.3875 0.7416666666666667 0.390625 0.7361111111111112 0.403125 0.7388888888888889 0.4140625 0.7472222222222222 0.41875 0.7444444444444445 0.421875 0.7472222222222222 0.4234375 0.7416666666666667 0.434375 0.7416666666666667 0.4375 0.7388888888888889
0 0.3484375 0.7388888888888889 0.3609375 0.7388888888888889 0.3671875 0.7444444444444445 0.375 0.7583333333333333 0.3734375 0.7638888888888888 0.359375 0.7638888888888888 0.3546875 0.7611111111111111 0.3484375 0.7416666666666667
0 0.5296875 0.775 0.5484375 0.7805555555555556 0.565625 0.7944444444444444 0.5765625 0.7944444444444444 0.5828125 0.8027777777777778 0.6 0.8138888888888889 0.6109375 0.825 0.615625 0.825 0.6234375 0.8333333333333334 0.6265625 0.8333333333333334 0.6390625 0.8472222222222222 0.6515625 0.85 0.6640625 0.8666666666666667 0.6796875 0.875 0.690625 0.8861111111111111 0.69375 0.8861111111111111 0.696875 0.8916666666666667 0.709375 0.8972222222222223 0.734375 0.9222222222222223 0.7625 0.9416666666666667 0.76875 0.95 0.775 0.9527777777777777 0.79375 0.9722222222222222 0.796875 0.9722222222222222 0.8 0.9777777777777777 0.7953125 0.9805555555555555 0.778125 0.9805555555555555 0.765625 0.9638888888888889 0.7515625 0.9555555555555556 0.7359375 0.9416666666666667 0.728125 0.9305555555555556 0.7078125 0.9166666666666666 0.665625 0.8777777777777778 0.6609375 0.8777777777777778 0.6515625 0.8666666666666667 0.634375 0.8555555555555555 0.6171875 0.8388888888888889 0.60625 0.8333333333333334 0.5828125 0.8111111111111111 0.565625 0.8027777777777778 0.55 0.7888888888888889 0.53125 0.7777777777777778
0 0.321875 0.7388888888888889 0.3265625 0.7527777777777778 0.325 0.7638888888888888 0.3078125 0.7638888888888888 0.30625 0.7611111111111111 0.30625 0.7444444444444445 0.309375 0.7388888888888889 0.3203125 0.7388888888888889
0 0.2359375 0.7416666666666667 0.2390625 0.7444444444444445 0.2375 0.75 0.2203125 0.7694444444444445 0.2125 0.7694444444444445 0.2109375 0.7722222222222223 0.1984375 0.7722222222222223 0.2 0.7666666666666667 0.2078125 0.7611111111111111 0.221875 0.7444444444444445 0.234375 0.7416666666666667
0 0.28125 0.7416666666666667 0.2828125 0.7444444444444445 0.28125 0.75 0.2734375 0.7666666666666667 0.2578125 0.7666666666666667 0.25625 0.7694444444444445 0.2546875 0.7638888888888888 0.265625 0.7416666666666667 0.2703125 0.7388888888888889 0.2796875 0.7416666666666667
0 0.4265625 0.7416666666666667 0.4375 0.7388888888888889 0.465625 0.7583333333333333 0.465625 0.7611111111111111 0.4609375 0.7638888888888888 0.459375 0.7611111111111111 0.4515625 0.7611111111111111 0.4375 0.75 0.4359375 0.7527777777777778 0.43125 0.75 0.4265625 0.7444444444444445
0 0.53125 0.775 0.559375 0.7888888888888889 0.5671875 0.7972222222222223 0.575 0.7944444444444444 0.584375 0.8055555555555556 0.5984375 0.8138888888888889 0.609375 0.825 0.6140625 0.8277777777777777 0.615625 0.825 0.61875 0.8305555555555556 0.6296875 0.8361111111111111 0.6390625 0.8472222222222222 0.65 0.85 0.659375 0.8638888888888889 0.6828125 0.8777777777777778 0.703125 0.8972222222222223 0.7046875 0.8944444444444445 0.709375 0.9 0.7125 0.9 0.734375 0.9222222222222223 0.7625 0.9416666666666667 0.7921875 0.9722222222222222 0.796875 0.9722222222222222 0.7984375 0.9777777777777777 0.7953125 0.9805555555555555 0.778125 0.9805555555555555 0.7734375 0.9777777777777777 0.7671875 0.9666666666666667 0.7578125 0.9611111111111111 0.7546875 0.9555555555555556 0.75 0.9555555555555556 0.7328125 0.9361111111111111 0.7234375 0.9305555555555556 0.7203125 0.925 0.7078125 0.9166666666666666 0.665625 0.8777777777777778 0.6609375 0.8777777777777778 0.6515625 0.8666666666666667 0.640625 0.8611111111111112 0.6171875 0.8388888888888889 0.60625 0.8333333333333334 0.5765625 0.8055555555555556 0.5671875 0.8027777777777778 0.5328125 0.7777777777777778
0 0.3171875 0.7833333333333333 0.3203125 0.7777777777777778 0.325 0.7777777777777778 0.3265625 0.7888888888888889 0.3234375 0.8 0.2953125 0.85 0.2875 0.8583333333333333 0.2796875 0.875 0.259375 0.9 0.2515625 0.9166666666666666 0.2375 0.9333333333333333 0.2328125 0.9444444444444444 0.190625 0.9972222222222222 0.1671875 0.9972222222222222 0.1828125 0.975 0.196875 0.9611111111111111 0.203125 0.95 0.2109375 0.9444444444444444 0.2359375 0.9083333333333333 0.246875 0.8972222222222223 0.2609375 0.875 0.2671875 0.8694444444444445 0.2765625 0.8527777777777777 0.30625 0.8111111111111111 0.31875 0.7861111111111111