0 0.621875 0.7722222222222223 0.6296875 0.775 0.6421875 0.7916666666666666 0.640625 0.7944444444444444 0.63125 0.7916666666666666 0.621875 0.775
0 0.5859375 0.7222222222222222 0.59375 0.7333333333333333 0.5921875 0.7361111111111112 0.5890625 0.7361111111111112 0.58125 0.7277777777777777 0.584375 0.7222222222222222
0 0.7578125 0.9027777777777778 0.7625 0.9055555555555556 0.7671875 0.9166666666666666 0.784375 0.9138888888888889 0.796875 0.9305555555555556 0.8140625 0.9361111111111111 0.8265625 0.9444444444444444 0.8484375 0.9666666666666667 0.85625 0.9833333333333333 0.8515625 0.9861111111111112 0.8296875 0.9722222222222222 0.8234375 0.9722222222222222 0.821875 0.9805555555555555 0.8109375 0.9805555555555555 0.796875 0.9722222222222222 0.7890625 0.9583333333333334 0.7765625 0.9472222222222222 0.75625 0.9055555555555556
0 0.7046875 0.875 0.7125 0.875 0.71875 0.8805555555555555 0.7515625 0.9194444444444444 0.7515625 0.925 0.740625 0.925 0.71875 0.8972222222222223 0.7140625 0.8944444444444445 0.7046875 0.8777777777777778
0 0.75625 0.9027777777777778 0.7625 0.9055555555555556 0.7671875 0.9166666666666666 0.784375 0.9138888888888889 0.796875 0.9305555555555556 0.8140625 0.9361111111111111 0.8265625 0.9444444444444444 0.8515625 0.9694444444444444 0.85625 0.9777777777777777 0.85625 0.9833333333333333 0.8515625 0.9861111111111112 0.828125 0.9722222222222222 0.825 0.9722222222222222 0.821875 0.9805555555555555 0.8109375 0.9805555555555555 0.8 0.975 0.7921875 0.9666666666666667 0.7890625 0.9583333333333334 0.7765625 0.9472222222222222 0.75625 0.9111111111111111 0.75625 0.9055555555555556
0 0.5625 0.775 0.5765625 0.8 0.5796875 0.8111111111111111 0.5890625 0.825 0.5921875 0.8361111111111111 0.603125 0.85 0.6078125 0.8666666666666667 0.6296875 0.9027777777777778 0.6375 0.9222222222222223 0.6484375 0.9416666666666667 0.6515625 0.9527777777777777 0.6765625 0.9972222222222222 0.625 0.9972222222222222 0.621875 0.9916666666666667 0.621875 0.9861111111111112 0.6125 0.9666666666666667 0.6125 0.9611111111111111 0.5984375 0.9333333333333333 0.5984375 0.9277777777777778 0.5953125 0.9194444444444444 0.5796875 0.8861111111111111 0.575 0.8722222222222222 0.575 0.8666666666666667 0.5578125 0.8222222222222222 0.559375 0.8194444444444444 0.5578125 0.8111111111111111 0.559375 0.7833333333333333 0.5625 0.7777777777777778
0 0.4171875 0.6333333333333333 0.4203125 0.6333333333333333 0.4171875 0.6361111111111111 0.4 0.6444444444444445 0.3859375 0.6472222222222223 0.3796875 0.6527777777777778 0.3765625 0.65 0.3515625 0.6722222222222223 0.3453125 0.6722222222222223 0.3265625 0.6916666666666667 0.315625 0.6972222222222222 0.3125 0.7027777777777777 0.30625 0.7055555555555556 0.2890625 0.7222222222222222 0.284375 0.7222222222222222 0.28125 0.7277777777777777 0.278125 0.7277777777777777 0.2296875 0.7694444444444445 0.225 0.7694444444444445 0.14375 0.8388888888888889 0.1359375 0.8416666666666667 0.109375 0.8666666666666667 0.1015625 0.8694444444444445 0.0875 0.8833333333333333 0.0765625 0.8888888888888888 0.0625 0.9027777777777778 0.05625 0.9055555555555556 0.046875 0.9166666666666666 0.034375 0.9222222222222223 0.028125 0.9305555555555556 0.0140625 0.9388888888888889 0.003125 0.95 0 0.95 0 0.9166666666666666 0.0171875 0.9027777777777778 0.01875 0.9055555555555556 0.0234375 0.9 0.0265625 0.9 0.0453125 0.8833333333333333 0.05 0.8833333333333333 0.0703125 0.8638888888888889 0.0796875 0.8611111111111112 0.1046875 0.8388888888888889 0.1109375 0.8388888888888889 0.128125 0.8222222222222222 0.140625 0.8166666666666667 0.165625 0.7944444444444444 0.178125 0.7888888888888889 0.18125 0.7833333333333333 0.184375 0.7833333333333333 0.1953125 0.7722222222222223 0.2078125 0.7666666666666667 0.2265625 0.75 0.2359375 0.7472222222222222 0.246875 0.7361111111111112 0.25 0.7361111111111112 0.253125 0.7305555555555555 0.2578125 0.7277777777777777 0.259375 0.7305555555555555 0.2796875 0.7111111111111111 0.3 0.7 0.31875 0.6805555555555556 0.3203125 0.6833333333333333 0.3265625 0.675 0.3296875 0.675 0.3375 0.6666666666666666 0.3390625 0.6611111111111111 0.353125 0.6583333333333333 0.3765625 0.6388888888888888 0.4 0.625 0.4046875 0.6333333333333333 0.4078125 0.6305555555555555 0.4109375 0.6361111111111111 0.415625 0.6361111111111111
0 0.55625 0.6916666666666667 0.5640625 0.6972222222222222 0.5640625 0.7 0.559375 0.7027777777777777 0.55625 0.6944444444444444
0 0.75625 0.9055555555555556 0.7609375 0.9055555555555556 0.765625 0.9166666666666666 0.784375 0.9138888888888889 0.796875 0.9305555555555556 0.81875 0.9388888888888889 0.84375 0.9611111111111111 0.85625 0.9805555555555555 0.8546875 0.9861111111111112 0.8515625 0.9861111111111112 0.8296875 0.9722222222222222 0.8234375 0.9722222222222222 0.821875 0.9805555555555555 0.8109375 0.9805555555555555 0.796875 0.9722222222222222 0.7890625 0.9583333333333334 0.7765625 0.9472222222222222 0.771875 0.9388888888888889 0.7703125 0.9305555555555556 0.75625 0.9083333333333333
0 0.6 0.8083333333333333 0.609375 0.8083333333333333 0.615625 0.8138888888888889 0.634375 0.8111111111111111 0.6484375 0.825 0.6484375 0.8305555555555556 0.6578125 0.8444444444444444 0.65625 0.85 0.6484375 0.8472222222222222 0.64375 0.8416666666666667 0.6359375 0.8444444444444444 0.628125 0.8361111111111111 0.6171875 0.8333333333333334 0.6015625 0.8166666666666667 0.6 0.8111111111111111
0 0.6734375 0.8972222222222223 0.675 0.9 0.6765625 0.8972222222222223 0.6828125 0.9 0.690625 0.9083333333333333 0.70625 0.9333333333333333 0.7125 0.9388888888888889 0.728125 0.9416666666666667 0.728125 0.9527777777777777 0.7296875 0.9555555555555556 0.7296875 0.9722222222222222 0.725 0.9722222222222222 0.715625 0.9638888888888889 0.7078125 0.9611111111111111 0.7015625 0.9527777777777777 0.6859375 0.9416666666666667 0.684375 0.9388888888888889 0.6890625 0.9361111111111111 0.690625 0.9305555555555556 0.6734375 0.9
0 0.68125 0.8194444444444444 0.690625 0.8194444444444444 0.696875 0.825 0.7015625 0.825 0.70625 0.8305555555555556 0.7109375 0.8444444444444444 0.71875 0.8527777777777777 0.7171875 0.8583333333333333 0.7109375 0.8555555555555555 0.703125 0.8444444444444444 0.690625 0.8333333333333334 0.68125 0.8305555555555556 0.6796875 0.8277777777777777 0.68125 0.8222222222222222