0 0.4859375 0.7277777777777777 0.49375 0.7388888888888889 0.4953125 0.75 0.4921875 0.7555555555555555 0.4859375 0.7555555555555555 0.4765625 0.7472222222222222 0.4765625 0.7305555555555555 0.484375 0.7277777777777777
0 0.640625 0.9166666666666666 0.6546875 0.9194444444444444 0.6578125 0.9277777777777778 0.6703125 0.9416666666666667 0.675 0.9527777777777777 0.684375 0.9638888888888889 0.690625 0.9777777777777777 0.6890625 0.9833333333333333 0.6828125 0.975 0.675 0.9722222222222222 0.671875 0.9666666666666667 0.6609375 0.9611111111111111 0.65625 0.9472222222222222 0.640625 0.9194444444444444
0 0.4171875 0.7166666666666667 0.4125 0.7277777777777777 0.409375 0.7277777777777777 0.403125 0.7361111111111112 0.3875 0.7333333333333333 0.3859375 0.7305555555555555 0.390625 0.7222222222222222 0.40625 0.7138888888888889 0.415625 0.7166666666666667
0 0.378125 0.7083333333333334 0.3828125 0.7138888888888889 0.38125 0.7222222222222222 0.375 0.7305555555555555 0.3671875 0.7305555555555555 0.365625 0.7277777777777777 0.3640625 0.7305555555555555 0.35625 0.7305555555555555 0.35 0.725 0.3421875 0.725 0.340625 0.7222222222222222 0.3515625 0.7166666666666667 0.353125 0.7194444444444444 0.3625 0.7083333333333334 0.3765625 0.7083333333333334
0 0.4515625 0.7222222222222222 0.453125 0.725 0.453125 0.7361111111111112 0.4484375 0.7444444444444445 0.43125 0.7416666666666667 0.43125 0.7361111111111112 0.4390625 0.7222222222222222 0.45 0.7222222222222222
0 0.375 0.7388888888888889 0.3765625 0.7444444444444445 0.3625 0.7555555555555555 0.3578125 0.7638888888888888 0.346875 0.7694444444444445 0.321875 0.7944444444444444 0.3171875 0.7944444444444444 0.3109375 0.8027777777777778 0.2984375 0.8138888888888889 0.2875 0.8194444444444444 0.26875 0.8388888888888889 0.2546875 0.8472222222222222 0.2390625 0.8638888888888889 0.2359375 0.8638888888888889 0.21875 0.8805555555555555 0.2078125 0.8861111111111111 0.2046875 0.8916666666666667 0.1953125 0.8972222222222223 0.1796875 0.9138888888888889 0.1765625 0.9138888888888889 0.159375 0.9333333333333333 0.153125 0.9361111111111111 0.15 0.9333333333333333 0.1359375 0.9333333333333333 0.1296875 0.9305555555555556 0.1296875 0.9277777777777778 0.1515625 0.9083333333333333 0.159375 0.9055555555555556 0.165625 0.8972222222222223 0.1703125 0.8972222222222223 0.18125 0.8861111111111111 0.1890625 0.8833333333333333 0.1953125 0.875 0.2 0.875 0.209375 0.8638888888888889 0.23125 0.85 0.234375 0.8444444444444444 0.240625 0.8416666666666667 0.2578125 0.825 0.2625 0.825 0.2859375 0.8055555555555556 0.2890625 0.8 0.290625 0.8027777777777778 0.3078125 0.7861111111111111 0.315625 0.7833333333333333 0.31875 0.7777777777777778 0.3234375 0.7777777777777778 0.33125 0.7694444444444445 0.3421875 0.7638888888888888 0.35 0.7527777777777778 0.3515625 0.7555555555555555 0.359375 0.7472222222222222 0.3625 0.7472222222222222 0.365625 0.7416666666666667 0.3734375 0.7416666666666667
0 0.321875 0.7 0.3234375 0.7027777777777777 0.3265625 0.7 0.3359375 0.7 0.34375 0.7055555555555556 0.34375 0.7083333333333334 0.3375 0.7138888888888889 0.33125 0.7138888888888889 0.321875 0.7222222222222222 0.3140625 0.7138888888888889 0.3140625 0.7083333333333334 0.3203125 0.7
0 0.55625 0.7472222222222222 0.5828125 0.7666666666666667 0.5859375 0.775 0.578125 0.7777777777777778 0.5734375 0.7722222222222223 0.5625 0.7694444444444445 0.5546875 0.7583333333333333 0.553125 0.7527777777777778 0.5546875 0.75
0 0.5125 0.7361111111111112 0.525 0.7388888888888889 0.5375 0.7555555555555555 0.5359375 0.7611111111111111 0.5234375 0.7583333333333333 0.5171875 0.7527777777777778 0.5125 0.7388888888888889
0 0.440625 0.7194444444444444 0.4421875 0.7222222222222222 0.4546875 0.7222222222222222 0.459375 0.7305555555555555 0.4859375 0.7277777777777777 0.49375 0.7333333333333333 0.4984375 0.7444444444444445 0.5046875 0.7416666666666667 0.5078125 0.7444444444444445 0.509375 0.7416666666666667 0.5078125 0.7361111111111112 0.5140625 0.7361111111111112 0.515625 0.7333333333333333 0.51875 0.7388888888888889 0.5265625 0.7388888888888889 0.5328125 0.7472222222222222 0.5359375 0.7472222222222222 0.540625 0.7583333333333333 0.5453125 0.7583333333333333 0.546875 0.75 0.5578125 0.7472222222222222 0.5609375 0.7527777777777778 0.565625 0.7527777777777778 0.575 0.7611111111111111 0.603125 0.7638888888888888 0.60625 0.7694444444444445 0.615625 0.7694444444444445 0.6203125 0.775 0.6328125 0.7777777777777778 0.6390625 0.7833333333333333 0.6484375 0.7833333333333333 0.65 0.7861111111111111 0.6625 0.7888888888888889 0.671875 0.7972222222222223 0.678125 0.7972222222222223 0.6796875 0.8027777777777778 0.6765625 0.8 0.6703125 0.8027777777777778 0.6546875 0.8 0.646875 0.7916666666666666 0.61875 0.7888888888888889 0.6171875 0.7861111111111111 0.6046875 0.7833333333333333 0.6015625 0.7777777777777778 0.5984375 0.7805555555555556 0.5765625 0.7805555555555556 0.5734375 0.775 0.559375 0.775 0.54375 0.7666666666666667 0.5375 0.7722222222222223 0.5328125 0.7722222222222223 0.528125 0.7638888888888888 0.5265625 0.7666666666666667 0.5140625 0.7583333333333333 0.5 0.7583333333333333 0.4984375 0.7555555555555555 0.48125 0.7583333333333333 0.478125 0.7527777777777778 0.4671875 0.7555555555555555 0.459375 0.7472222222222222 0.4578125 0.7416666666666667 0.4546875 0.7416666666666667 0.45 0.7472222222222222 0.43125 0.7444444444444445 0.4296875 0.7361111111111112 0.4328125 0.7277777777777777 0.4328125 0.7222222222222222 0.4390625 0.7222222222222222
0 0.5984375 0.7694444444444445 0.5984375 0.7638888888888888 0.603125 0.7638888888888888 0.60625 0.7694444444444445 0.6140625 0.7694444444444445 0.6234375 0.7777777777777778 0.628125 0.7777777777777778 0.63125 0.7805555555555556 0.63125 0.7861111111111111 0.6125 0.7833333333333333 0.6078125 0.7777777777777778 0.6046875 0.7777777777777778 0.6 0.7694444444444445