0 0.2390625 0.5722222222222222 0.2296875 0.5805555555555556 0.2078125 0.5861111111111111 0.2015625 0.5916666666666667 0.165625 0.6027777777777777 0.159375 0.6083333333333333 0.1265625 0.6166666666666667 0.11875 0.6222222222222222 0.1 0.625 0.071875 0.6388888888888888 0.0453125 0.6444444444444445 0.034375 0.6527777777777778 0.0203125 0.6527777777777778 0.01875 0.6555555555555556 0.009375 0.6555555555555556 0 0.6611111111111111 0 0.6555555555555556 0.009375 0.65 0.0171875 0.65 0.03125 0.6416666666666667 0.040625 0.6416666666666667 0.059375 0.6333333333333333 0.0671875 0.6333333333333333 0.0734375 0.6277777777777778 0.0984375 0.6222222222222222 0.1109375 0.6138888888888889 0.1296875 0.6111111111111112 0.153125 0.5944444444444444 0.1703125 0.5972222222222222 0.171875 0.5944444444444444 0.178125 0.5944444444444444 0.18125 0.5861111111111111 0.1828125 0.5888888888888889 0.1921875 0.5888888888888889 0.209375 0.5777777777777777 0.2203125 0.5777777777777777 0.221875 0.575 0.234375 0.575 0.2375 0.5722222222222222
0 0.5078125 0.5694444444444444 0.5109375 0.5777777777777777 0.509375 0.5861111111111111 0.503125 0.575 0.50625 0.5694444444444444
0 0.628125 0.55 0.6203125 0.5638888888888889 0.6328125 0.5777777777777777 0.6515625 0.5861111111111111 0.6859375 0.6138888888888889 0.690625 0.6138888888888889 0.7171875 0.6333333333333333 0.7390625 0.6444444444444445 0.74375 0.65 0.75625 0.6555555555555556 0.7640625 0.6638888888888889 0.8203125 0.6972222222222222 0.8328125 0.7083333333333334 0.9015625 0.75 0.909375 0.7583333333333333 0.925 0.7666666666666667 0.9375 0.7777777777777778 0.9421875 0.7777777777777778 0.9625 0.7944444444444444 0.9953125 0.8138888888888889 0.9984375 0.8166666666666667 0.9984375 0.8305555555555556 0.9640625 0.8055555555555556 0.95625 0.8027777777777778 0.94375 0.7916666666666666 0.9359375 0.7888888888888889 0.8921875 0.7555555555555555 0.8828125 0.7527777777777778 0.8171875 0.7055555555555556 0.8125 0.7055555555555556 0.775 0.6777777777777778 0.7703125 0.6777777777777778 0.709375 0.6333333333333333 0.7046875 0.6333333333333333 0.7 0.6277777777777778 0.6859375 0.6222222222222222 0.64375 0.5888888888888889 0.628125 0.5805555555555556 0.61875 0.5722222222222222 0.615625 0.5638888888888889 0.6203125 0.5527777777777778 0.6265625 0.55
0 0.11875 0.6555555555555556 0.115625 0.6611111111111111 0.1015625 0.6694444444444444 0.084375 0.675 0.078125 0.6805555555555556 0.0734375 0.6805555555555556 0.0671875 0.6861111111111111 0.0421875 0.6972222222222222 0.03125 0.6972222222222222 0.0375 0.6916666666666667 0.065625 0.6805555555555556 0.071875 0.675 0.078125 0.675 0.10625 0.6583333333333333 0.1171875 0.6555555555555556
0 0.3078125 0.5638888888888889 0.309375 0.5666666666666667 0.303125 0.5722222222222222 0.29375 0.5722222222222222 0.29375 0.5694444444444444 0.30625 0.5638888888888889
0 0.175 0.6277777777777778 0.18125 0.6222222222222222 0.2203125 0.6055555555555555 0.21875 0.6111111111111112 0.2046875 0.6194444444444445 0.1765625 0.6305555555555555
0 0.346875 0.6138888888888889 0.3484375 0.6166666666666667 0.3625 0.6166666666666667 0.3609375 0.6222222222222222 0.2921875 0.6972222222222222 0.2828125 0.7111111111111111 0.259375 0.7333333333333333 0.2171875 0.7861111111111111 0.209375 0.7916666666666666 0.1875 0.8194444444444444 0.165625 0.8416666666666667 0.1328125 0.8833333333333333 0.1078125 0.9083333333333333 0.0984375 0.9222222222222223 0.0625 0.9611111111111111 0.040625 0.9888888888888889 0.034375 0.9944444444444445 0.0203125 0.9944444444444445 0.01875 0.9972222222222222 0.0171875 0.9944444444444445 0.003125 0.9944444444444445 0.0046875 0.9833333333333333 0.0078125 0.9833333333333333 0.01875 0.9694444444444444 0.021875 0.9694444444444444 0.04375 0.9416666666666667 0.0671875 0.9194444444444444 0.0734375 0.9083333333333333 0.0796875 0.9055555555555556 0.0859375 0.8944444444444445 0.084375 0.8916666666666667 0.078125 0.9 0.0734375 0.9 0.0703125 0.9055555555555556 0.0640625 0.9083333333333333 0.0359375 0.9416666666666667 0.0328125 0.9416666666666667 0.0203125 0.9555555555555556 0.0109375 0.9611111111111111 0 0.975 0 0.9416666666666667 0.00625 0.9388888888888889 0.0265625 0.9166666666666666 0.0328125 0.9138888888888889 0.0359375 0.9083333333333333 0.053125 0.8944444444444445 0.071875 0.8722222222222222 0.078125 0.8694444444444445 0.10625 0.8388888888888889 0.2078125 0.7444444444444445 0.21875 0.7305555555555555 0.2796875 0.675 0.296875 0.6555555555555556 0.328125 0.6277777777777778 0.33125 0.6222222222222222 0.340625 0.6138888888888889 0.3453125 0.6138888888888889
0 0.271875 0.5805555555555556 0.2734375 0.5833333333333334 0.271875 0.5861111111111111 0.259375 0.5944444444444444 0.2515625 0.5944444444444444 0.25 0.5972222222222222 0.246875 0.5972222222222222 0.246875 0.5944444444444444 0.2578125 0.5861111111111111 0.2703125 0.5833333333333334
0 0.5046875 0.5555555555555556 0.50625 0.5611111111111111 0.5046875 0.5666666666666667 0.5 0.5611111111111111 0.503125 0.5555555555555556
0 0.5203125 0.6444444444444445 0.5265625 0.6444444444444445 0.53125 0.6527777777777778 0.53125 0.6583333333333333 0.540625 0.6916666666666667 0.5390625 0.6972222222222222 0.534375 0.6972222222222222 0.528125 0.6888888888888889 0.525 0.6694444444444444 0.5203125 0.6555555555555556 0.5203125 0.6472222222222223
0 0.5453125 0.7583333333333333 0.55625 0.7583333333333333 0.5609375 0.7666666666666667 0.5640625 0.7833333333333333 0.5703125 0.8 0.5703125 0.8055555555555556 0.5921875 0.8861111111111111 0.5953125 0.8916666666666667 0.5953125 0.8972222222222223 0.603125 0.925 0.603125 0.9305555555555556 0.584375 0.9305555555555556 0.5796875 0.925 0.55625 0.8222222222222222 0.553125 0.8 0.5453125 0.7694444444444445 0.5453125 0.7611111111111111
0 0.509375 0.5972222222222222 0.515625 0.5972222222222222 0.5203125 0.6111111111111112 0.51875 0.6222222222222222 0.5140625 0.6194444444444445 0.509375 0.6
0 0.5453125 0.7583333333333333 0.55625 0.7583333333333333 0.5609375 0.7666666666666667 0.5609375 0.7722222222222223 0.5703125 0.8 0.575 0.825 0.578125 0.8305555555555556 0.603125 0.925 0.6015625 0.9305555555555556 0.584375 0.9305555555555556 0.5796875 0.9222222222222223 0.5703125 0.8861111111111111 0.5671875 0.8638888888888889 0.55625 0.8194444444444444 0.5453125 0.7611111111111111
0 0.49375 0.5277777777777778 0.496875 0.5277777777777778 0.503125 0.55 0.503125 0.5527777777777778 0.4984375 0.55 0.49375 0.5305555555555556