0 0.4171875 0.7805555555555556 0.41875 0.7861111111111111 0.4109375 0.8 0.3921875 0.825 0.38125 0.8444444444444444 0.375 0.85 0.3671875 0.85 0.3671875 0.8444444444444444 0.371875 0.8361111111111111 0.3859375 0.8166666666666667 0.390625 0.8138888888888889 0.4046875 0.7916666666666666 0.415625 0.7805555555555556
0 0.6609375 0.8527777777777777 0.6734375 0.8472222222222222 0.6765625 0.8527777777777777 0.6828125 0.8527777777777777 0.684375 0.8555555555555555 0.696875 0.8527777777777777 0.703125 0.8638888888888889 0.70625 0.8583333333333333 0.7203125 0.8722222222222222 0.71875 0.8777777777777778 0.721875 0.8888888888888888 0.725 0.8888888888888888 0.7296875 0.8805555555555555 0.7421875 0.8916666666666667 0.7453125 0.8916666666666667 0.7515625 0.9 0.75625 0.9 0.78125 0.925 0.7890625 0.9277777777777778 0.79375 0.9361111111111111 0.8015625 0.9416666666666667 0.8046875 0.9472222222222222 0.81875 0.9555555555555556 0.8296875 0.9694444444444444 0.834375 0.9694444444444444 0.8421875 0.9805555555555555 0.846875 0.9833333333333333 0.8484375 0.9888888888888889 0.846875 0.9944444444444445 0.8390625 0.9944444444444445 0.8375 0.9972222222222222 0.8359375 0.9944444444444445 0.7828125 0.9972222222222222 0.7734375 0.9805555555555555 0.7421875 0.9527777777777777 0.71875 0.9222222222222223 0.696875 0.9027777777777778 0.6875 0.8888888888888888 0.66875 0.8694444444444445 0.6609375 0.8555555555555555
0 0 0.9 0.01875 0.9027777777777778 0.01875 0.9083333333333333 0.015625 0.9111111111111111 0 0.9111111111111111 0 0.9027777777777778
0 0.675 0.8444444444444444 0.678125 0.8527777777777777 0.684375 0.8527777777777777 0.6859375 0.8555555555555555 0.696875 0.8527777777777777 0.7 0.8638888888888889 0.7078125 0.8638888888888889 0.709375 0.8611111111111112 0.715625 0.8722222222222222 0.7203125 0.8722222222222222 0.7171875 0.8777777777777778 0.721875 0.8888888888888888 0.725 0.8888888888888888 0.7265625 0.8833333333333333 0.7328125 0.8833333333333333 0.7359375 0.8861111111111111 0.7328125 0.8888888888888888 0.734375 0.8916666666666667 0.740625 0.8888888888888888 0.7609375 0.9055555555555556 0.7640625 0.9111111111111111 0.771875 0.9138888888888889 0.7796875 0.925 0.7875 0.9277777777777778 0.7953125 0.9388888888888889 0.809375 0.95 0.8125 0.9555555555555556 0.8203125 0.9583333333333334 0.8265625 0.9694444444444444 0.8359375 0.9722222222222222 0.840625 0.9805555555555555 0.8453125 0.9833333333333333 0.846875 0.9916666666666667 0.8375 0.9972222222222222 0.8359375 0.9944444444444445 0.78125 0.9972222222222222 0.7734375 0.9805555555555555 0.7421875 0.9527777777777777 0.7203125 0.925 0.715625 0.9222222222222223 0.7109375 0.9138888888888889 0.696875 0.9027777777777778 0.6828125 0.8833333333333333 0.66875 0.8694444444444445 0.6609375 0.8583333333333333 0.6609375 0.8527777777777777 0.6734375 0.8472222222222222
0 0 0.8638888888888889 0.059375 0.8611111111111112 0.0609375 0.8638888888888889 0.0859375 0.8638888888888889 0.090625 0.8694444444444445 0.0890625 0.8722222222222222 0.0734375 0.8722222222222222 0.071875 0.875 0.0671875 0.8722222222222222 0.065625 0.875 0.059375 0.875 0.0578125 0.8722222222222222 0.0234375 0.8722222222222222 0.021875 0.875 0.0203125 0.8722222222222222 0.015625 0.875 0.003125 0.8722222222222222 0 0.8777777777777778 0 0.8666666666666667
0 0.1953125 0.8083333333333333 0.196875 0.8111111111111111 0.2125 0.8111111111111111 0.2140625 0.8083333333333333 0.228125 0.8111111111111111 0.225 0.8166666666666667 0.2125 0.8194444444444444 0.2109375 0.8222222222222222 0.19375 0.8222222222222222 0.1921875 0.8194444444444444 0.15625 0.8222222222222222 0.153125 0.8194444444444444 0.1640625 0.8138888888888889 0.175 0.8138888888888889 0.1765625 0.8111111111111111 0.19375 0.8111111111111111
0 0.1265625 0.8277777777777777 0.1328125 0.8333333333333334 0.1421875 0.8361111111111111 0.14375 0.8444444444444444 0.140625 0.8472222222222222 0.0609375 0.8472222222222222 0.059375 0.8444444444444444 0.046875 0.85 0.0390625 0.85 0.0375 0.8472222222222222 0.0328125 0.85 0.025 0.8444444444444444 0.0125 0.8416666666666667 0.015625 0.8361111111111111 0.021875 0.8361111111111111 0.0234375 0.8333333333333334 0.05 0.8333333333333334 0.0515625 0.8305555555555556 0.0703125 0.8305555555555556 0.071875 0.8277777777777777 0.0828125 0.8277777777777777 0.084375 0.825 0.0921875 0.825 0.09375 0.8277777777777777 0.1109375 0.8277777777777777 0.1125 0.825 0.115625 0.8277777777777777 0.125 0.8277777777777777
0 0 0.8611111111111112 0.0734375 0.8611111111111112 0.075 0.8638888888888889 0.0890625 0.8638888888888889 0.0921875 0.8694444444444445 0.0921875 0.8722222222222222 0.0875 0.875 0.0484375 0.875 0.046875 0.8722222222222222 0.0453125 0.875 0.0390625 0.8722222222222222 0.0359375 0.875 0.003125 0.875 0.0015625 0.8777777777777778 0.003125 0.8861111111111111 0.0015625 0.8888888888888888 0.0046875 0.8972222222222223 0.0203125 0.9 0.021875 0.9055555555555556 0.01875 0.9111111111111111 0.0125 0.9138888888888889 0.00625 0.9138888888888889 0.0046875 0.9111111111111111 0 0.9138888888888889 0 0.8638888888888889
0 0.1015625 0.8305555555555556 0.103125 0.8333333333333334 0.10625 0.8305555555555556 0.1328125 0.8333333333333334 0.140625 0.8388888888888889 0.1421875 0.8416666666666667 0.140625 0.8444444444444444 0.0453125 0.8444444444444444 0.04375 0.8416666666666667 0.0203125 0.8416666666666667 0.021875 0.8361111111111111 0.0359375 0.8361111111111111 0.0375 0.8333333333333334 0.1 0.8305555555555556
0 0.0578125 0.8611111111111112 0.059375 0.8638888888888889 0.0875 0.8638888888888889 0.090625 0.8666666666666667 0.090625 0.8722222222222222 0 0.8722222222222222 0 0.8638888888888889 0.05625 0.8611111111111112
0 0.4265625 0.7638888888888888 0.421875 0.7805555555555556 0.4140625 0.7972222222222223 0.40625 0.8055555555555556 0.3765625 0.85 0.365625 0.85 0.365625 0.8472222222222222 0.4171875 0.7722222222222223 0.425 0.7638888888888888