0 0.434375 0.7916666666666666 0.046875 0.13333333333333333
0 0.546875 0.7305555555555555 0.5578125 0.75 0.5703125 0.7388888888888889 0.571875 0.7416666666666667 0.578125 0.7416666666666667 0.5828125 0.7361111111111112 0.6 0.7416666666666667 0.603125 0.7361111111111112 0.6140625 0.7361111111111112 0.615625 0.7333333333333333 0.6375 0.7333333333333333 0.6421875 0.7388888888888889 0.6484375 0.7388888888888889 0.65 0.7333333333333333 0.6515625 0.7361111111111112 0.66875 0.7333333333333333 0.6703125 0.7361111111111112 0.696875 0.7444444444444445 0.71875 0.7638888888888888 0.734375 0.7722222222222223 0.7421875 0.7805555555555556 0.740625 0.7861111111111111 0.7203125 0.7888888888888889 0.7125 0.8 0.7125 0.8083333333333333 0.71875 0.825 0.7265625 0.8305555555555556 0.7328125 0.8305555555555556 0.7359375 0.8472222222222222 0.7328125 0.85 0.7171875 0.8361111111111111 0.7109375 0.8361111111111111 0.7125 0.8333333333333334 0.7109375 0.8277777777777777 0.7078125 0.8277777777777777 0.6953125 0.8138888888888889 0.684375 0.8083333333333333 0.6765625 0.7972222222222223 0.6640625 0.7888888888888889 0.6515625 0.7722222222222223 0.64375 0.7694444444444445 0.634375 0.7583333333333333 0.628125 0.7555555555555555 0.621875 0.7638888888888888 0.6265625 0.775 0.63125 0.7777777777777778 0.65 0.8027777777777778 0.6625 0.8138888888888889 0.68125 0.8388888888888889 0.6890625 0.8444444444444444 0.696875 0.8444444444444444 0.6984375 0.8388888888888889 0.703125 0.8416666666666667 0.696875 0.8444444444444444 0.696875 0.85 0.703125 0.8583333333333333 0.7015625 0.8638888888888889 0.66875 0.8638888888888889 0.6640625 0.8611111111111112 0.6328125 0.8194444444444444 0.6203125 0.8083333333333333 0.615625 0.7972222222222223 0.6015625 0.7833333333333333 0.596875 0.7722222222222223 0.5921875 0.7694444444444445 0.5859375 0.7583333333333333 0.58125 0.7555555555555555 0.575 0.7583333333333333 0.5734375 0.7527777777777778 0.56875 0.75 0.565625 0.75 0.5609375 0.7555555555555555 0.565625 0.7611111111111111 0.56875 0.7722222222222223 0.615625 0.8555555555555555 0.615625 0.8611111111111112 0.584375 0.8611111111111112 0.5734375 0.8444444444444444 0.55625 0.8083333333333333 0.5484375 0.7861111111111111 0.5375 0.7694444444444445 0.5375 0.7583333333333333 0.534375 0.7555555555555555 0.528125 0.7388888888888889 0.5265625 0.7333333333333333 0.528125 0.725 0.5390625 0.725 0.5453125 0.7305555555555555
0 0.359375 0.9277777777777778 0.3625 0.925 0.5421875 0.925 0.54375 0.9277777777777778 0.7234375 0.9305555555555556 0.7234375 0.9527777777777777 0.3703125 0.95 0.36875 0.9472222222222222 0.35625 0.9472222222222222 0.3546875 0.9416666666666667 0.359375 0.9305555555555556
0 0.421875 0.725 0.4234375 0.7277777777777777 0.421875 0.7416666666666667 0.4171875 0.75 0.4125 0.7694444444444445 0.403125 0.7972222222222223 0.396875 0.8083333333333333 0.390625 0.8333333333333334 0.3875 0.8388888888888889 0.378125 0.8388888888888889 0.375 0.8361111111111111 0.375 0.8277777777777777 0.3796875 0.8138888888888889 0.3875 0.8055555555555556 0.390625 0.7861111111111111 0.4046875 0.7555555555555555 0.4140625 0.7277777777777777 0.4203125 0.725
0 0.49375 0.8555555555555555 0.4875 0.7722222222222223 0.4828125 0.7416666666666667 0.4828125 0.7305555555555555 0.484375 0.7277777777777777 0.4984375 0.7277777777777777 0.5015625 0.7333333333333333 0.5046875 0.7527777777777778 0.515625 0.7916666666666666 0.5203125 0.825 0.5234375 0.8333333333333334 0.5265625 0.8527777777777777 0.525 0.8583333333333333 0.4953125 0.8555555555555555
0 0.2984375 0.8166666666666667 0.3234375 0.7833333333333333 0.3328125 0.7805555555555556 0.340625 0.7611111111111111 0.3515625 0.7444444444444445 0.3609375 0.7361111111111112 0.36875 0.7222222222222222 0.375 0.7166666666666667 0.38125 0.7194444444444444 0.353125 0.7694444444444445 0.346875 0.7722222222222223 0.33125 0.8 0.325 0.8055555555555556 0.315625 0.8222222222222222 0.3 0.825 0.296875 0.8222222222222222 0.2984375 0.8194444444444444
0 0.36875 0.7805555555555556 0.06875 0.11666666666666667
0 0.0609375 0.7277777777777777 0.0703125 0.7361111111111112 0.0796875 0.7361111111111112 0.09375 0.7277777777777777 0.1515625 0.725 0.1515625 0.7555555555555555 0.15 0.7583333333333333 0.1484375 0.8027777777777778 0.140625 0.8083333333333333 0.1296875 0.8083333333333333 0.125 0.8166666666666667 0.115625 0.8166666666666667 0.1125 0.8222222222222222 0.10625 0.8194444444444444 0.0359375 0.8194444444444444 0.034375 0.8222222222222222 0.025 0.8222222222222222 0.0140625 0.8277777777777777 0 0.825 0 0.7555555555555555 0.0046875 0.75 0 0.7472222222222222 0 0.7305555555555555 0.0125 0.7305555555555555 0.015625 0.7361111111111112 0.0234375 0.7388888888888889 0.03125 0.7333333333333333 0.059375 0.7277777777777777
0 0.540625 0.925 0.5421875 0.9277777777777778 0.721875 0.9305555555555556 0.7234375 0.9333333333333333 0.7234375 0.9527777777777777 0.7203125 0.9555555555555556 0.70625 0.9555555555555556 0.7046875 0.9527777777777777 0.6875 0.9527777777777777 0.6859375 0.9555555555555556 0.684375 0.9527777777777777 0.6765625 0.9527777777777777 0.675 0.9555555555555556 0.671875 0.9527777777777777 0.6703125 0.9555555555555556 0.671875 0.9638888888888889 0.690625 0.9972222222222222 0.671875 0.9972222222222222 0.66875 0.9944444444444445 0.6625 0.9777777777777777 0.646875 0.9527777777777777 0.5921875 0.9527777777777777 0.5890625 0.9555555555555556 0.5875 0.9527777777777777 0.5046875 0.9527777777777777 0.503125 0.95 0.4015625 0.95 0.4 0.9527777777777777 0.39375 0.9527777777777777 0.3921875 0.95 0.35625 0.95 0.3546875 0.9416666666666667 0.359375 0.9277777777777778 0.3625 0.925 0.5390625 0.925
0 0.5390625 0.7277777777777777 0.546875 0.7333333333333333 0.5984375 0.825 0.615625 0.8611111111111112 0.5875 0.8611111111111112 0.58125 0.8583333333333333 0.575 0.8416666666666667 0.5578125 0.8083333333333333 0.5515625 0.7888888888888889 0.5453125 0.7777777777777778 0.53125 0.7416666666666667 0.528125 0.7305555555555555 0.5296875 0.7277777777777777 0.5375 0.7277777777777777
0 0.4953125 0.725 0.5015625 0.7305555555555555 0.5140625 0.7305555555555555 0.5265625 0.725 0.54375 0.725 0.5484375 0.7305555555555555 0.5515625 0.7305555555555555 0.553125 0.7388888888888889 0.559375 0.7416666666666667 0.5625 0.7416666666666667 0.5671875 0.7361111111111112 0.578125 0.7416666666666667 0.584375 0.7333333333333333 0.5984375 0.7416666666666667 0.6 0.7361111111111112 0.63125 0.7333333333333333 0.6328125 0.7305555555555555 0.634375 0.7333333333333333 0.671875 0.7333333333333333 0.678125 0.7388888888888889 0.684375 0.7388888888888889 0.703125 0.7472222222222222 0.71875 0.7638888888888888 0.7390625 0.775 0.7421875 0.7833333333333333 0.7328125 0.7888888888888889 0.7203125 0.7888888888888889 0.7109375 0.8027777777777778 0.7125 0.8138888888888889 0.7171875 0.825 0.725 0.8305555555555556 0.73125 0.8305555555555556 0.734375 0.85 0.721875 0.8388888888888889 0.709375 0.8388888888888889 0.7078125 0.8416666666666667 0.709375 0.8444444444444444 0.70625 0.85 0.7078125 0.8583333333333333 0.7015625 0.8638888888888889 0.66875 0.8638888888888889 0.6640625 0.8611111111111112 0.628125 0.8166666666666667 0.6234375 0.8166666666666667 0.615625 0.8083333333333333 0.615625 0.8027777777777778 0.6125 0.7972222222222223 0.60625 0.7944444444444444 0.5953125 0.775 0.5828125 0.7638888888888888 0.5796875 0.7638888888888888 0.575 0.7722222222222223 0.5765625 0.775 0.5828125 0.775 0.5796875 0.775 0.5765625 0.7833333333333333 0.58125 0.7861111111111111 0.5828125 0.7944444444444444 0.5859375 0.7972222222222223 0.5859375 0.8027777777777778 0.590625 0.8055555555555556 0.5984375 0.8222222222222222 0.6015625 0.8194444444444444 0.6 0.8222222222222222 0.6015625 0.8277777777777777 0.6125 0.8277777777777777 0.615625 0.8305555555555556 0.609375 0.8444444444444444 0.6171875 0.8583333333333333 0.6171875 0.8611111111111112 0.6125 0.8638888888888889 0.609375 0.8611111111111112 0.584375 0.8611111111111112 0.5765625 0.8527777777777777 0.5640625 0.8277777777777777 0.5609375 0.8277777777777777 0.5578125 0.8222222222222222 0.559375 0.8138888888888889 0.553125 0.8027777777777778 0.546875 0.8055555555555556 0.55 0.7972222222222223 0.5484375 0.7916666666666666 0.54375 0.8027777777777778 0.53125 0.8055555555555556 0.53125 0.8 0.540625 0.8 0.5421875 0.7916666666666666 0.5484375 0.7888888888888889 0.5390625 0.775 0.53125 0.7777777777777778 0.53125 0.7666666666666667 0.525 0.7611111111111111 0.51875 0.7638888888888888 0.5171875 0.7722222222222223 0.51875 0.7833333333333333 0.5234375 0.7888888888888889 0.521875 0.7944444444444444 0.5234375 0.8 0.521875 0.8083333333333333 0.5234375 0.8166666666666667 0.521875 0.8194444444444444 0.525 0.8277777777777777 0.525 0.8333333333333334 0.5296875 0.8416666666666667 0.528125 0.8583333333333333 0.4953125 0.8583333333333333 0.4890625 0.8472222222222222 0.490625 0.8361111111111111 0.4890625 0.8333333333333334 0.4890625 0.8 0.4875 0.7916666666666666 0.484375 0.7861111111111111 0.4765625 0.7861111111111111 0.475 0.7833333333333333 0.475 0.7805555555555556 0.478125 0.7805555555555556 0.4828125 0.775 0.478125 0.7638888888888888 0.471875 0.7638888888888888 0.4671875 0.7583333333333333 0.4671875 0.7527777777777778 0.4703125 0.75 0.46875 0.7472222222222222 0.4703125 0.7388888888888889 0.465625 0.7333333333333333 0.4625 0.7361111111111112 0.4625 0.7333333333333333 0.4671875 0.7333333333333333 0.475 0.725 0.478125 0.7277777777777777 0.490625 0.7277777777777777 0.49375 0.725
0 0.5796875 0.7416666666666667 0.590625 0.7416666666666667 0.6046875 0.75 0.6140625 0.7638888888888888 0.6359375 0.7861111111111111 0.6421875 0.7972222222222223 0.6546875 0.8083333333333333 0.7 0.8611111111111112 0.7 0.8638888888888889 0.6703125 0.8638888888888889 0.665625 0.8611111111111112 0.65625 0.8472222222222222 0.6515625 0.8444444444444444 0.6375 0.8222222222222222 0.6203125 0.8027777777777778 0.603125 0.775 0.5921875 0.7638888888888888 0.5859375 0.7527777777777778 0.5796875 0.7472222222222222 0.5796875 0.7444444444444445