0 0.4890625 0.8194444444444444 0.49375 0.8222222222222222 0.4953125 0.8277777777777777 0.496875 0.85 0.4984375 0.8527777777777777 0.5 0.8944444444444445 0.503125 0.9055555555555556 0.5046875 0.9527777777777777 0.5 0.9611111111111111 0.4421875 0.9611111111111111 0.4390625 0.9583333333333334 0.4390625 0.95 0.4484375 0.9027777777777778 0.446875 0.9 0.4484375 0.8972222222222223 0.4484375 0.8861111111111111 0.4609375 0.8277777777777777 0.4640625 0.8222222222222222 0.4875 0.8194444444444444
0 0.5734375 0.775 0.58125 0.775 0.5875 0.7833333333333333 0.6046875 0.7944444444444444 0.6078125 0.8 0.6078125 0.8027777777777778 0.603125 0.8027777777777778 0.5921875 0.7972222222222223 0.5734375 0.7777777777777778
0 0.325 0.8305555555555556 0.3265625 0.8361111111111111 0.321875 0.8416666666666667 0.290625 0.8638888888888889 0.278125 0.8638888888888889 0.2765625 0.8611111111111112 0.284375 0.8472222222222222 0.29375 0.8388888888888889 0.30625 0.8333333333333334 0.3203125 0.8333333333333334 0.3234375 0.8305555555555556
0 0.409375 0.8277777777777777 0.409375 0.8333333333333334 0.390625 0.8638888888888889 0.3703125 0.9027777777777778 0.3640625 0.9194444444444444 0.359375 0.9277777777777778 0.3484375 0.9388888888888889 0.3453125 0.9527777777777777 0.340625 0.9611111111111111 0.3234375 0.9694444444444444 0.2875 0.9666666666666667 0.28125 0.9611111111111111 0.2828125 0.9527777777777777 0.31875 0.9083333333333333 0.35625 0.8527777777777777 0.365625 0.8472222222222222 0.3828125 0.8277777777777777 0.3890625 0.825 0.403125 0.825 0.4078125 0.8277777777777777
0 0.815625 0.8555555555555555 0.8453125 0.8722222222222222 0.88125 0.8861111111111111 0.8984375 0.8972222222222223 0.9109375 0.9 0.946875 0.925 0.95 0.9222222222222223 0.9875 0.9444444444444444 0.9890625 0.95 0.9515625 0.95 0.95 0.9527777777777777 0.928125 0.9472222222222222 0.9234375 0.9416666666666667 0.90625 0.9333333333333333 0.8890625 0.9194444444444444 0.871875 0.9138888888888889 0.8625 0.9055555555555556 0.859375 0.9083333333333333 0.8546875 0.9027777777777778 0.83125 0.8916666666666667 0.8046875 0.8722222222222222 0.7890625 0.8666666666666667 0.784375 0.8611111111111112 0.778125 0.8611111111111112 0.7765625 0.8583333333333333 0.778125 0.8555555555555555 0.8140625 0.8555555555555555
0 0.075 0.8388888888888889 0.078125 0.8416666666666667 0.0765625 0.8472222222222222 0.05625 0.8555555555555555 0.0515625 0.8611111111111112 0.025 0.8666666666666667 0.0140625 0.875 0.003125 0.875 0.003125 0.8583333333333333 0.009375 0.8583333333333333 0.021875 0.85 0.040625 0.85 0.0453125 0.8444444444444444 0.0515625 0.8444444444444444 0.059375 0.8388888888888889 0.0734375 0.8388888888888889
0 0.5625 0.8194444444444444 0.5671875 0.825 0.5796875 0.825 0.5921875 0.8388888888888889 0.6515625 0.925 0.6609375 0.9444444444444444 0.6625 0.9555555555555556 0.6015625 0.9555555555555556 0.5984375 0.9527777777777777 0.5875 0.9138888888888889 0.5828125 0.9083333333333333 0.5765625 0.8916666666666667 0.565625 0.8722222222222222 0.55 0.8333333333333334 0.5484375 0.8277777777777777 0.55 0.8194444444444444 0.5609375 0.8194444444444444
0 0.2453125 0.8333333333333334 0.2453125 0.8361111111111111 0.240625 0.8388888888888889 0.2328125 0.85 0.21875 0.8583333333333333 0.2125 0.8583333333333333 0.19375 0.8722222222222222 0.1890625 0.8722222222222222 0.1703125 0.8833333333333333 0.165625 0.8888888888888888 0.146875 0.8972222222222223 0.14375 0.9027777777777778 0.121875 0.9111111111111111 0.1125 0.9194444444444444 0.096875 0.925 0.090625 0.9305555555555556 0.0640625 0.9361111111111111 0.0578125 0.9388888888888889 0.0546875 0.9444444444444444 0.046875 0.9444444444444444 0.0359375 0.95 0.021875 0.9694444444444444 0.015625 0.975 0.0078125 0.975 0.00625 0.9777777777777777 0.0046875 0.9777777777777777 0.0046875 0.9444444444444444 0.0234375 0.9388888888888889 0.0328125 0.9305555555555556 0.05 0.925 0.053125 0.9194444444444444 0.071875 0.9138888888888889 0.0859375 0.9027777777777778 0.09375 0.9027777777777778 0.1 0.8972222222222223 0.10625 0.8972222222222223 0.125 0.8888888888888888 0.1390625 0.8805555555555555 0.1453125 0.8722222222222222 0.1515625 0.8722222222222222 0.171875 0.8583333333333333 0.1796875 0.8583333333333333 0.1953125 0.8472222222222222 0.20625 0.8444444444444444 0.2109375 0.8388888888888889 0.24375 0.8333333333333334
0 0.41875 0.7777777777777778 0.4 0.8111111111111111 0.3953125 0.8111111111111111 0.396875 0.8027777777777778 0.4125 0.7777777777777778 0.4171875 0.7777777777777778
0 0.1546875 0.8361111111111111 0.15625 0.8388888888888889 0.1546875 0.8444444444444444 0.146875 0.8472222222222222 0.1390625 0.8555555555555555 0.1265625 0.8611111111111112 0.11875 0.8611111111111112 0.1140625 0.8666666666666667 0.1046875 0.8666666666666667 0.0984375 0.8722222222222222 0.0859375 0.875 0.075 0.8833333333333333 0.0578125 0.8861111111111111 0.0546875 0.8916666666666667 0.05 0.8916666666666667 0.0265625 0.9055555555555556 0.0171875 0.9055555555555556 0.00625 0.9138888888888889 0.003125 0.9083333333333333 0.003125 0.8944444444444445 0.046875 0.8805555555555555 0.0625 0.8666666666666667 0.0875 0.8611111111111112 0.103125 0.85 0.1046875 0.8444444444444444 0.1078125 0.8472222222222222 0.1265625 0.8388888888888889 0.153125 0.8361111111111111
0 0.7109375 0.8138888888888889 0.7234375 0.8111111111111111 0.7296875 0.8166666666666667 0.7359375 0.8166666666666667 0.759375 0.8277777777777777 0.7640625 0.8333333333333334 0.7703125 0.85 0.7765625 0.8555555555555555 0.784375 0.8555555555555555 0.7859375 0.8583333333333333 0.815625 0.8555555555555555 0.8171875 0.8583333333333333 0.8375 0.8611111111111112 0.846875 0.8722222222222222 0.8546875 0.8722222222222222 0.8734375 0.8805555555555555 0.8890625 0.8916666666666667 0.9078125 0.8944444444444445 0.921875 0.9083333333333333 0.934375 0.9138888888888889 0.9390625 0.9194444444444444 0.953125 0.9222222222222223 0.9625 0.9305555555555556 0.971875 0.9333333333333333 0.9796875 0.9416666666666667 0.9859375 0.9416666666666667 0.990625 0.9472222222222222 0.9890625 0.95 0.9515625 0.95 0.95 0.9527777777777777 0.9296875 0.95 0.8890625 0.9222222222222223 0.875 0.9194444444444444 0.871875 0.9138888888888889 0.8625 0.9083333333333333 0.8546875 0.9083333333333333 0.8453125 0.9 0.8390625 0.9 0.8328125 0.8916666666666667 0.828125 0.8916666666666667 0.8125 0.8777777777777778 0.80625 0.8777777777777778 0.790625 0.8666666666666667 0.778125 0.8666666666666667 0.775 0.8555555555555555 0.7640625 0.8555555555555555 0.7609375 0.85 0.7515625 0.8444444444444444 0.75 0.8388888888888889 0.7453125 0.8388888888888889 0.740625 0.8333333333333334 0.715625 0.8222222222222222 0.7109375 0.8166666666666667
0 0.628125 0.8194444444444444 0.6296875 0.8166666666666667 0.653125 0.8166666666666667 0.6546875 0.8194444444444444 0.6609375 0.8194444444444444 0.6703125 0.8305555555555556 0.6828125 0.8333333333333334 0.721875 0.8666666666666667 0.7453125 0.8805555555555555 0.76875 0.9027777777777778 0.7703125 0.9 0.821875 0.9416666666666667 0.8234375 0.9472222222222222 0.7734375 0.9472222222222222 0.771875 0.95 0.7625 0.9472222222222222 0.7546875 0.9361111111111111 0.74375 0.9277777777777778 0.721875 0.9027777777777778 0.71875 0.9027777777777778 0.684375 0.8694444444444445 0.68125 0.8694444444444445 0.6703125 0.8583333333333333 0.6625 0.8555555555555555 0.6546875 0.8444444444444444 0.6296875 0.8222222222222222
0 0.2703125 0.8833333333333333 0.2671875 0.8888888888888888 0.259375 0.8888888888888888 0.253125 0.8944444444444445 0.2453125 0.8944444444444445 0.2421875 0.9 0.2375 0.9 0.234375 0.9055555555555556 0.2359375 0.9138888888888889 0.23125 0.9222222222222223 0.2171875 0.9361111111111111 0.2109375 0.9472222222222222 0.1984375 0.95 0.1890625 0.9555555555555556 0.1859375 0.9611111111111111 0.16875 0.9694444444444444 0.153125 0.9694444444444444 0.1453125 0.975 0.121875 0.975 0.1203125 0.9777777777777777 0.1125 0.975 0.115625 0.9694444444444444 0.1234375 0.9666666666666667 0.134375 0.9555555555555556 0.140625 0.9527777777777777 0.14375 0.9472222222222222 0.1515625 0.9444444444444444 0.1640625 0.9333333333333333 0.16875 0.9333333333333333 0.1765625 0.925 0.18125 0.925 0.1859375 0.9194444444444444 0.1953125 0.9194444444444444 0.2 0.9138888888888889 0.2078125 0.9194444444444444 0.2125 0.9138888888888889 0.2203125 0.9138888888888889 0.2234375 0.9083333333333333 0.215625 0.9 0.221875 0.8972222222222223 0.2328125 0.8833333333333333 0.2375 0.8805555555555555 0.2671875 0.8805555555555555 0.26875 0.8833333333333333