0 0.6703125 0.6888888888888889 0.696875 0.6972222222222222 0.70625 0.7055555555555556 0.7375 0.7194444444444444 0.7578125 0.725 0.7671875 0.7333333333333333 0.78125 0.7361111111111112 0.7984375 0.7472222222222222 0.8109375 0.75 0.8234375 0.7583333333333333 0.859375 0.7722222222222223 0.865625 0.7777777777777778 0.871875 0.7777777777777778 0.9046875 0.7944444444444444 0.9109375 0.7944444444444444 0.921875 0.8027777777777778 0.9328125 0.8055555555555556 0.9390625 0.8111111111111111 0.9671875 0.8222222222222222 0.9734375 0.8277777777777777 0.9984375 0.8361111111111111 0.9984375 0.85 0.99375 0.85 0.975 0.8388888888888889 0.9640625 0.8361111111111111 0.9578125 0.8305555555555556 0.953125 0.8305555555555556 0.946875 0.825 0.9296875 0.8194444444444444 0.91875 0.8111111111111111 0.9125 0.8111111111111111 0.90625 0.8055555555555556 0.871875 0.7916666666666666 0.865625 0.7861111111111111 0.7765625 0.7472222222222222 0.765625 0.7388888888888889 0.746875 0.7333333333333333 0.715625 0.7138888888888889 0.709375 0.7138888888888889 0.690625 0.7027777777777777 0.6796875 0.7 0.6703125 0.6916666666666667
0 0 0.7166666666666667 0.009375 0.7166666666666667 0.028125 0.7083333333333334 0.0421875 0.7083333333333334 0.04375 0.7055555555555556 0.0828125 0.6972222222222222 0.0828125 0.7 0.0640625 0.7083333333333334 0.0453125 0.7111111111111111 0.04375 0.7138888888888889 0.0359375 0.7138888888888889 0.025 0.7194444444444444 0.0046875 0.7222222222222222 0.003125 0.725 0 0.725 0 0.7194444444444444
0 0.4203125 0.6611111111111111 0.4203125 0.6666666666666666 0.4125 0.675 0.4015625 0.6944444444444444 0.3953125 0.7 0.3765625 0.7277777777777777 0.371875 0.7305555555555555 0.3703125 0.7361111111111112 0.3546875 0.7555555555555555 0.3390625 0.7805555555555556 0.3328125 0.7861111111111111 0.2828125 0.8555555555555555 0.2703125 0.8694444444444445 0.259375 0.8888888888888888 0.2359375 0.9166666666666666 0.21875 0.9444444444444444 0.2 0.9666666666666667 0.1859375 0.9888888888888889 0.178125 0.9972222222222222 0.1625 0.9972222222222222 0.1625 0.9944444444444445 0.2328125 0.9 0.2453125 0.8888888888888888 0.25 0.8777777777777778 0.2640625 0.8583333333333333 0.334375 0.7722222222222223 0.365625 0.7277777777777777 0.3890625 0.7 0.409375 0.6694444444444444 0.41875 0.6638888888888889
0 0.5140625 0.6888888888888889 0.5171875 0.6888888888888889 0.5234375 0.7 0.5234375 0.7027777777777777 0.5203125 0.7027777777777777 0.5140625 0.6916666666666667
0 0.1578125 0.8222222222222222 0.159375 0.825 0.15625 0.8305555555555556 0.1421875 0.8388888888888889 0.1203125 0.8583333333333333 0.1140625 0.8583333333333333 0.1125 0.8611111111111112 0.10625 0.8583333333333333 0.1078125 0.8527777777777777 0.1421875 0.8277777777777777 0.15625 0.8222222222222222
0 0 0.8222222222222222 0.0015625 0.8138888888888889 0.0109375 0.8083333333333333 0.021875 0.8055555555555556 0.0515625 0.7888888888888889 0.0578125 0.7888888888888889 0.0859375 0.7722222222222223 0.1421875 0.7472222222222222 0.153125 0.7388888888888889 0.171875 0.7333333333333333 0.1890625 0.7222222222222222 0.20625 0.7166666666666667 0.2125 0.7111111111111111 0.2296875 0.7055555555555556 0.2546875 0.6916666666666667 0.2609375 0.6916666666666667 0.284375 0.6777777777777778 0.2875 0.6805555555555556 0.2875 0.6916666666666667 0.284375 0.6944444444444444 0.278125 0.6944444444444444 0.2671875 0.7027777777777777 0.25625 0.7055555555555556 0.2359375 0.7194444444444444 0.1984375 0.7361111111111112 0.1734375 0.7527777777777778 0.1625 0.7555555555555555 0.115625 0.7833333333333333 0.09375 0.7916666666666666 0.0609375 0.8111111111111111 0.05625 0.8111111111111111 0.009375 0.8388888888888889 0 0.8416666666666667 0 0.8333333333333334 0.003125 0.8305555555555556 0.01875 0.825 0.0234375 0.8194444444444444 0.028125 0.8194444444444444 0.0328125 0.8138888888888889 0.0375 0.8138888888888889 0.0546875 0.8027777777777778 0.053125 0.8 0.0453125 0.8 0.040625 0.8055555555555556 0.021875 0.8138888888888889 0.015625 0.8138888888888889 0.0015625 0.8222222222222222
0 0.2609375 0.75 0.2578125 0.7555555555555555 0.2453125 0.7638888888888888 0.2421875 0.7638888888888888 0.240625 0.7583333333333333 0.2515625 0.75 0.259375 0.75
0 0.1859375 0.6944444444444444 0.190625 0.6944444444444444 0.1859375 0.6972222222222222 0.1796875 0.6972222222222222 0.1609375 0.7083333333333334 0.134375 0.7138888888888889 0.121875 0.7222222222222222 0.09375 0.7277777777777777 0.0625 0.7416666666666667 0.053125 0.7416666666666667 0.0515625 0.7444444444444445 0.0453125 0.7444444444444445 0.04375 0.7472222222222222 0.0375 0.7472222222222222 0.0125 0.7583333333333333 0.0046875 0.7583333333333333 0.003125 0.7611111111111111 0 0.7611111111111111 0 0.7555555555555555 0.0078125 0.75 0.0328125 0.7444444444444445 0.034375 0.7416666666666667 0.040625 0.7416666666666667 0.0640625 0.7305555555555555 0.071875 0.7305555555555555 0.0890625 0.7222222222222222 0.10625 0.7194444444444444 0.121875 0.7111111111111111 0.1328125 0.7111111111111111 0.1421875 0.7055555555555556 0.15 0.7055555555555556 0.1734375 0.6944444444444444 0.184375 0.6944444444444444
0 0.6859375 0.7555555555555555 0.6921875 0.7555555555555555 0.70625 0.7638888888888888 0.734375 0.7861111111111111 0.734375 0.7888888888888889 0.7265625 0.7888888888888889 0.721875 0.7833333333333333 0.7015625 0.7722222222222223 0.6875 0.7583333333333333
0 0.5453125 0.7527777777777778 0.55 0.7527777777777778 0.565625 0.7805555555555556 0.565625 0.7861111111111111 0.559375 0.7861111111111111 0.55 0.7694444444444445 0.5453125 0.7555555555555555
0 0.6015625 0.6916666666666667 0.609375 0.6944444444444444 0.6234375 0.7055555555555556 0.6234375 0.7083333333333334 0.6171875 0.7083333333333334 0.6015625 0.6944444444444444