0 0.0859375 0.7361111111111112 0.08125 0.7416666666666667 0.0625 0.7472222222222222 0.0609375 0.75 0.0515625 0.75 0.05 0.7527777777777778 0.0484375 0.75 0.0359375 0.75 0.04375 0.7444444444444445 0.0640625 0.7416666666666667 0.0703125 0.7361111111111112 0.084375 0.7361111111111112
0 0.5671875 0.8638888888888889 0.575 0.8638888888888889 0.5796875 0.8694444444444445 0.5984375 0.9027777777777778 0.596875 0.9083333333333333 0.5890625 0.9083333333333333 0.5796875 0.8944444444444445 0.5671875 0.8666666666666667
0 0.49375 0.7333333333333333 0.496875 0.7333333333333333 0.503125 0.7416666666666667 0.5015625 0.7472222222222222 0.4984375 0.7472222222222222 0.49375 0.7416666666666667 0.49375 0.7361111111111112
0 0.621875 0.9444444444444444 0.65625 0.9972222222222222 0.6359375 0.9972222222222222 0.6109375 0.95 0.6125 0.9444444444444444 0.6203125 0.9444444444444444
0 0.28125 0.8333333333333334 0.28125 0.825 0.29375 0.8 0.3 0.8027777777777778 0.2984375 0.8138888888888889 0.2890625 0.8333333333333334 0.2828125 0.8333333333333334
0 0.303125 0.6722222222222223 0.296875 0.6777777777777778 0.284375 0.6777777777777778 0.2828125 0.675 0.2875 0.6722222222222223 0.3015625 0.6722222222222223
0 0 0.8611111111111112 0.0015625 0.85 0.0375 0.8333333333333334 0.0453125 0.8333333333333334 0.046875 0.8388888888888889 0.0015625 0.8611111111111112
0 0.3 0.7166666666666667 0.2984375 0.7222222222222222 0.29375 0.725 0.2875 0.725 0.2875 0.7194444444444444 0.2984375 0.7166666666666667
0 0.13125 0.7194444444444444 0.1328125 0.725 0.1265625 0.7277777777777777 0.1109375 0.7277777777777777 0.1109375 0.725 0.121875 0.7194444444444444 0.1296875 0.7194444444444444
0 0.2734375 0.8527777777777777 0.275 0.8583333333333333 0.271875 0.8694444444444445 0.259375 0.8916666666666667 0.25 0.8916666666666667 0.25 0.8833333333333333 0.2671875 0.8527777777777777 0.271875 0.8527777777777777
0 0.3203125 0.7027777777777777 0.3234375 0.7055555555555556 0.31875 0.7138888888888889 0.3125 0.7111111111111111 0.3140625 0.7055555555555556 0.31875 0.7027777777777777
0 0.2390625 0.7416666666666667 0.2546875 0.7305555555555555 0.271875 0.7277777777777777 0.271875 0.7305555555555555 0.2578125 0.7388888888888889 0.2546875 0.7444444444444445 0.2484375 0.7444444444444445 0.246875 0.7472222222222222 0.2390625 0.7444444444444445
0 0.3265625 0.7388888888888889 0.328125 0.7444444444444445 0.321875 0.7555555555555555 0.31875 0.7555555555555555 0.3171875 0.7472222222222222 0.325 0.7388888888888889
0 0.3140625 0.7638888888888888 0.3171875 0.7666666666666667 0.3171875 0.7722222222222223 0.3140625 0.7805555555555556 0.3078125 0.7861111111111111 0.3015625 0.7861111111111111 0.3015625 0.7805555555555556 0.3125 0.7666666666666667
0 0.4796875 0.6916666666666667 0.48125 0.6972222222222222 0.475 0.6972222222222222 0.4734375 0.6916666666666667 0.475 0.6888888888888889 0.478125 0.6916666666666667
0 0.503125 0.7527777777777778 0.5078125 0.7527777777777778 0.515625 0.7638888888888888 0.515625 0.7694444444444445 0.5125 0.7722222222222223 0.503125 0.7555555555555555
0 0.2125 0.7555555555555555 0.2140625 0.7611111111111111 0.1953125 0.7722222222222223 0.1890625 0.775 0.178125 0.775 0.178125 0.7722222222222223 0.203125 0.7583333333333333 0.2109375 0.7583333333333333
0 0.1484375 0.7916666666666666 0.146875 0.7972222222222223 0.1421875 0.8 0.1328125 0.8 0.103125 0.8166666666666667 0.0953125 0.8166666666666667 0.09375 0.8138888888888889 0.1046875 0.8055555555555556 0.1359375 0.7916666666666666 0.146875 0.7916666666666666
0 0.51875 0.7833333333333333 0.521875 0.7805555555555556 0.5265625 0.7833333333333333 0.5359375 0.8 0.534375 0.8055555555555556 0.5296875 0.8055555555555556 0.51875 0.7861111111111111
0 0.34375 0.7027777777777777 0.3453125 0.7055555555555556 0.34375 0.7138888888888889 0.3375 0.7166666666666667 0.3375 0.7055555555555556 0.3421875 0.7055555555555556
0 0.6109375 0.9444444444444444 0.621875 0.9444444444444444 0.625 0.9472222222222222 0.65625 0.9972222222222222 0.634375 0.9972222222222222 0.6234375 0.9722222222222222 0.6140625 0.9583333333333334 0.6109375 0.9472222222222222
0 0.33203125 0.725 0.009375 0.016666666666666666
0 0.4875 0.7194444444444444 0.4921875 0.7194444444444444 0.4953125 0.725 0.4953125 0.7305555555555555 0.490625 0.7305555555555555 0.4875 0.7222222222222222
0 0.2296875 0.9333333333333333 0.23125 0.9361111111111111 0.2375 0.9361111111111111 0.2375 0.9388888888888889 0.2265625 0.9666666666666667 0.21875 0.9777777777777777 0.215625 0.9888888888888889 0.2 0.9888888888888889 0.2 0.9833333333333333 0.2109375 0.9583333333333334 0.2234375 0.9361111111111111 0.228125 0.9333333333333333
0 0.5421875 0.825 0.5515625 0.825 0.5625 0.8444444444444444 0.5625 0.85 0.5546875 0.85 0.5421875 0.8277777777777777