0 0.196875 0.8194444444444444 0.1984375 0.8194444444444444 0.196875 0.8222222222222222 0.178125 0.8305555555555556 0.1765625 0.8277777777777777 0.1609375 0.8277777777777777 0.159375 0.8305555555555556 0.1078125 0.8333333333333334 0.10625 0.8361111111111111 0.0921875 0.8333333333333334 0.084375 0.8388888888888889 0.0828125 0.8361111111111111 0.078125 0.8388888888888889 0.0765625 0.8361111111111111 0.0171875 0.8388888888888889 0.0140625 0.85 0.009375 0.85 0.0125 0.8444444444444444 0.009375 0.8388888888888889 0 0.8388888888888889 0 0.8277777777777777 0.0484375 0.8277777777777777 0.05 0.825 0.1421875 0.8222222222222222 0.14375 0.8194444444444444 0.1953125 0.8194444444444444
0 0.4265625 0.8444444444444444 0.43125 0.8472222222222222 0.428125 0.8611111111111112 0.40625 0.9166666666666666 0.4 0.9388888888888889 0.39375 0.95 0.390625 0.9694444444444444 0.3796875 0.9972222222222222 0.3109375 0.9972222222222222 0.309375 0.9944444444444445 0.3921875 0.8472222222222222 0.3953125 0.8444444444444444 0.425 0.8444444444444444
0 0.0390625 0.8777777777777778 0.0375 0.8833333333333333 0.00625 0.8972222222222223 0.0015625 0.9027777777777778 0 0.9027777777777778 0 0.8805555555555555 0.0375 0.8777777777777778
0 0.6671875 0.85 0.703125 0.85 0.709375 0.8583333333333333 0.7125 0.8583333333333333 0.7625 0.9027777777777778 0.765625 0.9027777777777778 0.7953125 0.9277777777777778 0.8109375 0.9472222222222222 0.8203125 0.9527777777777777 0.8265625 0.9527777777777777 0.8390625 0.9611111111111111 0.8765625 0.9944444444444445 0.8765625 0.9972222222222222 0.85 0.9972222222222222 0.8484375 0.9944444444444445 0.8453125 0.9972222222222222 0.821875 0.9972222222222222 0.8203125 0.9944444444444445 0.8078125 0.9916666666666667 0.784375 0.9694444444444444 0.7765625 0.9583333333333334 0.759375 0.9444444444444444 0.75 0.9305555555555556 0.7421875 0.9277777777777778 0.7390625 0.9222222222222223 0.725 0.9111111111111111 0.7109375 0.8944444444444445 0.6984375 0.8861111111111111 0.690625 0.875 0.6765625 0.8611111111111112 0.6734375 0.8611111111111112 0.6671875 0.8527777777777777
0 0.51171875 0.9236111111111112 0.0703125 0.1527777777777778
0 0.10625 0.8777777777777778 0.0953125 0.8972222222222223 0.08125 0.9055555555555556 0.071875 0.9166666666666666 0.0578125 0.925 0.0390625 0.9305555555555556 0.0296875 0.9388888888888889 0.0046875 0.95 0.0015625 0.9555555555555556 0.0015625 0.9638888888888889 0 0.9638888888888889 0 0.9083333333333333 0.0015625 0.9083333333333333 0.0015625 0.9138888888888889 0.0046875 0.9194444444444444 0.0140625 0.9194444444444444 0.0328125 0.9111111111111111 0.04375 0.9027777777777778 0.0671875 0.8944444444444445 0.08125 0.8833333333333333 0.09375 0.8777777777777778 0.1046875 0.8777777777777778
0 0.0609375 0.8222222222222222 0.09375 0.8055555555555556 0.1 0.8055555555555556 0.10625 0.8 0.1140625 0.8 0.115625 0.7972222222222223 0.1375 0.7916666666666666 0.1453125 0.7861111111111111 0.175 0.7777777777777778 0.18125 0.7722222222222223 0.190625 0.7722222222222223 0.1984375 0.7666666666666667 0.2203125 0.7611111111111111 0.2515625 0.7472222222222222 0.2609375 0.7472222222222222 0.271875 0.7388888888888889 0.2796875 0.7388888888888889 0.290625 0.7333333333333333 0.3015625 0.7333333333333333 0.3015625 0.7361111111111112 0.284375 0.7416666666666667 0.2734375 0.75 0.2609375 0.75 0.2421875 0.7611111111111111 0.228125 0.7638888888888888 0.2140625 0.7722222222222223 0.184375 0.7805555555555556 0.1765625 0.7861111111111111 0.1671875 0.7861111111111111 0.13125 0.8027777777777778 0.121875 0.8027777777777778 0.1171875 0.8083333333333333 0.1109375 0.8083333333333333 0.109375 0.8111111111111111 0.084375 0.8166666666666667 0.078125 0.8222222222222222 0.0625 0.8222222222222222
0 0.34375 0.6944444444444444 0.3453125 0.7 0.3703125 0.6972222222222222 0.371875 0.7 0.371875 0.7111111111111111 0.359375 0.7138888888888889 0.3578125 0.7166666666666667 0.321875 0.7166666666666667 0.3203125 0.7194444444444444 0.2546875 0.7194444444444444 0.25625 0.7166666666666667 0.2734375 0.7138888888888889 0.29375 0.7 0.315625 0.7 0.3171875 0.7055555555555556 0.3234375 0.7055555555555556 0.328125 0.7 0.3421875 0.6944444444444444
0 0.196875 0.8194444444444444 0.2 0.8194444444444444 0.1875 0.8277777777777777 0.1359375 0.8305555555555556 0.134375 0.8333333333333334 0.0859375 0.8333333333333334 0.084375 0.8361111111111111 0.0234375 0.8361111111111111 0.021875 0.8388888888888889 0 0.8388888888888889 0 0.8277777777777777 0.09375 0.825 0.0953125 0.8222222222222222 0.1359375 0.8222222222222222 0.1375 0.8194444444444444 0.1953125 0.8194444444444444
0 0.6671875 0.85 0.703125 0.85 0.709375 0.8583333333333333 0.7171875 0.8611111111111112 0.7296875 0.875 0.7375 0.8777777777777778 0.746875 0.8888888888888888 0.75 0.8888888888888888 0.7734375 0.9111111111111111 0.7765625 0.9111111111111111 0.7796875 0.9166666666666666 0.7921875 0.925 0.8078125 0.9444444444444444 0.8203125 0.9527777777777777 0.8359375 0.9583333333333334 0.878125 0.9944444444444445 0.878125 0.9972222222222222 0.8140625 0.9972222222222222 0.809375 0.9944444444444445 0.8 0.9833333333333333 0.7765625 0.9638888888888889 0.76875 0.9527777777777777 0.7625 0.95 0.7546875 0.9388888888888889 0.74375 0.9305555555555556 0.7265625 0.9111111111111111 0.7203125 0.9083333333333333 0.709375 0.8944444444444445 0.671875 0.8611111111111112 0.6671875 0.8527777777777777
0 0.5796875 0.85 0.584375 0.8472222222222222 0.6109375 0.8472222222222222 0.615625 0.85 0.6625 0.9222222222222223 0.6875 0.9555555555555556 0.696875 0.9638888888888889 0.7171875 0.9944444444444445 0.715625 0.9972222222222222 0.65625 0.9972222222222222 0.6546875 0.9944444444444445 0.646875 0.9944444444444445 0.6109375 0.9277777777777778 0.590625 0.8833333333333333 0.5796875 0.8527777777777777