0 0.5734375 0.7138888888888889 0.575 0.7166666666666667 0.5828125 0.7166666666666667 0.5921875 0.725 0.59375 0.7222222222222222 0.609375 0.725 0.6171875 0.7305555555555555 0.628125 0.7305555555555555 0.65 0.7444444444444445 0.6546875 0.7416666666666667 0.678125 0.7527777777777778 0.6875 0.7527777777777778 0.709375 0.7666666666666667 0.7234375 0.7694444444444445 0.7421875 0.7805555555555556 0.746875 0.7777777777777778 0.7671875 0.7888888888888889 0.775 0.7888888888888889 0.8 0.8027777777777778 0.8078125 0.8027777777777778 0.825 0.8138888888888889 0.84375 0.8166666666666667 0.8609375 0.8277777777777777 0.8703125 0.8277777777777777 0.890625 0.8388888888888889 0.9 0.8388888888888889 0.9125 0.8472222222222222 0.928125 0.85 0.9515625 0.8638888888888889 0.9546875 0.8611111111111112 0.96875 0.8694444444444445 0.975 0.8694444444444445 0.98125 0.875 0.9890625 0.875 0.9984375 0.8805555555555555 0.9984375 0.9027777777777778 0.9875 0.8944444444444445 0.96875 0.8888888888888888 0.9578125 0.8805555555555555 0.9515625 0.8833333333333333 0.946875 0.8777777777777778 0.9421875 0.8777777777777778 0.93125 0.8694444444444445 0.9125 0.8666666666666667 0.90625 0.8611111111111112 0.89375 0.8583333333333333 0.86875 0.8444444444444444 0.8515625 0.8416666666666667 0.840625 0.8333333333333334 0.8234375 0.8305555555555556 0.8046875 0.8194444444444444 0.803125 0.8222222222222222 0.7890625 0.8111111111111111 0.7828125 0.8111111111111111 0.7765625 0.8055555555555556 0.76875 0.8055555555555556 0.7453125 0.7916666666666666 0.7390625 0.7944444444444444 0.734375 0.7888888888888889 0.725 0.7861111111111111 0.71875 0.7805555555555556 0.7109375 0.7833333333333333 0.69375 0.7694444444444445 0.68125 0.7666666666666667 0.675 0.7583333333333333 0.65 0.7527777777777778 0.625 0.7388888888888889 0.6234375 0.7416666666666667 0.6171875 0.7361111111111112 0.6109375 0.7361111111111112 0.5984375 0.7277777777777777 0.5765625 0.7222222222222222 0.5671875 0.7166666666666667 0.571875 0.7138888888888889
0 0.5046875 0.7583333333333333 0.503125 0.7638888888888888 0.5046875 0.7666666666666667 0.5046875 0.7944444444444444 0.5 0.8027777777777778 0.4921875 0.8027777777777778 0.4921875 0.7861111111111111 0.4953125 0.775 0.4953125 0.7638888888888888 0.4984375 0.7583333333333333 0.503125 0.7583333333333333
0 0.6171875 0.7666666666666667 0.6234375 0.7666666666666667 0.625 0.7694444444444445 0.621875 0.775 0.6171875 0.7722222222222223 0.6171875 0.7694444444444445
0 0.4265625 0.7888888888888889 0.428125 0.7833333333333333 0.4453125 0.7666666666666667 0.4484375 0.7722222222222223 0.4390625 0.7861111111111111 0.428125 0.7888888888888889
0 0.6984375 0.8333333333333334 0.7078125 0.8388888888888889 0.709375 0.8472222222222222 0.6984375 0.8472222222222222 0.6953125 0.8444444444444444 0.6921875 0.8361111111111111 0.696875 0.8333333333333334
0 0.628125 0.775 0.634375 0.775 0.6390625 0.7805555555555556 0.6390625 0.7833333333333333 0.634375 0.7861111111111111 0.6296875 0.7833333333333333 0.628125 0.7777777777777778
0 0.24375 0.8333333333333334 0.2453125 0.8361111111111111 0.2421875 0.8361111111111111 0.2359375 0.8444444444444444 0.2171875 0.8555555555555555 0.2125 0.8555555555555555 0.2046875 0.8638888888888889 0.18125 0.875 0.178125 0.8805555555555555 0.15 0.8944444444444445 0.146875 0.9 0.1296875 0.9055555555555556 0.1203125 0.9111111111111111 0.1171875 0.9166666666666666 0.0984375 0.9222222222222223 0.0859375 0.9333333333333333 0.0640625 0.9444444444444444 0.05625 0.9527777777777777 0.03125 0.9611111111111111 0.025 0.9694444444444444 0.0171875 0.9694444444444444 0.015625 0.9722222222222222 0.0140625 0.9722222222222222 0.0140625 0.9611111111111111 0.021875 0.9611111111111111 0.0296875 0.9527777777777777 0.0546875 0.9416666666666667 0.0625 0.9333333333333333 0.0734375 0.9305555555555556 0.075 0.9277777777777778 0.0734375 0.925 0.0609375 0.925 0.0578125 0.9305555555555556 0.0484375 0.9277777777777778 0.0515625 0.9222222222222223 0.05625 0.9222222222222223 0.059375 0.9166666666666666 0.071875 0.9166666666666666 0.0796875 0.9111111111111111 0.0859375 0.9111111111111111 0.0890625 0.9055555555555556 0.0953125 0.9055555555555556 0.096875 0.9083333333333333 0.1046875 0.9027777777777778 0.1171875 0.9027777777777778 0.1203125 0.8972222222222223 0.134375 0.8944444444444445 0.1390625 0.8888888888888888 0.146875 0.8861111111111111 0.15 0.8805555555555555 0.159375 0.8805555555555555 0.1609375 0.8777777777777778 0.1734375 0.875 0.1796875 0.8666666666666667 0.2046875 0.8555555555555555 0.2078125 0.85 0.2234375 0.8444444444444444 0.2375 0.8333333333333334 0.2421875 0.8333333333333334
0 0.421875 0.7611111111111111 0.4234375 0.7722222222222223 0.41875 0.7722222222222223 0.415625 0.7777777777777778 0.409375 0.7777777777777778 0.4 0.7833333333333333 0.3875 0.7833333333333333 0.3875 0.7777777777777778 0.390625 0.7722222222222223 0.396875 0.7666666666666667 0.40625 0.7666666666666667 0.4078125 0.7638888888888888 0.4203125 0.7611111111111111
0 0.3484375 0.8805555555555555 0.3625 0.8611111111111112 0.3703125 0.8555555555555555 0.3890625 0.8333333333333334 0.390625 0.8416666666666667 0.3828125 0.8555555555555555 0.378125 0.8583333333333333 0.3515625 0.8916666666666667 0.35 0.8833333333333333
0 0.6703125 0.8083333333333333 0.6765625 0.8111111111111111 0.678125 0.8138888888888889 0.6765625 0.8194444444444444 0.6640625 0.8166666666666667 0.6625 0.8111111111111111 0.66875 0.8083333333333333
0 0.7484375 0.875 0.75625 0.8805555555555555 0.759375 0.8861111111111111 0.7578125 0.8944444444444445 0.7484375 0.8944444444444445 0.740625 0.8888888888888888 0.7375 0.8805555555555555 0.746875 0.875
0 0.6421875 0.7916666666666666 0.6453125 0.7888888888888889 0.6546875 0.7916666666666666 0.6546875 0.8 0.646875 0.8 0.6421875 0.7944444444444444
0 0.615625 0.7666666666666667 0.6234375 0.7666666666666667 0.628125 0.775 0.634375 0.775 0.6390625 0.7805555555555556 0.6375 0.7861111111111111 0.634375 0.7861111111111111 0.6265625 0.7805555555555556 0.625 0.775 0.61875 0.775 0.615625 0.7694444444444445
0 0.6 0.7472222222222222 0.6046875 0.7527777777777778 0.6015625 0.7583333333333333 0.5953125 0.7527777777777778 0.5984375 0.7472222222222222