0 0.759375 0.7333333333333333 0.7921875 0.7361111111111112 0.809375 0.7444444444444445 0.8359375 0.7472222222222222 0.8546875 0.7555555555555555 0.8765625 0.7583333333333333 0.8984375 0.7694444444444445 0.9234375 0.7722222222222223 0.925 0.775 0.9359375 0.775 0.9375 0.7777777777777778 0.9609375 0.7777777777777778 0.971875 0.7861111111111111 0.99375 0.7861111111111111 0.9984375 0.7888888888888889 0.9984375 0.7944444444444444 0.9953125 0.7972222222222223 0.978125 0.7972222222222223 0.9765625 0.7944444444444444 0.9296875 0.7861111111111111 0.9171875 0.7805555555555556 0.8890625 0.7777777777777778 0.8671875 0.7666666666666667 0.84375 0.7638888888888888 0.8328125 0.7555555555555555 0.821875 0.7555555555555555 0.8203125 0.7527777777777778 0.8109375 0.7527777777777778 0.809375 0.75 0.7921875 0.7472222222222222 0.790625 0.7444444444444445 0.7796875 0.7444444444444445 0.7609375 0.7361111111111112
0 0.5078125 0.6916666666666667 0.5234375 0.7111111111111111 0.5296875 0.725 0.5296875 0.7305555555555555 0.5265625 0.7305555555555555 0.5078125 0.6944444444444444
0 0.40625 0.7333333333333333 0.40625 0.7416666666666667 0.4015625 0.7388888888888889 0.4046875 0.7333333333333333
0 0.3875 0.7555555555555555 0.3890625 0.7583333333333333 0.3875 0.7638888888888888 0.3671875 0.7833333333333333 0.3578125 0.7833333333333333 0.3609375 0.775 0.3859375 0.7555555555555555
0 0.9921875 0.8861111111111111 0.9984375 0.8888888888888888 0.9984375 0.9 0.984375 0.8916666666666667 0.9828125 0.8888888888888888 0.990625 0.8861111111111111
0 0.68125 0.7444444444444445 0.690625 0.7444444444444445 0.7078125 0.7583333333333333 0.721875 0.7611111111111111 0.771875 0.7833333333333333 0.7734375 0.7888888888888889 0.7640625 0.7888888888888889 0.7390625 0.775 0.73125 0.775 0.725 0.7694444444444445 0.70625 0.7638888888888888 0.6875 0.7527777777777778 0.6828125 0.7472222222222222
0 0.3609375 0.7111111111111111 0.3609375 0.7138888888888889 0.3515625 0.7194444444444444 0.346875 0.7194444444444444 0.340625 0.725 0.315625 0.7361111111111112 0.2953125 0.7416666666666667 0.2890625 0.7472222222222222 0.2828125 0.7472222222222222 0.26875 0.7555555555555555 0.2546875 0.7583333333333333 0.2015625 0.7833333333333333 0.1875 0.7861111111111111 0.1484375 0.8055555555555556 0.1421875 0.8055555555555556 0.1359375 0.8111111111111111 0.115625 0.8166666666666667 0.06875 0.8388888888888889 0.0609375 0.8388888888888889 0.0015625 0.8666666666666667 0 0.8666666666666667 0 0.8555555555555555 0.034375 0.8444444444444444 0.059375 0.8305555555555556 0.065625 0.8305555555555556 0.0875 0.8194444444444444 0.109375 0.8138888888888889 0.121875 0.8055555555555556 0.128125 0.8055555555555556 0.1421875 0.7972222222222223 0.1625 0.7916666666666666 0.1828125 0.7805555555555556 0.2046875 0.775 0.225 0.7638888888888888 0.23125 0.7638888888888888 0.2390625 0.7583333333333333 0.2734375 0.7472222222222222 0.29375 0.7361111111111112 0.3171875 0.7305555555555555 0.340625 0.7166666666666667 0.359375 0.7111111111111111
0 0.5453125 0.7527777777777778 0.5546875 0.7583333333333333 0.5640625 0.775 0.5625 0.7805555555555556 0.559375 0.7805555555555556 0.54375 0.7638888888888888 0.5390625 0.7555555555555555 0.54375 0.7527777777777778
0 0.5953125 0.8416666666666667 0.6 0.8416666666666667 0.609375 0.8527777777777777 0.609375 0.8583333333333333 0.6015625 0.8583333333333333 0.596875 0.8527777777777777 0.5953125 0.8444444444444444
0 0.4296875 0.7138888888888889 0.4296875 0.7194444444444444 0.425 0.725 0.421875 0.7194444444444444 0.428125 0.7138888888888889
0 0.296875 0.8444444444444444 0.2953125 0.85 0.278125 0.8638888888888889 0.275 0.8583333333333333 0.2796875 0.85 0.2921875 0.8416666666666667 0.2953125 0.8444444444444444