0 0.5828125 0.7055555555555556 0.5859375 0.7027777777777777 0.596875 0.7055555555555556 0.60625 0.7138888888888889 0.653125 0.7388888888888889 0.653125 0.7416666666666667 0.6296875 0.7416666666666667 0.6203125 0.7333333333333333 0.615625 0.7333333333333333 0.5921875 0.7194444444444444 0.5828125 0.7083333333333334
0 0.50625 0.7083333333333334 0.5421875 0.7388888888888889 0.54375 0.7416666666666667 0.5390625 0.7472222222222222 0.525 0.7472222222222222 0.5078125 0.7333333333333333 0.49375 0.7138888888888889 0.5 0.7083333333333334 0.5046875 0.7083333333333334
0 0.7078125 0.7055555555555556 0.709375 0.7027777777777777 0.7171875 0.7027777777777777 0.7265625 0.7083333333333334 0.7453125 0.7111111111111111 0.7515625 0.7166666666666667 0.7828125 0.725 0.803125 0.7361111111111112 0.8109375 0.7361111111111112 0.81875 0.7416666666666667 0.828125 0.7416666666666667 0.8328125 0.75 0.81875 0.75 0.8171875 0.7472222222222222 0.771875 0.7333333333333333 0.7578125 0.725 0.7328125 0.7194444444444444 0.709375 0.7055555555555556
0 0.4703125 0.7166666666666667 0.4828125 0.7305555555555555 0.490625 0.7444444444444445 0.4875 0.75 0.478125 0.75 0.46875 0.7444444444444445 0.45625 0.7222222222222222 0.4578125 0.7166666666666667 0.46875 0.7166666666666667
0 0.659375 0.7027777777777777 0.675 0.7027777777777777 0.6921875 0.7111111111111111 0.7015625 0.7111111111111111 0.7125 0.7194444444444444 0.71875 0.7194444444444444 0.7328125 0.7277777777777777 0.740625 0.7277777777777777 0.784375 0.7472222222222222 0.784375 0.75 0.7578125 0.7472222222222222 0.7234375 0.7305555555555555 0.690625 0.7222222222222222 0.6609375 0.7055555555555556
0 0.340625 0.725 0.34375 0.7277777777777777 0.3421875 0.7361111111111112 0.3390625 0.7361111111111112 0.3328125 0.75 0.3296875 0.75 0.31875 0.7611111111111111 0.3140625 0.7722222222222223 0.3109375 0.7722222222222223 0.303125 0.7555555555555555 0.303125 0.7416666666666667 0.3015625 0.7388888888888889 0.303125 0.7277777777777777 0.3390625 0.725
0 0.6203125 0.7055555555555556 0.621875 0.7027777777777777 0.6328125 0.7027777777777777 0.6515625 0.7138888888888889 0.7109375 0.7388888888888889 0.7109375 0.7416666666666667 0.7046875 0.7416666666666667 0.703125 0.7444444444444445 0.7015625 0.7416666666666667 0.690625 0.7416666666666667 0.6890625 0.7388888888888889 0.6828125 0.7388888888888889 0.675 0.7333333333333333 0.66875 0.7333333333333333 0.64375 0.7222222222222222 0.621875 0.7083333333333334
0 0.8125 0.7027777777777777 0.8203125 0.7083333333333334 0.8453125 0.7138888888888889 0.859375 0.7222222222222222 0.859375 0.725 0.840625 0.725 0.8390625 0.7222222222222222 0.83125 0.7222222222222222 0.8296875 0.7194444444444444 0.803125 0.7111111111111111 0.7984375 0.7055555555555556 0.8 0.7027777777777777 0.8109375 0.7027777777777777
0 0.5890625 0.7 0.596875 0.7055555555555556 0.603125 0.7055555555555556 0.6046875 0.7027777777777777 0.609375 0.7055555555555556 0.6140625 0.7027777777777777 0.6359375 0.7027777777777777 0.6375 0.7055555555555556 0.6796875 0.7027777777777777 0.68125 0.7055555555555556 0.6921875 0.7055555555555556 0.69375 0.7027777777777777 0.74375 0.7027777777777777 0.7453125 0.7 0.7578125 0.7 0.7703125 0.7055555555555556 0.790625 0.7055555555555556 0.7921875 0.7083333333333334 0.7953125 0.7083333333333334 0.8 0.7027777777777777 0.8125 0.7027777777777777 0.83125 0.7111111111111111 0.8390625 0.7083333333333334 0.840625 0.7138888888888889 0.8453125 0.7138888888888889 0.85625 0.7222222222222222 0.8640625 0.7222222222222222 0.8546875 0.7305555555555555 0.8484375 0.7305555555555555 0.8453125 0.7361111111111112 0.8359375 0.7388888888888889 0.8328125 0.7444444444444445 0.8328125 0.75 0.828125 0.7527777777777778 0.815625 0.7472222222222222 0.8078125 0.7472222222222222 0.80625 0.7444444444444445 0.79375 0.7444444444444445 0.7859375 0.75 0.7640625 0.75 0.7625 0.7472222222222222 0.7453125 0.7444444444444445 0.7375 0.7388888888888889 0.725 0.7388888888888889 0.7171875 0.7444444444444445 0.69375 0.7444444444444445 0.675 0.7361111111111112 0.66875 0.7361111111111112 0.6625 0.7416666666666667 0.653125 0.7416666666666667 0.6515625 0.7444444444444445 0.63125 0.7444444444444445 0.6234375 0.7388888888888889 0.6109375 0.7388888888888889 0.609375 0.7416666666666667 0.6046875 0.7388888888888889 0.6 0.7444444444444445 0.5828125 0.7472222222222222 0.56875 0.7361111111111112 0.553125 0.7333333333333333 0.54375 0.7194444444444444 0.5375 0.7166666666666667 0.534375 0.7277777777777777 0.5390625 0.7361111111111112 0.5453125 0.7388888888888889 0.540625 0.7472222222222222 0.5234375 0.7472222222222222 0.50625 0.7361111111111112 0.5 0.7472222222222222 0.478125 0.7527777777777778 0.4546875 0.7388888888888889 0.453125 0.7444444444444445 0.4484375 0.7416666666666667 0.440625 0.7555555555555555 0.4359375 0.7555555555555555 0.4328125 0.7472222222222222 0.434375 0.7444444444444445 0.43125 0.7388888888888889 0.4296875 0.75 0.4203125 0.75 0.4203125 0.725 0.425 0.7222222222222222 0.43125 0.7111111111111111 0.4453125 0.7111111111111111 0.446875 0.7138888888888889 0.46875 0.7111111111111111 0.4734375 0.7166666666666667 0.4875 0.7194444444444444 0.4921875 0.7111111111111111 0.496875 0.7083333333333334 0.509375 0.7083333333333334 0.515625 0.7138888888888889 0.521875 0.7055555555555556 0.534375 0.7055555555555556 0.5359375 0.7027777777777777 0.5375 0.7055555555555556 0.540625 0.7027777777777777 0.55 0.7027777777777777 0.5546875 0.7083333333333334 0.5609375 0.7055555555555556 0.5703125 0.7083333333333334 0.5765625 0.7027777777777777 0.5875 0.7
0 0.84375 0.7027777777777777 0.8640625 0.7055555555555556 0.8765625 0.7138888888888889 0.8765625 0.7194444444444444 0.8640625 0.7194444444444444 0.8578125 0.7138888888888889 0.8484375 0.7111111111111111 0.84375 0.7055555555555556
0 0.5375 0.7055555555555556 0.5515625 0.7055555555555556 0.55625 0.7111111111111111 0.5984375 0.7388888888888889 0.596875 0.7444444444444445 0.58125 0.7444444444444445 0.559375 0.7277777777777777 0.5515625 0.725 0.5421875 0.7166666666666667 0.5375 0.7083333333333334
0 0.4953125 0.7583333333333333 0.496875 0.7611111111111111 0.5046875 0.7611111111111111 0.50625 0.7583333333333333 0.615625 0.7583333333333333 0.6171875 0.7611111111111111 0.7109375 0.7611111111111111 0.7125 0.7638888888888888 0.8328125 0.7666666666666667 0.8375 0.7722222222222223 0.834375 0.7777777777777778 0.8265625 0.7777777777777778 0.825 0.775 0.728125 0.775 0.7265625 0.7722222222222223 0.690625 0.7722222222222223 0.6890625 0.7694444444444445 0.678125 0.7694444444444445 0.6765625 0.7722222222222223 0.6703125 0.7694444444444445 0.6390625 0.7722222222222223 0.634375 0.7694444444444445 0.6328125 0.7722222222222223 0.6265625 0.7722222222222223 0.625 0.7694444444444445 0.578125 0.7694444444444445 0.5765625 0.7666666666666667 0.4375 0.7694444444444445 0.434375 0.7666666666666667 0.4390625 0.7611111111111111 0.49375 0.7583333333333333
0 0.74375 0.7027777777777777 0.759375 0.7027777777777777 0.7609375 0.7055555555555556 0.7875 0.7111111111111111 0.796875 0.7166666666666667 0.828125 0.7222222222222222 0.8328125 0.7277777777777777 0.84375 0.7277777777777777 0.8453125 0.7305555555555555 0.8421875 0.7361111111111112 0.8171875 0.7333333333333333 0.7953125 0.7222222222222222 0.7765625 0.7194444444444444 0.7453125 0.7055555555555556