0 0.909375 0.8888888888888888 0.9171875 0.8888888888888888 0.9296875 0.8944444444444445 0.9484375 0.9055555555555556 0.953125 0.9111111111111111 0.965625 0.9166666666666666 0.9734375 0.925 0.971875 0.9277777777777778 0.959375 0.925 0.909375 0.8916666666666667
0 0.4046875 0.7194444444444444 0.4015625 0.7305555555555555 0.39375 0.7361111111111112 0.3921875 0.7333333333333333 0.39375 0.7277777777777777 0.3984375 0.7194444444444444 0.403125 0.7194444444444444
0 0.909375 0.8888888888888888 0.9234375 0.8916666666666667 0.95625 0.9111111111111111 0.9734375 0.925 0.971875 0.9277777777777778 0.9640625 0.9277777777777778 0.909375 0.8916666666666667
0 0.8140625 0.8277777777777777 0.828125 0.8305555555555556 0.8546875 0.8472222222222222 0.85625 0.85 0.8515625 0.8527777777777777 0.815625 0.8305555555555556
0 0.4203125 0.6833333333333333 0.425 0.6833333333333333 0.421875 0.6916666666666667 0.41875 0.6916666666666667 0.4203125 0.6861111111111111
0 0.31875 0.8638888888888889 0.3453125 0.8138888888888889 0.353125 0.8138888888888889 0.3484375 0.8277777777777777 0.3296875 0.8611111111111112 0.3203125 0.8638888888888889
0 0.59375 0.8222222222222222 0.6 0.8222222222222222 0.6171875 0.8555555555555555 0.615625 0.8611111111111112 0.609375 0.8583333333333333 0.596875 0.8361111111111111 0.59375 0.825
0 0.5390625 0.725 0.5421875 0.7222222222222222 0.55 0.7333333333333333 0.5515625 0.7388888888888889 0.5453125 0.7388888888888889 0.540625 0.7277777777777777
0 0.51875 0.6861111111111111 0.521875 0.6861111111111111 0.525 0.6944444444444444 0.5203125 0.6944444444444444 0.51875 0.6888888888888889
0 0.7171875 0.7611111111111111 0.7296875 0.7638888888888888 0.7390625 0.775 0.73125 0.775 0.7171875 0.7638888888888888
0 0.75625 0.7888888888888889 0.7640625 0.7888888888888889 0.784375 0.8027777777777778 0.7859375 0.8055555555555556 0.78125 0.8083333333333333 0.7578125 0.7916666666666666