0 0.6046875 0.7111111111111111 0.60625 0.7083333333333334 0.615625 0.7111111111111111 0.640625 0.75 0.665625 0.7944444444444444 0.6671875 0.8027777777777778 0.65625 0.8055555555555556 0.6328125 0.7666666666666667 0.60625 0.7138888888888889
0 0.5359375 0.5833333333333334 0.540625 0.5833333333333334 0.546875 0.5916666666666667 0.546875 0.5972222222222222 0.5421875 0.5972222222222222 0.5359375 0.5861111111111111
0 0.7265625 0.9083333333333333 0.7375 0.9166666666666666 0.78125 0.9972222222222222 0.75625 0.9972222222222222 0.7375 0.9583333333333334 0.7140625 0.9166666666666666 0.7125 0.9111111111111111 0.715625 0.9055555555555556 0.725 0.9083333333333333
0 0.4875 0.48333333333333334 0.490625 0.4861111111111111 0.49375 0.49722222222222223 0.4921875 0.5027777777777778 0.49375 0.5055555555555555 0.49375 0.525 0.496875 0.5333333333333333 0.496875 0.5361111111111111 0.4921875 0.5361111111111111 0.4890625 0.5277777777777778 0.4875 0.4861111111111111
0 0.1171875 0.6833333333333333 0.1125 0.6916666666666667 0.1078125 0.6916666666666667 0.0984375 0.7 0.0828125 0.7055555555555556 0.040625 0.7305555555555555 0.034375 0.7305555555555555 0.0328125 0.725 0.0578125 0.7138888888888889 0.0890625 0.6944444444444444 0.1 0.6916666666666667 0.1109375 0.6833333333333333 0.115625 0.6833333333333333
0 0.3890625 0.5472222222222223 0.371875 0.5583333333333333 0.3296875 0.575 0.325 0.5805555555555556 0.2921875 0.5944444444444444 0.28125 0.6027777777777777 0.265625 0.6083333333333333 0.2546875 0.6166666666666667 0.25 0.6166666666666667 0.2390625 0.625 0.234375 0.625 0.1890625 0.65 0.184375 0.6472222222222223 0.2 0.6361111111111111 0.2109375 0.6333333333333333 0.2265625 0.6222222222222222 0.23125 0.6222222222222222 0.2375 0.6166666666666667 0.275 0.6 0.2953125 0.5861111111111111 0.3015625 0.5861111111111111 0.3125 0.5777777777777777 0.328125 0.5722222222222222 0.3375 0.5638888888888889 0.3875 0.5472222222222223
0 0.3875 0.5472222222222223 0.390625 0.5472222222222223 0.3828125 0.5527777777777778 0.3359375 0.5722222222222222 0.325 0.5805555555555556 0.303125 0.5888888888888889 0.2921875 0.5972222222222222 0.2765625 0.6027777777777777 0.265625 0.6111111111111112 0.25 0.6166666666666667 0.2390625 0.625 0.234375 0.625 0.190625 0.65 0.1859375 0.65 0.1875 0.6444444444444445 0.2 0.6361111111111111 0.2046875 0.6361111111111111 0.2265625 0.6222222222222222 0.23125 0.6222222222222222 0.2640625 0.6027777777777777 0.26875 0.6027777777777777 0.2796875 0.5944444444444444 0.290625 0.5916666666666667 0.3015625 0.5833333333333334 0.328125 0.5722222222222222 0.3375 0.5638888888888889 0.34375 0.5638888888888889 0.3515625 0.5583333333333333 0.359375 0.5583333333333333 0.3671875 0.5527777777777778 0.3859375 0.5472222222222223
0 0.4578125 0.5416666666666666 0.3984375 0.6305555555555555 0.3921875 0.6444444444444445 0.378125 0.6611111111111111 0.3203125 0.7583333333333333 0.2375 0.8888888888888888 0.23125 0.9027777777777778 0.225 0.9083333333333333 0.190625 0.9638888888888889 0.1890625 0.9694444444444444 0.171875 0.9944444444444445 0.1453125 0.9944444444444445 0.14375 0.9916666666666667 0.175 0.9444444444444444 0.1953125 0.9083333333333333 0.215625 0.8833333333333333 0.221875 0.8694444444444445 0.2265625 0.8666666666666667 0.2296875 0.8611111111111112 0.2234375 0.8555555555555555 0.2015625 0.8888888888888888 0.1921875 0.8972222222222223 0.1828125 0.9138888888888889 0.1546875 0.9472222222222222 0.1296875 0.9861111111111112 0.1171875 0.9972222222222222 0.0921875 0.9972222222222222 0.1046875 0.975 0.1109375 0.9694444444444444 0.1390625 0.9305555555555556 0.14375 0.9277777777777778 0.15 0.9166666666666666 0.165625 0.9 0.184375 0.8722222222222222 0.2 0.8555555555555555 0.221875 0.8222222222222222 0.2421875 0.8 0.3328125 0.6805555555555556 0.3484375 0.6638888888888889 0.3859375 0.6138888888888889 0.4046875 0.5944444444444444 0.425 0.5666666666666667 0.4359375 0.5583333333333333 0.4390625 0.5527777777777778 0.4421875 0.5527777777777778 0.45 0.5416666666666666 0.45625 0.5388888888888889
0 0.55 0.6055555555555555 0.5578125 0.6083333333333333 0.5640625 0.6194444444444445 0.5640625 0.625 0.559375 0.625 0.55 0.6083333333333333
0 0.4703125 0.4777777777777778 0.471875 0.48333333333333334 0.4671875 0.5083333333333333 0.4625 0.5222222222222223 0.4546875 0.5361111111111111 0.45 0.5388888888888889 0.4484375 0.5361111111111111 0.4578125 0.5194444444444445 0.4640625 0.5 0.465625 0.48055555555555557 0.46875 0.4777777777777778
0 0.475 0.48055555555555557 0.4796875 0.48333333333333334 0.4796875 0.49722222222222223 0.478125 0.5 0.475 0.5333333333333333 0.4703125 0.5333333333333333 0.4734375 0.5194444444444445 0.4734375 0.5083333333333333 0.4765625 0.49722222222222223 0.475 0.48333333333333334
0 0.6046875 0.7111111111111111 0.60625 0.7083333333333334 0.615625 0.7111111111111111 0.6375 0.7444444444444445 0.6671875 0.7972222222222223 0.6671875 0.8055555555555556 0.675 0.8111111111111111 0.678125 0.8166666666666667 0.6703125 0.8194444444444444 0.6640625 0.8111111111111111 0.6546875 0.8055555555555556 0.6265625 0.7555555555555555 0.60625 0.7138888888888889
0 0.56875 0.6388888888888888 0.575 0.6388888888888888 0.59375 0.6722222222222223 0.5921875 0.6777777777777778 0.584375 0.675 0.5734375 0.6555555555555556 0.56875 0.6416666666666667
0 0.528125 0.5694444444444444 0.534375 0.5722222222222222 0.534375 0.5777777777777777 0.53125 0.5777777777777777 0.528125 0.5722222222222222