0 0.9125 0.7361111111111112 0.9234375 0.7333333333333333 0.928125 0.7388888888888889 0.93125 0.7388888888888889 0.93125 0.7416666666666667 0.928125 0.7416666666666667 0.925 0.7472222222222222 0.9328125 0.7527777777777778 0.95 0.7555555555555555 0.959375 0.7611111111111111 0.9875 0.7638888888888888 0.9984375 0.7694444444444445 0.9984375 0.7861111111111111 0.9890625 0.7861111111111111 0.9875 0.7833333333333333 0.978125 0.7833333333333333 0.9671875 0.7777777777777778 0.9515625 0.7777777777777778 0.95 0.775 0.940625 0.775 0.928125 0.7694444444444445 0.90625 0.7666666666666667 0.9015625 0.7638888888888888 0.903125 0.7527777777777778 0.9078125 0.7388888888888889 0.9109375 0.7444444444444445 0.9125 0.7388888888888889
0 0.7515625 0.7722222222222223 0.753125 0.775 0.7859375 0.775 0.7875 0.7777777777777778 0.7953125 0.7777777777777778 0.8234375 0.7916666666666666 0.8296875 0.7916666666666666 0.8375 0.7972222222222223 0.84375 0.7972222222222223 0.8578125 0.8055555555555556 0.8703125 0.8083333333333333 0.8734375 0.8138888888888889 0.85625 0.8138888888888889 0.85 0.8083333333333333 0.84375 0.8083333333333333 0.8359375 0.8027777777777778 0.8296875 0.8027777777777778 0.809375 0.7916666666666666 0.7859375 0.7861111111111111 0.784375 0.7833333333333333 0.7046875 0.7805555555555556 0.703125 0.7777777777777778 0.6953125 0.7777777777777778 0.6921875 0.775 0.703125 0.775 0.7046875 0.7722222222222223 0.75 0.7722222222222223
0 0.7734375 0.8138888888888889 0.93125 0.8194444444444444 0.9328125 0.8222222222222222 0.9703125 0.8222222222222222 0.971875 0.825 0.9953125 0.825 0.9984375 0.8277777777777777 0.9984375 0.8388888888888889 0.9359375 0.8388888888888889 0.934375 0.8361111111111111 0.9015625 0.8361111111111111 0.9 0.8333333333333334 0.8375 0.8277777777777777 0.8359375 0.825 0.825 0.825 0.8234375 0.8222222222222222 0.8 0.8222222222222222 0.7984375 0.8194444444444444 0.778125 0.8194444444444444 0.7734375 0.8166666666666667
0 0.3765625 0.7333333333333333 0.378125 0.725 0.3828125 0.7194444444444444 0.3875 0.7194444444444444 0.3875 0.725 0.384375 0.7305555555555555 0.378125 0.7333333333333333
0 0.51875 0.7166666666666667 0.525 0.7194444444444444 0.5328125 0.7305555555555555 0.528125 0.7333333333333333 0.5171875 0.7194444444444444
0 0 0.8555555555555555 0.021875 0.8472222222222222 0.0265625 0.8416666666666667 0.053125 0.8305555555555556 0.059375 0.825 0.065625 0.825 0.071875 0.8194444444444444 0.0890625 0.8138888888888889 0.1078125 0.7972222222222223 0.13125 0.7916666666666666 0.1328125 0.7888888888888889 0.14375 0.7888888888888889 0.14375 0.7944444444444444 0.140625 0.7944444444444444 0.1359375 0.8 0.0984375 0.8138888888888889 0.075 0.8305555555555556 0.06875 0.8305555555555556 0.0109375 0.8638888888888889 0 0.8666666666666667 0 0.8583333333333333
0 0.3484375 0.7694444444444445 0.35 0.7722222222222223 0.3484375 0.7777777777777778 0.3203125 0.8166666666666667 0.3140625 0.8166666666666667 0.3140625 0.8111111111111111 0.3421875 0.7722222222222223 0.346875 0.7694444444444445
0 0.5703125 0.7694444444444445 0.596875 0.7944444444444444 0.6046875 0.8055555555555556 0.603125 0.8083333333333333 0.59375 0.8055555555555556 0.5859375 0.7944444444444444 0.5703125 0.7805555555555556 0.565625 0.7722222222222223 0.56875 0.7694444444444445
0 0.5046875 0.7055555555555556 0.509375 0.7055555555555556 0.528125 0.7222222222222222 0.5328125 0.7305555555555555 0.528125 0.7333333333333333 0.5046875 0.7083333333333334
0 0.6484375 0.725 0.6609375 0.725 0.684375 0.7388888888888889 0.684375 0.7416666666666667 0.671875 0.7416666666666667 0.6484375 0.7277777777777777
0 0.6921875 0.7027777777777777 0.69375 0.7055555555555556 0.7296875 0.7083333333333334 0.73125 0.7138888888888889 0.7296875 0.7194444444444444 0.728125 0.7166666666666667 0.7171875 0.7166666666666667 0.715625 0.7138888888888889 0.678125 0.7083333333333334 0.671875 0.7055555555555556 0.6734375 0.7027777777777777 0.690625 0.7027777777777777
0 0.7796875 0.7777777777777778 0.784375 0.775 0.7953125 0.7777777777777778 0.796875 0.7805555555555556 0.803125 0.7805555555555556 0.8234375 0.7916666666666666 0.8296875 0.7916666666666666 0.8734375 0.8111111111111111 0.8734375 0.8138888888888889 0.8578125 0.8138888888888889 0.8515625 0.8083333333333333 0.8453125 0.8083333333333333 0.8375 0.8027777777777778 0.83125 0.8027777777777778 0.8109375 0.7916666666666666 0.8046875 0.7916666666666666 0.7796875 0.7805555555555556