0 0.5921875 0.7166666666666667 0.6 0.7166666666666667 0.6046875 0.7222222222222222 0.603125 0.7277777777777777 0.6 0.7277777777777777 0.5921875 0.7194444444444444
0 0.215625 0.7583333333333333 0.21875 0.7583333333333333 0.2265625 0.75 0.2453125 0.7416666666666667 0.25 0.7361111111111112 0.2546875 0.7361111111111112 0.2546875 0.7416666666666667 0.2453125 0.75 0.240625 0.75 0.23125 0.7583333333333333 0.21875 0.7638888888888888 0.215625 0.7611111111111111
0 0.775 0.9388888888888889 0.7890625 0.9388888888888889 0.803125 0.9583333333333334 0.8171875 0.9694444444444444 0.8234375 0.9805555555555555 0.83125 0.9861111111111112 0.834375 0.9916666666666667 0.8328125 0.9944444444444445 0.821875 0.9944444444444445 0.8125 0.9805555555555555 0.8015625 0.9722222222222222 0.7875 0.9527777777777777 0.775 0.9416666666666667
0 0.78125 0.9361111111111111 0.7828125 0.9388888888888889 0.790625 0.9388888888888889 0.8015625 0.9555555555555556 0.8203125 0.9722222222222222 0.834375 0.9916666666666667 0.8328125 0.9944444444444445 0.821875 0.9944444444444445 0.8140625 0.9833333333333333 0.8 0.9722222222222222 0.7890625 0.9555555555555556 0.7765625 0.9444444444444444 0.775 0.9388888888888889 0.7796875 0.9388888888888889
0 0.440625 0.6333333333333333 0.44375 0.6333333333333333 0.4375 0.6361111111111111 0.425 0.65 0.41875 0.65 0.4140625 0.6583333333333333 0.4171875 0.6861111111111111 0.4203125 0.6972222222222222 0.41875 0.7194444444444444 0.4046875 0.7472222222222222 0.4015625 0.7583333333333333 0.3953125 0.7666666666666667 0.3890625 0.7861111111111111 0.3671875 0.8277777777777777 0.3453125 0.8777777777777778 0.340625 0.8833333333333333 0.3328125 0.9055555555555556 0.3234375 0.9194444444444444 0.321875 0.9277777777777778 0.3125 0.9444444444444444 0.3046875 0.9666666666666667 0.29375 0.9805555555555555 0.284375 0.9805555555555555 0.2828125 0.9722222222222222 0.29375 0.9527777777777777 0.303125 0.9277777777777778 0.3140625 0.9111111111111111 0.315625 0.9027777777777778 0.3296875 0.8777777777777778 0.328125 0.8722222222222222 0.3078125 0.9055555555555556 0.2734375 0.9722222222222222 0.2671875 0.9777777777777777 0.2546875 0.9777777777777777 0.253125 0.9722222222222222 0.290625 0.9055555555555556 0.340625 0.825 0.36875 0.7722222222222223 0.384375 0.75 0.4046875 0.7138888888888889 0.4078125 0.7055555555555556 0.4078125 0.6861111111111111 0.40625 0.6833333333333333 0.40625 0.6638888888888889 0.4078125 0.6583333333333333 0.4390625 0.6333333333333333
0 0.5703125 0.7138888888888889 0.571875 0.7222222222222222 0.56875 0.725 0.5546875 0.7166666666666667 0.55625 0.7111111111111111 0.559375 0.7138888888888889 0.56875 0.7138888888888889
0 0.5921875 0.7277777777777777 0.6 0.7333333333333333 0.6 0.7388888888888889 0.5953125 0.7388888888888889 0.5921875 0.7305555555555555
0 0.66875 0.8166666666666667 0.6734375 0.8166666666666667 0.69375 0.8388888888888889 0.6921875 0.8444444444444444 0.6890625 0.8444444444444444 0.671875 0.8277777777777777 0.66875 0.8194444444444444
0 0.490625 0.6333333333333333 0.4953125 0.6361111111111111 0.5140625 0.6694444444444444 0.5234375 0.6805555555555556 0.5546875 0.7361111111111112 0.55625 0.7444444444444445 0.578125 0.7833333333333333 0.584375 0.7861111111111111 0.6015625 0.8166666666666667 0.603125 0.825 0.609375 0.8277777777777777 0.615625 0.8388888888888889 0.615625 0.8472222222222222 0.6203125 0.85 0.6171875 0.8555555555555555 0.628125 0.8722222222222222 0.63125 0.8833333333333333 0.640625 0.8916666666666667 0.640625 0.8972222222222223 0.6453125 0.9083333333333333 0.6515625 0.9138888888888889 0.6640625 0.9333333333333333 0.6640625 0.9388888888888889 0.6890625 0.9833333333333333 0.6890625 0.9888888888888889 0.69375 0.9972222222222222 0.6625 0.9972222222222222 0.6578125 0.9833333333333333 0.64375 0.9583333333333334 0.63125 0.9277777777777778 0.6046875 0.8777777777777778 0.6046875 0.8722222222222222 0.5890625 0.8472222222222222 0.5890625 0.8416666666666667 0.5765625 0.8194444444444444 0.571875 0.8055555555555556 0.5609375 0.7888888888888889 0.5609375 0.7833333333333333 0.5359375 0.7333333333333333 0.534375 0.725 0.49375 0.6472222222222223 0.490625 0.6361111111111111
0 0.6203125 0.7666666666666667 0.621875 0.7611111111111111 0.628125 0.7638888888888888 0.6328125 0.7694444444444445 0.6328125 0.775 0.628125 0.775 0.621875 0.7666666666666667
0 0.60625 0.7361111111111112 0.6140625 0.7333333333333333 0.61875 0.7388888888888889 0.63125 0.7444444444444445 0.63125 0.7472222222222222 0.6265625 0.75 0.625 0.7472222222222222 0.6078125 0.7444444444444445 0.60625 0.7388888888888889