0 0.6078125 0.35555555555555557 0.6109375 0.35833333333333334 0.609375 0.3611111111111111 0.59375 0.3638888888888889 0.5921875 0.36666666666666664 0.584375 0.36666666666666664 0.5859375 0.3611111111111111 0.60625 0.35555555555555557
0 0.46328125 0.5916666666666667 0.0453125 0.16111111111111112
0 0.48125 0.475 0.4859375 0.46111111111111114 0.503125 0.42777777777777776 0.5109375 0.42777777777777776 0.509375 0.4361111111111111 0.503125 0.44722222222222224 0.49375 0.475 0.4875 0.48055555555555557 0.4828125 0.4777777777777778
0 0.75625 0.475 0.76875 0.475 0.8328125 0.5277777777777778 0.840625 0.5305555555555556 0.8609375 0.5472222222222223 0.8625 0.55 0.859375 0.5527777777777778 0.8421875 0.55 0.7578125 0.4777777777777778
0 0.575 0.36944444444444446 0.571875 0.375 0.553125 0.3861111111111111 0.5484375 0.38333333333333336 0.553125 0.37777777777777777 0.5734375 0.36944444444444446
0 0.315625 0.4027777777777778 0.3390625 0.39166666666666666 0.3546875 0.3888888888888889 0.36875 0.38055555555555554 0.3796875 0.38055555555555554 0.3796875 0.38333333333333336 0.3640625 0.39166666666666666 0.340625 0.3972222222222222 0.325 0.40555555555555556 0.3171875 0.40555555555555556
0 0.5421875 0.3888888888888889 0.5390625 0.3972222222222222 0.5203125 0.4166666666666667 0.515625 0.4166666666666667 0.5171875 0.4083333333333333 0.534375 0.39166666666666666 0.540625 0.3888888888888889
0 0.7046875 0.40555555555555556 0.7109375 0.40555555555555556 0.725 0.42777777777777776 0.7234375 0.4305555555555556 0.7140625 0.4305555555555556 0.7046875 0.41388888888888886 0.7046875 0.4083333333333333
0 0.04375 0.5472222222222223 0.0640625 0.5333333333333333 0.06875 0.5333333333333333 0.09375 0.5166666666666667 0.0984375 0.5166666666666667 0.1234375 0.5 0.1375 0.49444444444444446 0.1421875 0.4888888888888889 0.1578125 0.48333333333333334 0.1671875 0.475 0.1875 0.4666666666666667 0.203125 0.45555555555555555 0.2234375 0.4527777777777778 0.2203125 0.4583333333333333 0.065625 0.55 0.04375 0.55
0 0.4359375 0.7222222222222222 0.4375 0.7083333333333334 0.44375 0.6833333333333333 0.44375 0.675 0.440625 0.6694444444444444 0.440625 0.6583333333333333 0.4515625 0.6138888888888889 0.45625 0.5833333333333334 0.4625 0.5611111111111111 0.4625 0.5527777777777778 0.4703125 0.525 0.4703125 0.5194444444444445 0.4734375 0.5111111111111111 0.484375 0.5111111111111111 0.484375 0.5222222222222223 0.4625 0.6666666666666666 0.4609375 0.6694444444444444 0.4515625 0.6694444444444444 0.4453125 0.6777777777777778 0.4453125 0.6916666666666667 0.4328125 0.7388888888888889 0.428125 0.7777777777777778 0.425 0.7861111111111111 0.425 0.7972222222222223 0.421875 0.8055555555555556 0.421875 0.8166666666666667 0.4234375 0.8194444444444444 0.434375 0.8194444444444444 0.4375 0.8277777777777777 0.4359375 0.8305555555555556 0.4359375 0.8444444444444444 0.4328125 0.8555555555555555 0.428125 0.8972222222222223 0.421875 0.9277777777777778 0.4171875 0.9694444444444444 0.4140625 0.9777777777777777 0.4125 0.9916666666666667 0.4015625 0.9972222222222222 0.3921875 0.9972222222222222 0.390625 0.9944444444444445 0.3734375 0.9972222222222222 0.371875 0.9888888888888889 0.4 0.8527777777777777 0.4078125 0.825 0.4125 0.8194444444444444 0.4171875 0.8194444444444444 0.4203125 0.8111111111111111 0.4203125 0.8 0.4234375 0.7916666666666666 0.428125 0.7527777777777778 0.43125 0.7444444444444445 0.43125 0.7361111111111112 0.434375 0.7305555555555555 0.434375 0.725
0 0.4703125 0.35 0.4734375 0.3527777777777778 0.471875 0.35555555555555557 0.440625 0.3611111111111111 0.4390625 0.3638888888888889 0.4328125 0.3638888888888889 0.43125 0.3611111111111111 0.434375 0.35833333333333334 0.440625 0.35833333333333334 0.4484375 0.3527777777777778 0.465625 0.3527777777777778 0.46875 0.35
0 0.715625 0.37222222222222223 0.7171875 0.375 0.7140625 0.3861111111111111 0.7109375 0.3888888888888889 0.7046875 0.3861111111111111 0.709375 0.375 0.7140625 0.37222222222222223
0 0.653125 0.35 0.6421875 0.35555555555555557 0.6234375 0.35555555555555557 0.6234375 0.3527777777777778 0.6515625 0.35
0 0.434375 0.8194444444444444 0.4375 0.825 0.4359375 0.8444444444444444 0.43125 0.8666666666666667 0.421875 0.9361111111111111 0.41875 0.9472222222222222 0.4140625 0.9861111111111112 0.4109375 0.9944444444444445 0.403125 0.9944444444444445 0.4015625 0.9972222222222222 0.371875 0.9972222222222222 0.371875 0.9861111111111112 0.375 0.9777777777777777 0.3765625 0.9638888888888889 0.3796875 0.9555555555555556 0.3796875 0.9472222222222222 0.3828125 0.9388888888888889 0.384375 0.925 0.3875 0.9166666666666666 0.40625 0.8277777777777777 0.4125 0.8194444444444444 0.4328125 0.8194444444444444