0 0.2078125 0.6861111111111111 0.2046875 0.6916666666666667 0.1859375 0.6972222222222222 0.184375 0.7 0.1765625 0.7 0.175 0.6972222222222222 0.1765625 0.6944444444444444 0.196875 0.6888888888888889 0.1984375 0.6861111111111111 0.20625 0.6861111111111111
0 0 0.8277777777777777 0.0046875 0.8277777777777777 0.0140625 0.8194444444444444 0.025 0.8166666666666667 0.0671875 0.7916666666666666 0.078125 0.7888888888888889 0.0890625 0.7805555555555556 0.1 0.7777777777777778 0.1359375 0.7555555555555555 0.146875 0.7527777777777778 0.175 0.7361111111111112 0.1859375 0.7333333333333333 0.2015625 0.7222222222222222 0.2125 0.7194444444444444 0.259375 0.6916666666666667 0.2671875 0.6916666666666667 0.28125 0.6805555555555556 0.3046875 0.6777777777777778 0.3078125 0.675 0.3078125 0.6777777777777778 0.3015625 0.6833333333333333 0.290625 0.6861111111111111 0.278125 0.6972222222222222 0.253125 0.7083333333333334 0.2484375 0.7138888888888889 0.24375 0.7138888888888889 0.2359375 0.7222222222222222 0.225 0.7222222222222222 0.2234375 0.7194444444444444 0.21875 0.7222222222222222 0.2140625 0.7333333333333333 0.2078125 0.7388888888888889 0.1828125 0.75 0.1703125 0.7611111111111111 0.15 0.7694444444444445 0.1453125 0.775 0.1359375 0.7777777777777778 0.13125 0.7833333333333333 0.1265625 0.7833333333333333 0.1171875 0.7916666666666666 0.0984375 0.8 0.0875 0.8083333333333333 0.0828125 0.8083333333333333 0.0765625 0.8138888888888889 0.0578125 0.8194444444444444 0.034375 0.8333333333333334 0.028125 0.8333333333333334 0.01875 0.8388888888888889 0.009375 0.8388888888888889 0.0078125 0.8416666666666667 0.00625 0.8388888888888889 0 0.8388888888888889 0 0.8305555555555556
0 0.078125 0.6888888888888889 0.08125 0.6944444444444444 0.084375 0.6888888888888889 0.0890625 0.6972222222222222 0.0984375 0.6972222222222222 0.109375 0.6916666666666667 0.1234375 0.6916666666666667 0.121875 0.6944444444444444 0.0859375 0.7111111111111111 0.05625 0.7111111111111111 0.05 0.7166666666666667 0.0421875 0.7083333333333334 0.0390625 0.7111111111111111 0.015625 0.7111111111111111 0.0140625 0.7138888888888889 0.003125 0.7138888888888889 0.003125 0.7083333333333334 0.0078125 0.7083333333333334 0.0140625 0.7027777777777777 0.025 0.7027777777777777 0.0359375 0.6972222222222222 0.0484375 0.6972222222222222 0.05625 0.6916666666666667 0.0765625 0.6888888888888889
0 0.409375 0.6777777777777778 0.4109375 0.6777777777777778 0.4078125 0.6833333333333333 0.4046875 0.6833333333333333 0.4 0.6888888888888889 0.384375 0.7166666666666667 0.35 0.7638888888888888 0.340625 0.7805555555555556 0.3296875 0.7916666666666666 0.3296875 0.7833333333333333 0.3328125 0.775 0.378125 0.7138888888888889 0.396875 0.6833333333333333 0.4078125 0.675
0 0 0.9388888888888889 0.0234375 0.9305555555555556 0.0328125 0.9222222222222223 0.053125 0.9111111111111111 0.0671875 0.9111111111111111 0.065625 0.9166666666666666 0.0609375 0.9194444444444444 0.046875 0.9388888888888889 0.034375 0.95 0.0015625 0.9888888888888889 0 0.9888888888888889 0 0.9416666666666667
0 0.4109375 0.6777777777777778 0.4109375 0.6833333333333333 0.3984375 0.6916666666666667 0.38125 0.7222222222222222 0.3625 0.75 0.35625 0.7555555555555555 0.3375 0.7861111111111111 0.33125 0.7916666666666666 0.3296875 0.7916666666666666 0.3296875 0.7805555555555556 0.3421875 0.7611111111111111 0.35625 0.7444444444444445 0.396875 0.6833333333333333 0.4015625 0.6777777777777778 0.409375 0.6777777777777778
0 0.3078125 0.6777777777777778 0.3015625 0.6833333333333333 0.2875 0.6888888888888889 0.275 0.7 0.2640625 0.7027777777777777 0.25 0.7138888888888889 0.240625 0.7166666666666667 0.2359375 0.7222222222222222 0.2203125 0.7222222222222222 0.2140625 0.7361111111111112 0.209375 0.7361111111111112 0.1796875 0.7555555555555555 0.175 0.7555555555555555 0.1703125 0.7611111111111111 0.165625 0.7611111111111111 0.1609375 0.7666666666666667 0.1328125 0.7805555555555556 0.109375 0.7972222222222223 0.09375 0.8027777777777778 0.078125 0.8138888888888889 0.046875 0.825 0.0359375 0.8333333333333334 0.028125 0.8333333333333334 0.009375 0.8416666666666667 0 0.8388888888888889 0.0015625 0.8277777777777777 0.0203125 0.8194444444444444 0.040625 0.8055555555555556 0.0515625 0.8027777777777778 0.0671875 0.7916666666666666 0.1 0.7777777777777778 0.1109375 0.7694444444444445 0.115625 0.7694444444444445 0.1421875 0.7527777777777778 0.1859375 0.7333333333333333 0.2015625 0.7222222222222222 0.2234375 0.7138888888888889 0.2609375 0.6916666666666667 0.2671875 0.6916666666666667 0.2828125 0.6805555555555556 0.30625 0.6777777777777778
0 0.203125 0.7972222222222223 0.20625 0.8027777777777778 0.2015625 0.8083333333333333 0.1765625 0.8277777777777777 0.1703125 0.8277777777777777 0.16875 0.825 0.171875 0.8166666666666667 0.196875 0.7972222222222223 0.2015625 0.7972222222222223
0 0.078125 0.7333333333333333 0.0796875 0.7361111111111112 0.0734375 0.7416666666666667 0.0546875 0.7472222222222222 0.046875 0.7527777777777778 0.040625 0.7527777777777778 0.0390625 0.7555555555555555 0.0328125 0.7555555555555555 0.025 0.7611111111111111 0.0171875 0.7611111111111111 0.009375 0.7666666666666667 0.0015625 0.7666666666666667 0 0.7694444444444445 0 0.7611111111111111 0.0046875 0.7583333333333333 0.0125 0.7583333333333333 0.028125 0.75 0.0515625 0.7444444444444445 0.0765625 0.7333333333333333
0 0.553125 0.7444444444444445 0.6578125 0.9388888888888889 0.675 0.9666666666666667 0.6890625 0.9972222222222222 0.6734375 0.9972222222222222 0.65625 0.9666666666666667 0.5984375 0.8555555555555555 0.5546875 0.7638888888888888 0.5453125 0.75 0.5234375 0.7027777777777777 0.525 0.6944444444444444 0.534375 0.7083333333333334 0.5515625 0.7444444444444445
0 0.640625 0.7111111111111111 0.64375 0.7111111111111111 0.66875 0.7333333333333333 0.684375 0.7416666666666667 0.6921875 0.75 0.709375 0.7611111111111111 0.709375 0.7694444444444445 0.7078125 0.7666666666666667 0.7015625 0.7666666666666667 0.6859375 0.7527777777777778 0.6640625 0.7388888888888889 0.6421875 0.7194444444444444 0.640625 0.7138888888888889