0 0.4578125 0.6916666666666667 0.4625 0.6888888888888889 0.4640625 0.7 0.45625 0.7138888888888889 0.446875 0.7388888888888889 0.4390625 0.7666666666666667 0.434375 0.775 0.4234375 0.8111111111111111 0.4171875 0.825 0.4125 0.8444444444444444 0.4046875 0.8611111111111112 0.4 0.8805555555555555 0.365625 0.975 0.3609375 0.9944444444444445 0.359375 0.9972222222222222 0.34375 0.9972222222222222 0.34375 0.9916666666666667 0.35 0.9722222222222222 0.3609375 0.9472222222222222 0.3671875 0.925 0.375 0.9083333333333333 0.3765625 0.9 0.3875 0.875 0.4078125 0.8166666666666667 0.4171875 0.7972222222222223 0.434375 0.7472222222222222 0.4375 0.7444444444444445 0.44375 0.725 0.4578125 0.6944444444444444
0 0.6328125 0.7027777777777777 0.6421875 0.7055555555555556 0.671875 0.7305555555555555 0.6796875 0.7333333333333333 0.7234375 0.7666666666666667 0.7515625 0.7833333333333333 0.7734375 0.8027777777777778 0.7921875 0.8138888888888889 0.80625 0.8277777777777777 0.81875 0.8333333333333334 0.8234375 0.8388888888888889 0.83125 0.8416666666666667 0.8390625 0.85 0.8578125 0.8611111111111112 0.8609375 0.8666666666666667 0.8578125 0.8694444444444445 0.8453125 0.8666666666666667 0.81875 0.8444444444444444 0.8109375 0.8416666666666667 0.784375 0.8194444444444444 0.78125 0.8194444444444444 0.75625 0.7972222222222223 0.734375 0.7833333333333333 0.7265625 0.775 0.71875 0.7722222222222223 0.68125 0.7416666666666667 0.6703125 0.7361111111111112 0.6671875 0.7305555555555555 0.65625 0.725 0.634375 0.7055555555555556
0 0.6296875 0.6972222222222222 0.640625 0.7027777777777777 0.671875 0.7305555555555555 0.684375 0.7361111111111112 0.715625 0.7611111111111111 0.7234375 0.7638888888888888 0.7359375 0.775 0.759375 0.7888888888888889 0.7703125 0.8 0.78125 0.8055555555555556 0.8109375 0.8305555555555556 0.853125 0.8555555555555555 0.8625 0.8666666666666667 0.8625 0.8694444444444445 0.85 0.8694444444444445 0.8328125 0.8583333333333333 0.825 0.85 0.7734375 0.8138888888888889 0.7484375 0.7916666666666666 0.7375 0.7861111111111111 0.7265625 0.775 0.71875 0.7722222222222223 0.7109375 0.7638888888888888 0.659375 0.7277777777777777 0.6484375 0.7166666666666667 0.6453125 0.7166666666666667 0.6390625 0.7083333333333334 0.6328125 0.7055555555555556 0.6296875 0.7
0 0.034375 0.8472222222222222 0.028125 0.8583333333333333 0.00625 0.8694444444444445 0 0.8694444444444445 0 0.8611111111111112 0.003125 0.8583333333333333 0.0078125 0.8583333333333333 0.025 0.8472222222222222 0.0328125 0.8472222222222222
0 0.5421875 0.6916666666666667 0.546875 0.6916666666666667 0.6 0.7861111111111111 0.6328125 0.8361111111111111 0.7203125 0.9944444444444445 0.7203125 0.9972222222222222 0.7046875 0.9972222222222222 0.6828125 0.9527777777777777 0.6515625 0.9 0.6109375 0.8194444444444444 0.559375 0.7277777777777777 0.54375 0.6944444444444444
0 0.13125 0.7944444444444444 0.13125 0.8027777777777778 0.1234375 0.8111111111111111 0.1046875 0.8166666666666667 0.1 0.8222222222222222 0.0890625 0.825 0.0703125 0.8388888888888889 0.0609375 0.8333333333333334 0.0609375 0.8305555555555556 0.0671875 0.825 0.1296875 0.7944444444444444
0 0.140625 0.6638888888888889 0.14375 0.6694444444444444 0.15 0.6722222222222223 0.15 0.675 0.1375 0.6777777777777778 0.1328125 0.6833333333333333 0.13125 0.6805555555555556 0.1234375 0.6805555555555556 0.1046875 0.6888888888888889 0.0859375 0.6888888888888889 0.084375 0.6916666666666667 0.08125 0.6916666666666667 0.078125 0.6861111111111111 0.078125 0.6694444444444444 0.084375 0.6666666666666666 0.1390625 0.6638888888888889
0 0 0.75 0.0125 0.7472222222222222 0.0140625 0.7444444444444445 0.0234375 0.7444444444444445 0.0328125 0.7388888888888889 0.0578125 0.7361111111111112 0.071875 0.7277777777777777 0.0875 0.725 0.096875 0.7194444444444444 0.1078125 0.7194444444444444 0.115625 0.7138888888888889 0.1234375 0.7138888888888889 0.134375 0.7083333333333334 0.1375 0.7111111111111111 0.134375 0.7222222222222222 0.121875 0.7222222222222222 0.1125 0.7277777777777777 0.0953125 0.7305555555555555 0.0796875 0.7388888888888889 0.053125 0.7444444444444445 0.046875 0.75 0.028125 0.7527777777777778 0.0140625 0.7611111111111111 0 0.7638888888888888 0 0.7527777777777778
0 0 0.7555555555555555 0.0109375 0.7472222222222222 0.0234375 0.7472222222222222 0.0390625 0.7388888888888889 0.0609375 0.7361111111111112 0.0703125 0.7305555555555555 0.0890625 0.7277777777777777 0.096875 0.7222222222222222 0.1109375 0.7222222222222222 0.1125 0.7194444444444444 0.1234375 0.7194444444444444 0.125 0.7166666666666667 0.1328125 0.7166666666666667 0.134375 0.7194444444444444 0.1328125 0.7388888888888889 0.1296875 0.7472222222222222 0.1328125 0.7555555555555555 0.1328125 0.775 0.1296875 0.7833333333333333 0.13125 0.8 0.128125 0.8111111111111111 0.1203125 0.8194444444444444 0.109375 0.8194444444444444 0.0953125 0.8361111111111111 0.08125 0.8416666666666667 0.0546875 0.8611111111111112 0.04375 0.8638888888888889 0.0109375 0.8861111111111111 0 0.8861111111111111 0 0.8361111111111111 0.003125 0.8333333333333334 0.0015625 0.8305555555555556 0.0078125 0.8194444444444444 0.0109375 0.8166666666666667 0.0140625 0.8194444444444444 0.015625 0.8166666666666667 0.0125 0.8055555555555556 0.0078125 0.7972222222222223 0.0046875 0.7972222222222223 0.003125 0.7888888888888889 0 0.7861111111111111 0 0.7583333333333333
0 0.13125 0.7944444444444444 0.13125 0.8027777777777778 0.128125 0.8055555555555556 0.1234375 0.8055555555555556 0.1078125 0.8166666666666667 0.0859375 0.825 0.075 0.8333333333333334 0.0625 0.8333333333333334 0.0671875 0.825 0.1296875 0.7944444444444444
0 0.6296875 0.6944444444444444 0.675 0.7333333333333333 0.6875 0.7388888888888889 0.71875 0.7638888888888888 0.7546875 0.7861111111111111 0.765625 0.7972222222222223 0.76875 0.7972222222222223 0.7875 0.8138888888888889 0.7953125 0.8166666666666667 0.8140625 0.8333333333333334 0.8515625 0.8555555555555555 0.8609375 0.8666666666666667 0.859375 0.8694444444444445 0.8453125 0.8666666666666667 0.81875 0.8444444444444444 0.8140625 0.8444444444444444 0.75625 0.7972222222222223 0.7453125 0.7916666666666666 0.734375 0.7805555555555556 0.71875 0.7722222222222223 0.6859375 0.7444444444444445 0.678125 0.7416666666666667 0.659375 0.725 0.65625 0.725 0.6390625 0.7083333333333334 0.63125 0.7055555555555556 0.628125 0.6972222222222222
0 0.54375 0.6916666666666667 0.5484375 0.6944444444444444 0.5609375 0.7138888888888889 0.6109375 0.8027777777777778 0.6328125 0.8361111111111111 0.7203125 0.9944444444444445 0.7203125 0.9972222222222222 0.7046875 0.9972222222222222 0.64375 0.8861111111111111 0.6046875 0.8083333333333333 0.5828125 0.7722222222222223 0.54375 0.6944444444444444