0 0.26875 0.7416666666666667 0.271875 0.7527777777777778 0.2609375 0.7583333333333333 0.2515625 0.7583333333333333 0.246875 0.7527777777777778 0.2453125 0.7555555555555555 0.2359375 0.7555555555555555 0.2203125 0.7666666666666667 0.2015625 0.7666666666666667 0.2 0.7694444444444445 0.1890625 0.7694444444444445 0.1859375 0.775 0.1609375 0.775 0.159375 0.7777777777777778 0.15 0.7722222222222223 0.1421875 0.7777777777777778 0.13125 0.775 0.1296875 0.7777777777777778 0.10625 0.7805555555555556 0.10625 0.775 0.1109375 0.7638888888888888 0.109375 0.7555555555555555 0.1125 0.75 0.115625 0.75 0.1171875 0.7527777777777778 0.1296875 0.7555555555555555 0.1359375 0.7666666666666667 0.140625 0.7666666666666667 0.146875 0.7611111111111111 0.1546875 0.7611111111111111 0.1640625 0.7527777777777778 0.175 0.7527777777777778 0.1765625 0.75 0.19375 0.75 0.1953125 0.7527777777777778 0.21875 0.7416666666666667 0.2453125 0.7444444444444445 0.25 0.75 0.253125 0.7472222222222222 0.265625 0.7472222222222222 0.2671875 0.7444444444444445
0 0.3265625 0.7666666666666667 0.340625 0.7555555555555555 0.353125 0.7527777777777778 0.3546875 0.75 0.3890625 0.7472222222222222 0.3828125 0.7611111111111111 0.3734375 0.7638888888888888 0.3578125 0.775 0.3296875 0.7722222222222223 0.3265625 0.7694444444444445
0 0.3875 0.7472222222222222 0.3875 0.7527777777777778 0.384375 0.7583333333333333 0.3671875 0.7666666666666667 0.3578125 0.775 0.3484375 0.775 0.3484375 0.7722222222222223 0.3546875 0.7666666666666667 0.3609375 0.7555555555555555 0.375 0.7472222222222222 0.3859375 0.7472222222222222
0 0.65 0.8444444444444444 0.7296875 0.9277777777777778 0.7375 0.9388888888888889 0.7453125 0.9444444444444444 0.753125 0.9555555555555556 0.76875 0.9694444444444444 0.78125 0.9861111111111112 0.7921875 0.9944444444444445 0.7921875 0.9972222222222222 0.771875 0.9972222222222222 0.765625 0.9916666666666667 0.75625 0.9777777777777777 0.7515625 0.975 0.7390625 0.9583333333333334 0.6484375 0.8583333333333333 0.6421875 0.8472222222222222 0.6484375 0.8444444444444444
0 0.34375 0.7638888888888888 0.03125 0.022222222222222223
0 0 0.8777777777777778 0.05625 0.8527777777777777 0.084375 0.8444444444444444 0.0921875 0.8388888888888889 0.10625 0.8361111111111111 0.1078125 0.8333333333333334 0.1109375 0.8361111111111111 0.10625 0.8416666666666667 0.1015625 0.8416666666666667 0.090625 0.85 0.071875 0.8555555555555555 0.0515625 0.8666666666666667 0.0453125 0.8666666666666667 0.01875 0.8805555555555555 0.0125 0.8805555555555555 0.0046875 0.8861111111111111 0 0.8861111111111111 0 0.8805555555555555
0 0.2609375 0.7722222222222223 0.2734375 0.7638888888888888 0.2796875 0.7638888888888888 0.3140625 0.7472222222222222 0.3203125 0.7472222222222222 0.3265625 0.7416666666666667 0.334375 0.7416666666666667 0.334375 0.7444444444444445 0.328125 0.75 0.321875 0.75 0.2765625 0.7722222222222223 0.2609375 0.775
0 0.259375 0.7555555555555555 0.259375 0.7583333333333333 0.2546875 0.7611111111111111 0.246875 0.7611111111111111 0.240625 0.7666666666666667 0.2328125 0.7666666666666667 0.23125 0.7694444444444445 0.2203125 0.7694444444444445 0.203125 0.7777777777777778 0.1875 0.7777777777777778 0.1859375 0.775 0.1921875 0.7694444444444445 0.2 0.7694444444444445 0.2234375 0.7583333333333333 0.2578125 0.7555555555555555
0 0.515625 0.7527777777777778 0.51875 0.7555555555555555 0.51875 0.775 0.4828125 0.775 0.4765625 0.7666666666666667 0.4765625 0.7583333333333333 0.4828125 0.75 0.509375 0.75 0.5140625 0.7527777777777778
0 0.4203125 0.7722222222222223 0.4203125 0.7666666666666667 0.4375 0.7416666666666667 0.4421875 0.7416666666666667 0.4421875 0.7472222222222222 0.4328125 0.7638888888888888 0.425 0.7722222222222223 0.421875 0.7722222222222223
0 0.5515625 0.7472222222222222 0.55625 0.7472222222222222 0.5796875 0.7722222222222223 0.5796875 0.775 0.5734375 0.775 0.5515625 0.75
0 0.3828125 0.8277777777777777 0.3828125 0.8333333333333334 0.375 0.8472222222222222 0.3421875 0.8916666666666667 0.3203125 0.9277777777777778 0.30625 0.9444444444444444 0.29375 0.9666666666666667 0.271875 0.9972222222222222 0.25 0.9972222222222222 0.253125 0.9888888888888889 0.2828125 0.9527777777777777 0.2921875 0.9361111111111111 0.36875 0.8333333333333334 0.3734375 0.8277777777777777 0.38125 0.8277777777777777