0 0.846875 0.2722222222222222 0.8484375 0.2777777777777778 0.84375 0.28055555555555556 0.8390625 0.275 0.8453125 0.2722222222222222
0 0.578125 0.5055555555555555 0.5875 0.49166666666666664 0.59375 0.4888888888888889 0.596875 0.48333333333333334 0.6015625 0.48333333333333334 0.603125 0.4888888888888889 0.5765625 0.5305555555555556 0.5296875 0.6138888888888889 0.5234375 0.6305555555555555 0.5171875 0.6361111111111111 0.515625 0.6416666666666667 0.5125 0.6416666666666667 0.5078125 0.6472222222222223 0.496875 0.6444444444444445 0.4984375 0.6361111111111111 0.521875 0.5944444444444444 0.5359375 0.575 0.5609375 0.5305555555555556 0.5671875 0.525 0.5703125 0.5166666666666667 0.578125 0.5083333333333333
0 0.7046875 0.3333333333333333 0.7171875 0.32222222222222224 0.715625 0.3333333333333333 0.7109375 0.3388888888888889 0.703125 0.34444444444444444 0.7015625 0.3416666666666667 0.7046875 0.33611111111111114
0 0.88125 0.33055555555555555 0.8921875 0.3333333333333333 0.9078125 0.35555555555555557 0.90625 0.3638888888888889 0.9 0.3638888888888889 0.884375 0.3416666666666667 0.88125 0.3333333333333333
0 0.5625 0.3638888888888889 0.5890625 0.3472222222222222 0.59375 0.3472222222222222 0.5921875 0.3527777777777778 0.5796875 0.35833333333333334 0.5765625 0.3638888888888889 0.5703125 0.36666666666666664 0.5640625 0.3638888888888889
0 0.4484375 0.42777777777777776 0.459375 0.425 0.4640625 0.41944444444444445 0.46875 0.41944444444444445 0.478125 0.4111111111111111 0.4890625 0.4083333333333333 0.49375 0.4027777777777778 0.4984375 0.4027777777777778 0.5046875 0.3972222222222222 0.5109375 0.39444444444444443 0.5140625 0.3972222222222222 0.5046875 0.40555555555555556 0.490625 0.4111111111111111 0.4875 0.4166666666666667 0.4765625 0.41944444444444445 0.4734375 0.425 0.4609375 0.42777777777777776 0.4578125 0.43333333333333335 0.446875 0.43333333333333335 0.4484375 0.4305555555555556
0 0.4390625 0.7861111111111111 0.44375 0.7888888888888889 0.4359375 0.8138888888888889 0.4140625 0.8583333333333333 0.409375 0.875 0.4015625 0.8861111111111111 0.396875 0.8972222222222223 0.396875 0.9027777777777778 0.3828125 0.9305555555555556 0.3765625 0.95 0.3640625 0.975 0.3640625 0.9805555555555555 0.35625 0.9972222222222222 0.315625 0.9972222222222222 0.3234375 0.9861111111111112 0.3265625 0.975 0.3359375 0.9583333333333334 0.3625 0.8972222222222223 0.3703125 0.8861111111111111 0.3765625 0.8694444444444445 0.384375 0.8583333333333333 0.390625 0.8416666666666667 0.3984375 0.8305555555555556 0.4046875 0.8138888888888889 0.415625 0.7944444444444444 0.4265625 0.7861111111111111 0.4375 0.7861111111111111
0 0.696875 0.3527777777777778 0.6984375 0.35 0.6984375 0.3527777777777778 0.6953125 0.35833333333333334 0.675 0.38333333333333336 0.6703125 0.38055555555555554 0.671875 0.375 0.6875 0.35555555555555557 0.6953125 0.3527777777777778
0 0.2984375 0.5138888888888888 0.3296875 0.5 0.33125 0.5027777777777778 0.3265625 0.5083333333333333 0.3171875 0.5111111111111111 0.309375 0.5194444444444445 0.303125 0.5194444444444445 0.29375 0.5277777777777778 0.2859375 0.5277777777777778 0.2828125 0.5333333333333333 0.2703125 0.5388888888888889 0.2671875 0.5444444444444444 0.25625 0.5472222222222223 0.2546875 0.5527777777777778 0.24375 0.5555555555555556 0.221875 0.5722222222222222 0.2125 0.575 0.209375 0.5805555555555556 0.1984375 0.5833333333333334 0.1953125 0.5888888888888889 0.190625 0.5888888888888889 0.18125 0.5972222222222222 0.1671875 0.6027777777777777 0.1640625 0.6083333333333333 0.1390625 0.6194444444444445 0.1359375 0.625 0.115625 0.6277777777777778 0.1265625 0.6166666666666667 0.1359375 0.6138888888888889 0.1390625 0.6083333333333333 0.1453125 0.6083333333333333 0.153125 0.6 0.1578125 0.6 0.1671875 0.5916666666666667 0.1953125 0.5777777777777777 0.2 0.5722222222222222 0.209375 0.5694444444444444 0.2171875 0.5611111111111111 0.2234375 0.5611111111111111 0.2265625 0.5555555555555556 0.2390625 0.5527777777777778 0.240625 0.5472222222222223 0.246875 0.5472222222222223 0.2546875 0.5388888888888889 0.2625 0.5388888888888889 0.2734375 0.5277777777777778 0.28125 0.5277777777777778 0.284375 0.5222222222222223 0.290625 0.5222222222222223 0.2984375 0.5166666666666667
0 0.9609375 0.4305555555555556 0.9671875 0.4305555555555556 0.96875 0.42777777777777776 0.975 0.4305555555555556 0.9875 0.4444444444444444 0.990625 0.4444444444444444 0.9984375 0.45555555555555555 0.9984375 0.4777777777777778 0.98125 0.46111111111111114 0.971875 0.44722222222222224 0.96875 0.44722222222222224 0.9609375 0.43333333333333335
0 0.6640625 0.3972222222222222 0.65 0.4166666666666667 0.646875 0.425 0.640625 0.4305555555555556 0.6375 0.4388888888888889 0.6234375 0.45555555555555555 0.6171875 0.45 0.61875 0.4444444444444444 0.6234375 0.44166666666666665 0.6265625 0.43333333333333335 0.63125 0.4305555555555556 0.6546875 0.3972222222222222 0.6625 0.3972222222222222
0 0.603125 0.48333333333333334 0.6046875 0.4888888888888889 0.6 0.49166666666666664 0.5828125 0.525 0.5640625 0.5527777777777778 0.5390625 0.5972222222222222 0.525 0.6277777777777778 0.5015625 0.6666666666666666 0.4953125 0.6833333333333333 0.4875 0.6944444444444444 0.459375 0.75 0.446875 0.7777777777777778 0.4453125 0.7888888888888889 0.440625 0.7972222222222223 0.4359375 0.8138888888888889 0.4234375 0.8388888888888889 0.4234375 0.8444444444444444 0.4140625 0.8583333333333333 0.409375 0.875 0.4015625 0.8861111111111111 0.396875 0.9027777777777778 0.3890625 0.9166666666666666 0.384375 0.9277777777777778 0.384375 0.9333333333333333 0.371875 0.9583333333333334 0.371875 0.9638888888888889 0.3640625 0.975 0.3640625 0.9805555555555555 0.35625 0.9972222222222222 0.315625 0.9972222222222222 0.3234375 0.9861111111111112 0.3328125 0.9611111111111111 0.3359375 0.9583333333333334 0.3625 0.8972222222222223 0.3703125 0.8861111111111111 0.3765625 0.8694444444444445 0.384375 0.8583333333333333 0.390625 0.8416666666666667 0.3984375 0.8305555555555556 0.415625 0.7944444444444444 0.4265625 0.7861111111111111 0.440625 0.7861111111111111 0.44375 0.7805555555555556 0.4640625 0.7305555555555555 0.4921875 0.675 0.5 0.6638888888888889 0.5046875 0.65 0.496875 0.6444444444444445 0.4984375 0.6361111111111111 0.528125 0.5833333333333334 0.5875 0.49166666666666664 0.596875 0.48333333333333334 0.6015625 0.48333333333333334
0 0.853125 0.2916666666666667 0.8609375 0.2916666666666667 0.8671875 0.2972222222222222 0.86875 0.3055555555555556 0.859375 0.3055555555555556 0.8546875 0.29444444444444445