0 0.3921875 0.8013888888888889 0.05 0.06944444444444445
0 0.471875 0.7638888888888888 0.4734375 0.8055555555555556 0.475 0.8083333333333333 0.471875 0.8277777777777777 0.4453125 0.8277777777777777 0.44375 0.825 0.4484375 0.7666666666666667 0.45 0.7638888888888888 0.4703125 0.7638888888888888
0 0.940625 0.8472222222222222 0.9453125 0.8444444444444444 0.9609375 0.8444444444444444 0.9625 0.8416666666666667 0.9984375 0.8416666666666667 0.9984375 0.8555555555555555 0.9578125 0.8555555555555555 0.95625 0.8527777777777777 0.9421875 0.85
0 0.784375 0.8138888888888889 0.815625 0.8166666666666667 0.8171875 0.8194444444444444 0.825 0.8194444444444444 0.8328125 0.825 0.84375 0.825 0.846875 0.8277777777777777 0.84375 0.8333333333333334 0.825 0.8333333333333334 0.8234375 0.8305555555555556 0.8125 0.8305555555555556 0.80625 0.825 0.7859375 0.8166666666666667
0 0.40625 0.7083333333333334 0.4046875 0.7194444444444444 0.390625 0.7472222222222222 0.3875 0.7583333333333333 0.3828125 0.7638888888888888 0.375 0.7638888888888888 0.3703125 0.7611111111111111 0.3703125 0.7583333333333333 0.384375 0.7333333333333333 0.3921875 0.7277777777777777 0.4 0.7111111111111111 0.4046875 0.7083333333333334
0 0.6703125 0.775 0.696875 0.7777777777777778 0.7078125 0.7888888888888889 0.7296875 0.8 0.7390625 0.8083333333333333 0.753125 0.8138888888888889 0.7578125 0.8194444444444444 0.7671875 0.8222222222222222 0.771875 0.8277777777777777 0.74375 0.8277777777777777 0.7296875 0.8166666666666667 0.7171875 0.8111111111111111 0.7125 0.8055555555555556 0.690625 0.7944444444444444 0.6765625 0.7805555555555556 0.6703125 0.7777777777777778
0 0.35625 0.775 0.3578125 0.7805555555555556 0.3546875 0.7916666666666666 0.35 0.8 0.3421875 0.8055555555555556 0.3234375 0.8388888888888889 0.31875 0.8416666666666667 0.296875 0.8416666666666667 0.29375 0.8388888888888889 0.3109375 0.8111111111111111 0.321875 0.8027777777777778 0.3375 0.7805555555555556 0.3546875 0.775
0 0.428125 0.6611111111111111 0.428125 0.6722222222222223 0.425 0.6805555555555556 0.40625 0.7138888888888889 0.4015625 0.7277777777777777 0.390625 0.7472222222222222 0.3890625 0.7555555555555555 0.384375 0.7638888888888888 0.3703125 0.7611111111111111 0.3796875 0.7444444444444445 0.3765625 0.7361111111111112 0.3796875 0.7388888888888889 0.3828125 0.7333333333333333 0.390625 0.7277777777777777 0.4265625 0.6638888888888889
0 0.2203125 0.8472222222222222 0.2296875 0.8361111111111111 0.284375 0.7888888888888889 0.2984375 0.7805555555555556 0.30625 0.7805555555555556 0.3078125 0.7861111111111111 0.2984375 0.8 0.2859375 0.8111111111111111 0.278125 0.8138888888888889 0.2640625 0.8305555555555556 0.2453125 0.8472222222222222 0.221875 0.85
0 0.6125 0.7666666666666667 0.625 0.7666666666666667 0.6265625 0.7694444444444445 0.6390625 0.7722222222222223 0.65625 0.7888888888888889 0.6609375 0.7916666666666666 0.6671875 0.7888888888888889 0.6703125 0.7944444444444444 0.6765625 0.7916666666666666 0.671875 0.7833333333333333 0.6671875 0.7833333333333333 0.6640625 0.775 0.696875 0.7777777777777778 0.709375 0.7888888888888889 0.728125 0.7972222222222223 0.7359375 0.8055555555555556 0.746875 0.8083333333333333 0.7546875 0.8166666666666667 0.7703125 0.8222222222222222 0.7734375 0.8277777777777777 0.771875 0.8305555555555556 0.75 0.8305555555555556 0.7484375 0.8277777777777777 0.7421875 0.8277777777777777 0.68125 0.7916666666666666 0.6765625 0.7916666666666666 0.6734375 0.7972222222222223 0.6765625 0.8055555555555556 0.6921875 0.8138888888888889 0.6953125 0.8194444444444444 0.7015625 0.8166666666666667 0.703125 0.8194444444444444 0.7015625 0.825 0.6984375 0.8277777777777777 0.6703125 0.8277777777777777 0.6578125 0.8166666666666667 0.6546875 0.8166666666666667 0.6359375 0.7972222222222223 0.6296875 0.7972222222222223 0.6265625 0.7888888888888889 0.6234375 0.7888888888888889 0.6125 0.7694444444444445
0 0.5609375 0.7666666666666667 0.58125 0.7666666666666667 0.5875 0.7777777777777778 0.5921875 0.7805555555555556 0.5984375 0.7916666666666666 0.6234375 0.8222222222222222 0.6234375 0.825 0.61875 0.8277777777777777 0.5953125 0.825 0.5703125 0.7888888888888889 0.5609375 0.7694444444444445
0 0.503125 0.7638888888888888 0.5234375 0.7638888888888888 0.5265625 0.7666666666666667 0.5296875 0.7777777777777778 0.5484375 0.8194444444444444 0.5484375 0.825 0.5421875 0.8277777777777777 0.5203125 0.825 0.503125 0.7666666666666667
0 0.6140625 0.7694444444444445 0.6203125 0.7666666666666667 0.621875 0.7694444444444445 0.6296875 0.7694444444444445 0.640625 0.775 0.665625 0.8 0.6953125 0.8194444444444444 0.696875 0.8222222222222222 0.6953125 0.8277777777777777 0.671875 0.8277777777777777 0.653125 0.8138888888888889 0.63125 0.7888888888888889 0.6234375 0.7833333333333333 0.615625 0.7722222222222223
0 0.33125 0.8472222222222222 0.3359375 0.85 0.334375 0.8638888888888889 0.321875 0.8861111111111111 0.3203125 0.8944444444444445 0.3140625 0.9055555555555556 0.3109375 0.9166666666666666 0.296875 0.9416666666666667 0.2921875 0.9555555555555556 0.2828125 0.9722222222222222 0.2671875 0.975 0.2609375 0.9805555555555555 0.2515625 0.9805555555555555 0.2515625 0.9777777777777777 0.265625 0.9472222222222222 0.315625 0.8583333333333333 0.3203125 0.8527777777777777 0.3296875 0.85