0 0.6015625 0.8166666666666667 0.609375 0.8194444444444444 0.6203125 0.8333333333333334 0.6453125 0.8527777777777777 0.66875 0.8805555555555555 0.7046875 0.9138888888888889 0.7234375 0.9416666666666667 0.721875 0.9472222222222222 0.71875 0.9472222222222222 0.7 0.9361111111111111 0.6546875 0.8833333333333333 0.63125 0.8611111111111112 0.6046875 0.8277777777777777 0.6015625 0.8194444444444444
0 0.890625 0.8583333333333333 0.8921875 0.8555555555555555 0.915625 0.8555555555555555 0.934375 0.8666666666666667 0.9453125 0.8694444444444445 0.9609375 0.8805555555555555 0.975 0.8833333333333333 0.98125 0.8888888888888888 0.996875 0.8944444444444445 0.9984375 0.9055555555555556 0.978125 0.9027777777777778 0.959375 0.8888888888888888 0.9375 0.8833333333333333 0.9140625 0.8694444444444445 0.9 0.8666666666666667 0.8953125 0.8611111111111112 0.8921875 0.8611111111111112
0 0 0.9083333333333333 0.0515625 0.8777777777777778 0.084375 0.8638888888888889 0.0890625 0.8583333333333333 0.1078125 0.8472222222222222 0.1140625 0.8444444444444444 0.1203125 0.8472222222222222 0.1171875 0.8527777777777777 0.0921875 0.8666666666666667 0.0875 0.8722222222222222 0.059375 0.8888888888888888 0.0328125 0.9 0.0140625 0.9138888888888889 0.009375 0.9138888888888889 0.0046875 0.9194444444444444 0 0.9194444444444444 0 0.9111111111111111
0 0.42421875 0.7236111111111111 0.0109375 0.025
0 0.11875 0.8444444444444444 0.121875 0.85 0.11875 0.85 0.1140625 0.8555555555555555 0.0921875 0.8666666666666667 0.0875 0.8722222222222222 0.075 0.8777777777777778 0.0609375 0.8888888888888888 0.034375 0.9 0.0046875 0.9194444444444444 0 0.9194444444444444 0 0.9083333333333333 0.009375 0.9 0.0140625 0.9 0.0609375 0.8722222222222222 0.0671875 0.8722222222222222 0.078125 0.8638888888888889 0.0828125 0.8638888888888889 0.1015625 0.85 0.1171875 0.8444444444444444
0 0.3 0.95 0.3015625 0.9388888888888889 0.315625 0.9138888888888889 0.334375 0.8861111111111111 0.3546875 0.85 0.365625 0.8361111111111111 0.3734375 0.8361111111111111 0.3734375 0.8444444444444444 0.359375 0.875 0.31875 0.9472222222222222 0.3125 0.9527777777777777 0.303125 0.9527777777777777 0.3015625 0.95
0 0.41875 0.7444444444444445 0.4171875 0.7527777777777778 0.4125 0.7583333333333333 0.4078125 0.7555555555555555 0.409375 0.75 0.4125 0.7444444444444445 0.4171875 0.7444444444444445
0 0.5359375 0.7416666666666667 0.5421875 0.7472222222222222 0.5453125 0.7555555555555555 0.5390625 0.7555555555555555 0.5328125 0.75 0.5296875 0.7416666666666667 0.53125 0.7388888888888889 0.534375 0.7416666666666667
0 0.396875 0.7777777777777778 0.4015625 0.775 0.4046875 0.7777777777777778 0.4015625 0.7861111111111111 0.396875 0.7861111111111111 0.396875 0.7805555555555556
0 0.625 0.8472222222222222 0.63125 0.8416666666666667 0.6421875 0.85 0.6625 0.875 0.6765625 0.8888888888888888 0.6796875 0.8888888888888888 0.6875 0.9 0.70625 0.9166666666666666 0.71875 0.9333333333333333 0.7234375 0.9416666666666667 0.7203125 0.9472222222222222 0.703125 0.9388888888888889 0.653125 0.8805555555555555 0.6375 0.8666666666666667 0.6265625 0.85
0 0.5671875 0.7777777777777778 0.5734375 0.7777777777777778 0.575 0.7833333333333333 0.5734375 0.7861111111111111 0.56875 0.7833333333333333 0.56875 0.7805555555555556
0 0.5 0.7111111111111111 0.50625 0.7194444444444444 0.5046875 0.7222222222222222 0.496875 0.7194444444444444 0.4953125 0.7138888888888889 0.4984375 0.7111111111111111