0 0.4390625 0.6916666666666667 0.45 0.6972222222222222 0.4546875 0.7055555555555556 0.4390625 0.7027777777777777 0.43125 0.6944444444444444 0.4375 0.6916666666666667
0 0.05625 0.9055555555555556 0.0765625 0.8888888888888888 0.09375 0.8861111111111111 0.0953125 0.8833333333333333 0.125 0.8833333333333333 0.1265625 0.8888888888888888 0.1125 0.9 0.103125 0.9055555555555556 0.0578125 0.9055555555555556
0 0.1125 0.8666666666666667 0.1140625 0.8611111111111112 0.1328125 0.85 0.16875 0.85 0.165625 0.8583333333333333 0.15625 0.8666666666666667 0.1421875 0.8666666666666667 0.140625 0.8694444444444445 0.1390625 0.8666666666666667 0.1140625 0.8666666666666667
0 0.3859375 0.6916666666666667 0.3875 0.6944444444444444 0.3984375 0.6944444444444444 0.4 0.6972222222222222 0.403125 0.6944444444444444 0.4125 0.6944444444444444 0.4140625 0.6972222222222222 0.415625 0.6944444444444444 0.440625 0.6916666666666667 0.4515625 0.6972222222222222 0.4578125 0.7027777777777777 0.4578125 0.7055555555555556 0.44375 0.7055555555555556 0.425 0.6972222222222222 0.3984375 0.6972222222222222 0.396875 0.7 0.39375 0.6944444444444444 0.390625 0.7027777777777777 0.3859375 0.7055555555555556 0.3796875 0.7055555555555556 0.378125 0.7027777777777777 0.35 0.7027777777777777 0.3484375 0.7055555555555556 0.34375 0.7027777777777777 0.34375 0.6944444444444444 0.3484375 0.6916666666666667 0.384375 0.6916666666666667
0 0.1828125 0.8194444444444444 0.184375 0.8222222222222222 0.2015625 0.8222222222222222 0.1984375 0.8305555555555556 0.1921875 0.8361111111111111 0.153125 0.8361111111111111 0.1546875 0.8305555555555556 0.1578125 0.8305555555555556 0.1625 0.825 0.18125 0.8194444444444444
0 0.0671875 0.9277777777777778 0.071875 0.9305555555555556 0.06875 0.9361111111111111 0.059375 0.9416666666666667 0.046875 0.9555555555555556 0.0296875 0.9583333333333334 0.028125 0.9611111111111111 0 0.9611111111111111 0 0.9416666666666667 0.0234375 0.9277777777777778 0.040625 0.9277777777777778 0.0421875 0.9305555555555556 0.0453125 0.9277777777777778 0.065625 0.9277777777777778
0 0.3828125 0.6916666666666667 0.3875 0.6972222222222222 0.3875 0.7027777777777777 0.378125 0.7027777777777777 0.375 0.6944444444444444 0.38125 0.6916666666666667
0 0.5296875 0.8083333333333333 0.53125 0.8111111111111111 0.534375 0.8083333333333333 0.5375 0.8111111111111111 0.5421875 0.8083333333333333 0.54375 0.8111111111111111 0.5484375 0.8083333333333333 0.5578125 0.8083333333333333 0.559375 0.8111111111111111 0.5640625 0.8083333333333333 0.5625 0.8138888888888889 0.5578125 0.8166666666666667 0.55 0.8138888888888889 0.546875 0.8194444444444444 0.4609375 0.8222222222222222 0.459375 0.825 0.4046875 0.825 0.403125 0.8194444444444444 0.396875 0.8277777777777777 0.28125 0.8333333333333334 0.2796875 0.8361111111111111 0.240625 0.8361111111111111 0.2390625 0.8333333333333334 0.2484375 0.8222222222222222 0.2640625 0.8222222222222222 0.265625 0.8194444444444444 0.3390625 0.8194444444444444 0.340625 0.8166666666666667 0.3703125 0.8166666666666667 0.371875 0.8138888888888889 0.4015625 0.8138888888888889 0.403125 0.8166666666666667 0.4125 0.8111111111111111 0.41875 0.8111111111111111 0.4203125 0.8138888888888889 0.425 0.8111111111111111 0.4546875 0.8138888888888889 0.45625 0.8111111111111111 0.528125 0.8083333333333333
0 0.3546875 0.6916666666666667 0.35625 0.6944444444444444 0.384375 0.6916666666666667 0.390625 0.7 0.3859375 0.7055555555555556 0.3796875 0.7055555555555556 0.3734375 0.7 0.3703125 0.7027777777777777 0.34375 0.7027777777777777 0.34375 0.6944444444444444 0.353125 0.6944444444444444
0 0.0375 0.9277777777777778 0.0390625 0.9305555555555556 0.0703125 0.9305555555555556 0.0703125 0.9333333333333333 0.05625 0.9444444444444444 0.05 0.9527777777777777 0.040625 0.9583333333333334 0.0234375 0.9583333333333334 0.021875 0.9611111111111111 0 0.9611111111111111 0 0.9416666666666667 0.025 0.9277777777777778 0.0359375 0.9277777777777778
0 0.5515625 0.8166666666666667 0.5578125 0.8194444444444444 0.59375 0.8666666666666667 0.609375 0.8833333333333333 0.6609375 0.9527777777777777 0.66875 0.9666666666666667 0.675 0.9722222222222222 0.6890625 0.9972222222222222 0.6671875 0.9972222222222222 0.6640625 0.9944444444444445 0.6390625 0.9527777777777777 0.621875 0.9305555555555556 0.603125 0.9 0.553125 0.8333333333333334 0.546875 0.8194444444444444 0.55 0.8166666666666667
0 0.5546875 0.8111111111111111 0.5671875 0.8333333333333334 0.5765625 0.8416666666666667 0.653125 0.9416666666666667 0.66875 0.9666666666666667 0.6828125 0.9833333333333333 0.6890625 0.9972222222222222 0.665625 0.9972222222222222 0.6390625 0.9527777777777777 0.6234375 0.9333333333333333 0.6140625 0.9166666666666666 0.55625 0.8388888888888889 0.546875 0.8222222222222222 0.5421875 0.8194444444444444 0.459375 0.8222222222222222 0.4578125 0.825 0.3984375 0.825 0.396875 0.8277777777777777 0.3703125 0.8277777777777777 0.36875 0.8305555555555556 0.240625 0.8361111111111111 0.2390625 0.8333333333333334 0.240625 0.8305555555555556 0.25 0.8222222222222222 0.2734375 0.8222222222222222 0.275 0.8194444444444444 0.34375 0.8194444444444444 0.3453125 0.8166666666666667 0.384375 0.8166666666666667 0.3859375 0.8138888888888889 0.4015625 0.8138888888888889 0.403125 0.8166666666666667 0.4046875 0.8138888888888889 0.465625 0.8138888888888889 0.4671875 0.8111111111111111 0.553125 0.8111111111111111
0 0.396875 0.8527777777777777 0.40625 0.8722222222222222 0.4203125 0.9111111111111111 0.4328125 0.9361111111111111 0.4359375 0.9472222222222222 0.43125 0.95 0.4125 0.95 0.4109375 0.9527777777777777 0.3890625 0.9527777777777777 0.3828125 0.9611111111111111 0.3765625 0.9972222222222222 0.3546875 0.9972222222222222 0.353125 0.9944444444444445 0.3640625 0.9611111111111111 0.3625 0.9555555555555556 0.3140625 0.9583333333333334 0.325 0.9416666666666667 0.346875 0.9166666666666666 0.3640625 0.8888888888888888 0.375 0.8777777777777778 0.390625 0.8555555555555555 0.3953125 0.8527777777777777