0 0.3546875 0.9916666666666667 0.4265625 0.8944444444444445 0.434375 0.8888888888888888 0.440625 0.8916666666666667 0.4359375 0.9027777777777778 0.4125 0.9361111111111111 0.4109375 0.9416666666666667 0.3953125 0.9611111111111111 0.375 0.9944444444444445 0.3703125 0.9972222222222222 0.3546875 0.9972222222222222 0.3546875 0.9944444444444445
0 0.759375 0.9 0.76875 0.9 0.775 0.9055555555555556 0.790625 0.9277777777777778 0.8 0.9361111111111111 0.8203125 0.9611111111111111 0.8265625 0.9722222222222222 0.846875 0.9944444444444445 0.846875 0.9972222222222222 0.83125 0.9972222222222222 0.825 0.9916666666666667 0.7609375 0.9083333333333333 0.759375 0.9027777777777778
0 0.7671875 0.8027777777777778 0.775 0.8083333333333333 0.7921875 0.8111111111111111 0.8015625 0.8166666666666667 0.80625 0.8305555555555556 0.815625 0.8305555555555556 0.8234375 0.825 0.840625 0.825 0.8421875 0.8277777777777777 0.8546875 0.8277777777777777 0.85625 0.8305555555555556 0.871875 0.8333333333333334 0.8890625 0.8444444444444444 0.890625 0.8611111111111112 0.8875 0.8638888888888889 0.871875 0.8527777777777777 0.8578125 0.8527777777777777 0.8453125 0.8583333333333333 0.8421875 0.8666666666666667 0.8375 0.8694444444444445 0.8265625 0.8666666666666667 0.7828125 0.8277777777777777 0.7734375 0.8222222222222222 0.7546875 0.8194444444444444 0.753125 0.8166666666666667 0.753125 0.8055555555555556 0.7546875 0.8027777777777778 0.765625 0.8027777777777778
0 0.4421875 0.7861111111111111 0.4421875 0.7944444444444444 0.428125 0.8138888888888889 0.425 0.8138888888888889 0.421875 0.8083333333333333 0.4109375 0.8083333333333333 0.35 0.8444444444444444 0.34375 0.8444444444444444 0.3421875 0.8388888888888889 0.390625 0.8111111111111111 0.3953125 0.8 0.4140625 0.7916666666666666 0.440625 0.7861111111111111
0 0.303125 0.7805555555555556 0.2984375 0.7888888888888889 0.2765625 0.8 0.2484375 0.8027777777777778 0.2390625 0.8083333333333333 0.221875 0.8111111111111111 0.2125 0.8166666666666667 0.1953125 0.8194444444444444 0.19375 0.8222222222222222 0.178125 0.825 0.1609375 0.8333333333333334 0.15 0.8333333333333334 0.1484375 0.8361111111111111 0.1390625 0.8333333333333334 0.153125 0.825 0.1609375 0.825 0.178125 0.8166666666666667 0.221875 0.8055555555555556 0.2546875 0.7888888888888889 0.2828125 0.7861111111111111 0.284375 0.7833333333333333 0.3015625 0.7805555555555556
0 0.89375 0.8111111111111111 0.9015625 0.8166666666666667 0.928125 0.825 0.940625 0.8333333333333334 0.9421875 0.8361111111111111 0.940625 0.8388888888888889 0.9140625 0.8305555555555556 0.9015625 0.8222222222222222 0.89375 0.8222222222222222 0.8859375 0.8166666666666667 0.8875 0.8111111111111111 0.8921875 0.8111111111111111
0 0.1515625 0.875 0.15 0.8805555555555555 0.1421875 0.8861111111111111 0.1359375 0.8861111111111111 0.1109375 0.9 0.1046875 0.9 0.046875 0.9277777777777778 0.025 0.9333333333333333 0.003125 0.9444444444444444 0 0.9444444444444444 0 0.9333333333333333 0.0421875 0.9194444444444444 0.0671875 0.9055555555555556 0.0875 0.9 0.134375 0.8777777777777778 0.15 0.875
0 0 0.8416666666666667 0.0078125 0.8416666666666667 0.0234375 0.8333333333333334 0.0328125 0.8333333333333334 0.034375 0.8305555555555556 0.0515625 0.8277777777777777 0.053125 0.825 0.0609375 0.825 0.071875 0.8194444444444444 0.103125 0.8138888888888889 0.121875 0.8055555555555556 0.15625 0.8 0.1578125 0.7972222222222223 0.165625 0.7972222222222223 0.1765625 0.7916666666666666 0.1890625 0.7916666666666666 0.190625 0.7888888888888889 0.2078125 0.7861111111111111 0.215625 0.7805555555555556 0.2625 0.7722222222222223 0.2703125 0.7666666666666667 0.30625 0.7611111111111111 0.3171875 0.7555555555555555 0.3265625 0.7555555555555555 0.328125 0.7527777777777778 0.3375 0.7527777777777778 0.35 0.7472222222222222 0.3625 0.7472222222222222 0.3640625 0.7444444444444445 0.375 0.7444444444444445 0.3765625 0.7416666666666667 0.3875 0.7416666666666667 0.3890625 0.7388888888888889 0.4109375 0.7361111111111112 0.4125 0.7333333333333333 0.446875 0.7305555555555555 0.446875 0.7333333333333333 0.44375 0.7333333333333333 0.4390625 0.7388888888888889 0.4046875 0.7416666666666667 0.3859375 0.75 0.3265625 0.7611111111111111 0.325 0.7638888888888888 0.3171875 0.7638888888888888 0.315625 0.7666666666666667 0.3078125 0.7666666666666667 0.296875 0.7722222222222223 0.2703125 0.775 0.26875 0.7777777777777778 0.234375 0.7861111111111111 0.2328125 0.7888888888888889 0.2109375 0.7916666666666666 0.19375 0.8 0.1828125 0.8 0.1703125 0.8055555555555556 0.146875 0.8083333333333333 0.1390625 0.8138888888888889 0.1078125 0.8194444444444444 0.096875 0.825 0.0796875 0.8277777777777777 0.078125 0.8305555555555556 0.06875 0.8305555555555556 0.0671875 0.8333333333333334 0.059375 0.8333333333333334 0.0484375 0.8388888888888889 0.0390625 0.8388888888888889 0.0375 0.8416666666666667 0.0296875 0.8416666666666667 0.028125 0.8444444444444444 0.0203125 0.8444444444444444 0.009375 0.85 0.0015625 0.85 0 0.8527777777777777 0 0.8444444444444444
0 0.45625 0.7527777777777778 0.4578125 0.7472222222222222 0.4671875 0.7416666666666667 0.475 0.7416666666666667 0.4765625 0.7472222222222222 0.4671875 0.7527777777777778 0.4578125 0.7527777777777778
0 0.3734375 0.7805555555555556 0.371875 0.7861111111111111 0.3671875 0.7888888888888889 0.3609375 0.7888888888888889 0.353125 0.7944444444444444 0.346875 0.7944444444444444 0.303125 0.8138888888888889 0.3015625 0.8083333333333333 0.3078125 0.8027777777777778 0.3203125 0.8 0.3453125 0.7861111111111111 0.371875 0.7805555555555556
0 0.6828125 0.7777777777777778 0.696875 0.8 0.6984375 0.8055555555555556 0.696875 0.8083333333333333 0.6890625 0.8055555555555556 0.678125 0.7861111111111111 0.6765625 0.7777777777777778 0.678125 0.775 0.68125 0.7777777777777778
0 0.6125 0.7972222222222223 0.621875 0.8055555555555556 0.6171875 0.8111111111111111 0.6125 0.8111111111111111 0.603125 0.8277777777777777 0.603125 0.8361111111111111 0.5984375 0.8527777777777777 0.5890625 0.8527777777777777 0.5875 0.85 0.5875 0.8361111111111111 0.5921875 0.8166666666666667 0.5890625 0.8111111111111111 0.58125 0.8111111111111111 0.578125 0.8055555555555556 0.5828125 0.8 0.59375 0.7972222222222223 0.6 0.7916666666666666 0.6046875 0.7916666666666666 0.6109375 0.7972222222222223
0 0.9984375 0.8138888888888889 0.9984375 0.8333333333333334 0.990625 0.8333333333333334 0.984375 0.8277777777777777 0.9890625 0.8166666666666667 0.996875 0.8138888888888889
0 0.50625 0.7972222222222223 0.509375 0.7888888888888889 0.5296875 0.7694444444444445 0.534375 0.7694444444444445 0.5328125 0.7777777777777778 0.5140625 0.7972222222222223 0.5078125 0.7972222222222223
0 0.46875 0.8416666666666667 0.46875 0.8361111111111111 0.4734375 0.8305555555555556 0.48125 0.8305555555555556 0.4828125 0.8333333333333334 0.4734375 0.8444444444444444 0.4703125 0.8416666666666667
0 0.721875 0.85 0.728125 0.85 0.7359375 0.8611111111111112 0.7359375 0.8638888888888889 0.728125 0.8638888888888889 0.721875 0.8527777777777777