0 0.4640625 0.5666666666666667 0.4609375 0.575 0.453125 0.575 0.453125 0.5694444444444444 0.459375 0.5638888888888889 0.4625 0.5666666666666667
0 0.6453125 0.75 0.6484375 0.75 0.6609375 0.7611111111111111 0.7171875 0.8611111111111112 0.7265625 0.8833333333333333 0.725 0.8861111111111111 0.7109375 0.8833333333333333 0.7015625 0.8722222222222222 0.6921875 0.85 0.65625 0.7861111111111111 0.6453125 0.7611111111111111 0.64375 0.7555555555555555 0.6453125 0.7527777777777778
0 0.35625 0.5805555555555556 0.3578125 0.5833333333333334 0.35625 0.5861111111111111 0.3484375 0.5916666666666667 0.3390625 0.5916666666666667 0.34375 0.5861111111111111 0.3546875 0.5805555555555556
0 0.553125 0.5722222222222222 0.5609375 0.5805555555555556 0.5546875 0.5833333333333334 0.5515625 0.575
0 0.1859375 0.6805555555555556 0.221875 0.6583333333333333 0.2265625 0.6583333333333333 0.23125 0.6527777777777778 0.234375 0.6555555555555556 0.228125 0.6638888888888889 0.2 0.6805555555555556 0.1875 0.6805555555555556
0 0.4140625 0.625 0.425 0.6055555555555555 0.43125 0.6083333333333333 0.4234375 0.6222222222222222 0.415625 0.625
0 0.4140625 0.65 0.415625 0.65 0.4109375 0.6611111111111111 0.39375 0.6888888888888889 0.36875 0.6861111111111111 0.3734375 0.675 0.3796875 0.6694444444444444 0.390625 0.6527777777777778 0.3984375 0.6472222222222223 0.4015625 0.65 0.4125 0.6472222222222223
0 0.425 0.6222222222222222 0.434375 0.6055555555555555 0.4421875 0.6055555555555555 0.4421875 0.6111111111111112 0.4390625 0.6166666666666667 0.43125 0.625 0.4265625 0.625
0 0.6453125 0.7527777777777778 0.65 0.7527777777777778 0.6609375 0.7611111111111111 0.7171875 0.8611111111111112 0.7265625 0.8833333333333333 0.721875 0.8861111111111111 0.7203125 0.8833333333333333 0.7109375 0.8833333333333333 0.7078125 0.8805555555555555 0.6796875 0.825 0.659375 0.7916666666666666 0.6453125 0.7611111111111111 0.6453125 0.7555555555555555
0 0.1296875 0.7166666666666667 0.11875 0.7277777777777777 0.1 0.7388888888888889 0.0953125 0.7388888888888889 0.0796875 0.75 0.075 0.75 0.0640625 0.7583333333333333 0.059375 0.7583333333333333 0.0515625 0.7666666666666667 0.0453125 0.7666666666666667 0.04375 0.7611111111111111 0.05 0.7583333333333333 0.053125 0.7527777777777778 0.075 0.7444444444444445 0.1109375 0.7222222222222222 0.128125 0.7166666666666667
0 0.3296875 0.5972222222222222 0.328125 0.6027777777777777 0.315625 0.6111111111111112 0.309375 0.6111111111111112 0.3109375 0.6055555555555555 0.31875 0.6027777777777777 0.3234375 0.5972222222222222 0.328125 0.5972222222222222
0 0.359375 0.7333333333333333 0.3609375 0.7416666666666667 0.3390625 0.7805555555555556 0.328125 0.7944444444444444 0.3 0.8444444444444444 0.2890625 0.8527777777777777 0.2765625 0.85 0.2859375 0.8305555555555556 0.3078125 0.7972222222222223 0.3125 0.7944444444444444 0.31875 0.7805555555555556 0.346875 0.7388888888888889 0.353125 0.7333333333333333 0.3578125 0.7333333333333333
0 0.1296875 0.7166666666666667 0.1296875 0.7194444444444444 0.1265625 0.7194444444444444 0.11875 0.7277777777777777 0.1 0.7388888888888889 0.0953125 0.7388888888888889 0.084375 0.7472222222222222 0.0796875 0.7472222222222222 0.05625 0.7611111111111111 0.0515625 0.7666666666666667 0.0421875 0.7666666666666667 0.0421875 0.7638888888888888 0.046875 0.7583333333333333 0.05 0.7583333333333333 0.053125 0.7527777777777778 0.06875 0.7472222222222222 0.1171875 0.7194444444444444 0.128125 0.7166666666666667
0 0.4140625 0.625 0.41875 0.6138888888888889 0.4265625 0.6055555555555555 0.440625 0.6055555555555555 0.4421875 0.6083333333333333 0.440625 0.6138888888888889 0.43125 0.625 0.415625 0.625
0 0.2921875 0.6194444444444445 0.2875 0.6277777777777778 0.265625 0.6388888888888888 0.2625 0.6361111111111111 0.2671875 0.6305555555555555 0.290625 0.6194444444444445
0 0.5734375 0.6194444444444445 0.58125 0.6194444444444445 0.590625 0.6361111111111111 0.5890625 0.6416666666666667 0.584375 0.6416666666666667 0.5734375 0.6222222222222222
0 0.4359375 0.5972222222222222 0.4359375 0.5916666666666667 0.440625 0.5833333333333334 0.4453125 0.5805555555555556 0.45 0.5694444444444444 0.4828125 0.5333333333333333 0.484375 0.5361111111111111 0.4765625 0.5527777777777778 0.46875 0.5666666666666667 0.4609375 0.575 0.4515625 0.5944444444444444 0.4375 0.5972222222222222
0 0.44296875 0.5875 0.015625 0.022222222222222223
0 0.4546875 0.5805555555555556 0.45625 0.5861111111111111 0.4515625 0.5944444444444444 0.4453125 0.5944444444444444 0.4453125 0.5916666666666667 0.4484375 0.5833333333333334 0.453125 0.5805555555555556
0 0.60625 0.6638888888888889 0.6265625 0.7027777777777777 0.6234375 0.7083333333333334 0.615625 0.7055555555555556 0.6 0.675 0.596875 0.6638888888888889 0.5984375 0.6611111111111111 0.6046875 0.6638888888888889
0 0.5609375 0.5888888888888889 0.565625 0.5916666666666667 0.5703125 0.6 0.5671875 0.6055555555555555 0.5609375 0.5972222222222222 0.5609375 0.5916666666666667
0 0.334375 0.7333333333333333 0.3375 0.7416666666666667 0.3296875 0.7555555555555555 0.33125 0.7611111111111111 0.3421875 0.7444444444444445 0.353125 0.7333333333333333 0.359375 0.7333333333333333 0.3609375 0.7416666666666667 0.3015625 0.8416666666666667 0.2953125 0.85 0.2890625 0.8527777777777777 0.2765625 0.85 0.2765625 0.8472222222222222 0.290625 0.8222222222222222 0.3109375 0.7944444444444444 0.321875 0.775 0.3203125 0.7722222222222223 0.3109375 0.7805555555555556 0.3 0.8 0.278125 0.825 0.2609375 0.85 0.253125 0.85 0.2484375 0.8444444444444444 0.2484375 0.8388888888888889 0.2640625 0.8166666666666667 0.2734375 0.8083333333333333 0.284375 0.7916666666666666 0.290625 0.7861111111111111 0.3 0.7694444444444445 0.3171875 0.75 0.3234375 0.7388888888888889 0.3328125 0.7333333333333333