0 0.875 0.725 0.8765625 0.7277777777777777 0.8828125 0.725 0.884375 0.7277777777777777 0.9125 0.7277777777777777 0.9140625 0.725 0.9203125 0.725 0.921875 0.7277777777777777 0.9875 0.7277777777777777 0.9890625 0.7305555555555555 0.9984375 0.7277777777777777 0.9984375 0.7694444444444445 0.9953125 0.7722222222222223 0.9765625 0.7722222222222223 0.975 0.7694444444444445 0.8953125 0.7694444444444445 0.865625 0.7555555555555555 0.8453125 0.7527777777777778 0.828125 0.7388888888888889 0.8125 0.7361111111111112 0.8125 0.7305555555555555 0.821875 0.725 0.8734375 0.725
0 0.5296875 0.7527777777777778 0.5484375 0.7527777777777778 0.5578125 0.7861111111111111 0.55625 0.7916666666666666 0.5328125 0.7916666666666666 0.5296875 0.7861111111111111 0.5296875 0.7555555555555555
0 0.63125 0.75 0.6515625 0.75 0.659375 0.7583333333333333 0.703125 0.7833333333333333 0.70625 0.7888888888888889 0.678125 0.7888888888888889 0.6328125 0.7527777777777778
0 0.7953125 0.7611111111111111 0.815625 0.7638888888888888 0.828125 0.7722222222222223 0.8390625 0.7722222222222223 0.8796875 0.7916666666666666 0.9171875 0.8027777777777778 0.9375 0.8138888888888889 0.9296875 0.8166666666666667 0.928125 0.8138888888888889 0.9046875 0.8111111111111111 0.8671875 0.7944444444444444 0.853125 0.7916666666666666 0.83125 0.7777777777777778 0.8171875 0.775 0.7953125 0.7638888888888888
0 0.403125 0.7611111111111111 0.3984375 0.7694444444444445 0.375 0.7888888888888889 0.3625 0.7972222222222223 0.3515625 0.7972222222222223 0.35 0.8 0.3421875 0.8 0.34375 0.7944444444444444 0.353125 0.7861111111111111 0.3578125 0.7861111111111111 0.3625 0.7805555555555556 0.3734375 0.775 0.3859375 0.7611111111111111 0.39375 0.7611111111111111 0.3953125 0.7583333333333333 0.4015625 0.7611111111111111
0 0.4484375 0.7527777777777778 0.4484375 0.7583333333333333 0.4421875 0.7694444444444445 0.425 0.7916666666666666 0.41875 0.7944444444444444 0.4015625 0.7944444444444444 0.4 0.7916666666666666 0.4015625 0.7888888888888889 0.4328125 0.7555555555555555 0.446875 0.7527777777777778
0 0.684375 0.7527777777777778 0.7015625 0.7527777777777778 0.734375 0.7722222222222223 0.746875 0.775 0.784375 0.7944444444444444 0.784375 0.7972222222222223 0.753125 0.7944444444444444 0.734375 0.7805555555555556 0.7296875 0.7805555555555556 0.684375 0.7555555555555555
0 0.49375 0.7055555555555556 0.4953125 0.7083333333333334 0.515625 0.7083333333333334 0.5171875 0.7055555555555556 0.5203125 0.7083333333333334 0.5265625 0.7083333333333334 0.528125 0.7055555555555556 0.534375 0.7055555555555556 0.5359375 0.7083333333333334 0.5375 0.7055555555555556 0.5421875 0.7083333333333334 0.5484375 0.7083333333333334 0.55 0.7055555555555556 0.5515625 0.7083333333333334 0.559375 0.7083333333333334 0.5609375 0.7055555555555556 0.578125 0.7055555555555556 0.5796875 0.7083333333333334 0.578125 0.7138888888888889 0.5515625 0.7166666666666667 0.55 0.7194444444444444 0.5421875 0.7194444444444444 0.540625 0.7166666666666667 0.50625 0.7194444444444444 0.5046875 0.7166666666666667 0.4875 0.7138888888888889 0.4828125 0.7194444444444444 0.4765625 0.7194444444444444 0.475 0.7166666666666667 0.45 0.7194444444444444 0.44375 0.7166666666666667 0.4421875 0.7194444444444444 0.4125 0.7194444444444444 0.40625 0.7222222222222222 0.4046875 0.7194444444444444 0.378125 0.7194444444444444 0.3734375 0.7166666666666667 0.3984375 0.7166666666666667 0.4 0.7138888888888889 0.4140625 0.7138888888888889 0.4265625 0.7083333333333334 0.4921875 0.7083333333333334
0 0.4921875 0.75 0.4984375 0.7527777777777778 0.4984375 0.7555555555555555 0.49375 0.7805555555555556 0.4890625 0.7916666666666666 0.4640625 0.7916666666666666 0.4640625 0.7888888888888889 0.4796875 0.7527777777777778 0.490625 0.75
0 0.5796875 0.75 0.5984375 0.75 0.6296875 0.7861111111111111 0.6265625 0.7888888888888889 0.6 0.7888888888888889 0.5796875 0.7527777777777778
0 0.4984375 0.75 0.5 0.7527777777777778 0.5296875 0.7527777777777778 0.53125 0.75 0.546875 0.75 0.5484375 0.7527777777777778 0.55625 0.7527777777777778 0.5578125 0.75 0.625 0.75 0.6265625 0.7527777777777778 0.628125 0.75 0.653125 0.75 0.65625 0.7527777777777778 0.6578125 0.75 0.66875 0.75 0.665625 0.7527777777777778 0.6671875 0.7583333333333333 0.671875 0.7583333333333333 0.6734375 0.7555555555555555 0.671875 0.7527777777777778 0.6890625 0.7527777777777778 0.690625 0.75 0.69375 0.7527777777777778 0.7109375 0.7527777777777778 0.7125 0.75 0.740625 0.7527777777777778 0.74375 0.75 0.7515625 0.7555555555555555 0.775 0.7583333333333333 0.7765625 0.7611111111111111 0.7828125 0.7583333333333333 0.7859375 0.7611111111111111 0.7984375 0.7583333333333333 0.8 0.7611111111111111 0.8140625 0.7611111111111111 0.815625 0.7638888888888888 0.825 0.7638888888888888 0.8265625 0.7611111111111111 0.8453125 0.7638888888888888 0.8484375 0.7611111111111111 0.85625 0.7694444444444445 0.875 0.7722222222222223 0.9109375 0.7888888888888889 0.921875 0.7888888888888889 0.9234375 0.7916666666666666 0.959375 0.8027777777777778 0.9625 0.8055555555555556 0.9625 0.8111111111111111 0.95625 0.8166666666666667 0.921875 0.8166666666666667 0.9203125 0.8138888888888889 0.909375 0.8138888888888889 0.8984375 0.8083333333333333 0.884375 0.8083333333333333 0.8796875 0.8027777777777778 0.8703125 0.8083333333333333 0.8453125 0.8083333333333333 0.84375 0.8055555555555556 0.83125 0.8055555555555556 0.81875 0.7972222222222223 0.8 0.7944444444444444 0.796875 0.7888888888888889 0.79375 0.7944444444444444 0.790625 0.7944444444444444 0.7859375 0.8 0.771875 0.8 0.7703125 0.7972222222222223 0.7578125 0.7972222222222223 0.7375 0.7861111111111111 0.73125 0.7888888888888889 0.728125 0.7861111111111111 0.71875 0.7861111111111111 0.70625 0.7916666666666666 0.7 0.7916666666666666 0.6984375 0.7888888888888889 0.6703125 0.7888888888888889 0.665625 0.7916666666666666 0.6625 0.7861111111111111 0.6484375 0.7861111111111111 0.646875 0.7888888888888889 0.603125 0.7888888888888889 0.6015625 0.7916666666666666 0.596875 0.7888888888888889 0.575 0.7888888888888889 0.5734375 0.7916666666666666 0.553125 0.7916666666666666 0.5515625 0.7944444444444444 0.515625 0.7888888888888889 0.5140625 0.7916666666666666 0.4875 0.7916666666666666 0.4859375 0.7944444444444444 0.4640625 0.7944444444444444 0.4625 0.7916666666666666 0.45 0.7916666666666666 0.4484375 0.7944444444444444 0.440625 0.7944444444444444 0.4390625 0.7916666666666666 0.4359375 0.7944444444444444 0.365625 0.7944444444444444 0.35625 0.8 0.3390625 0.8 0.3421875 0.7944444444444444 0.35625 0.7861111111111111 0.3609375 0.7777777777777778 0.36875 0.7777777777777778 0.375 0.7694444444444445 0.3875 0.7638888888888888 0.39375 0.7555555555555555 0.4125 0.7583333333333333 0.4140625 0.7555555555555555 0.4296875 0.7555555555555555 0.43125 0.7527777777777778 0.48125 0.7527777777777778 0.4828125 0.75 0.496875 0.75
0 0.5453125 0.9555555555555556 0.546875 0.9583333333333334 0.575 0.9583333333333334 0.5765625 0.9611111111111111 0.69375 0.9611111111111111 0.6953125 0.9583333333333334 0.7015625 0.9583333333333334 0.703125 0.9611111111111111 0.7203125 0.9611111111111111 0.721875 0.9583333333333334 0.7578125 0.9583333333333334 0.759375 0.9611111111111111 0.765625 0.9611111111111111 0.7671875 0.9583333333333334 0.8140625 0.9583333333333334 0.81875 0.9611111111111111 0.8203125 0.9583333333333334 0.821875 0.9611111111111111 0.85 0.9611111111111111 0.8515625 0.9638888888888889 0.86875 0.9638888888888889 0.8703125 0.9666666666666667 0.8921875 0.9666666666666667 0.89375 0.9638888888888889 0.9078125 0.9666666666666667 0.9109375 0.9638888888888889 0.9125 0.9666666666666667 0.9953125 0.9694444444444444 0.9984375 0.9722222222222222 0.9984375 0.9944444444444445 0.9953125 0.9972222222222222 0.9546875 0.9972222222222222 0.953125 0.9944444444444445 0.9453125 0.9944444444444445 0.94375 0.9972222222222222 0.9203125 0.9972222222222222 0.91875 0.9944444444444445 0.9 0.9944444444444445 0.8984375 0.9972222222222222 0.85 0.9972222222222222 0.8484375 0.9944444444444445 0.8453125 0.9972222222222222 0.8421875 0.9944444444444445 0.834375 0.9944444444444445 0.8328125 0.9972222222222222 0.7875 0.9972222222222222 0.7859375 0.9944444444444445 0.7609375 0.9944444444444445 0.759375 0.9972222222222222 0.7140625 0.9972222222222222 0.7125 0.9944444444444445 0.6671875 0.9944444444444445 0.665625 0.9972222222222222 0.6484375 0.9972222222222222 0.646875 0.9944444444444445 0.634375 0.9944444444444445 0.6328125 0.9972222222222222 0.5875 0.9972222222222222 0.5859375 0.9944444444444445 0.578125 0.9944444444444445 0.5765625 0.9972222222222222 0.55 0.9972222222222222 0.5484375 0.9944444444444445 0.515625 0.9944444444444445 0.5140625 0.9972222222222222 0.50625 0.9972222222222222 0.5046875 0.9944444444444445 0.503125 0.9972222222222222 0.496875 0.9944444444444445 0.4671875 0.9944444444444445 0.465625 0.9972222222222222 0.4515625 0.9972222222222222 0.45 0.9944444444444445 0.44375 0.9944444444444445 0.4421875 0.9972222222222222 0.4078125 0.9972222222222222 0.40625 0.9944444444444445 0.3890625 0.9944444444444445 0.3875 0.9972222222222222 0.3515625 0.9972222222222222 0.35 0.9944444444444445 0.3140625 0.9944444444444445 0.3125 0.9972222222222222 0.28125 0.9972222222222222 0.2796875 0.9944444444444445 0.2734375 0.9944444444444445 0.271875 0.9972222222222222 0.2125 0.9972222222222222 0.2109375 0.9944444444444445 0.203125 0.9944444444444445 0.2015625 0.9972222222222222 0.0875 0.9972222222222222 0.1046875 0.9805555555555555 0.11875 0.9777777777777777 0.1203125 0.975 0.2375 0.9722222222222222 0.2390625 0.9694444444444444 0.253125 0.9694444444444444 0.2546875 0.9666666666666667 0.2671875 0.9666666666666667 0.26875 0.9694444444444444 0.2828125 0.9694444444444444 0.284375 0.9666666666666667 0.29375 0.9666666666666667 0.2953125 0.9694444444444444 0.30625 0.9694444444444444 0.3078125 0.9666666666666667 0.3796875 0.9694444444444444 0.38125 0.9666666666666667 0.4078125 0.9666666666666667 0.409375 0.9638888888888889 0.45 0.9638888888888889 0.4515625 0.9611111111111111 0.4671875 0.9611111111111111 0.46875 0.9583333333333334 0.54375 0.9555555555555556
0 0.840625 0.7611111111111111 0.8625 0.7638888888888888 0.8859375 0.7777777777777778 0.9 0.7805555555555556 0.9140625 0.7888888888888889 0.9234375 0.7888888888888889 0.925 0.7916666666666666 0.9390625 0.7944444444444444 0.9546875 0.8027777777777778 0.9546875 0.8055555555555556 0.9296875 0.8027777777777778 0.915625 0.7944444444444444 0.909375 0.7944444444444444 0.903125 0.7888888888888889 0.89375 0.7888888888888889 0.8859375 0.7833333333333333 0.86875 0.7805555555555556 0.859375 0.7722222222222223 0.840625 0.7638888888888888
0 0.7375 0.7555555555555555 0.75 0.7555555555555555 0.7765625 0.7694444444444445 0.7875 0.7694444444444445 0.796875 0.7777777777777778 0.8125 0.7805555555555556 0.828125 0.7916666666666666 0.834375 0.7916666666666666 0.846875 0.8 0.8671875 0.8055555555555556 0.859375 0.8083333333333333 0.8578125 0.8055555555555556 0.8296875 0.8027777777777778 0.7984375 0.7888888888888889 0.78125 0.7777777777777778 0.775 0.7777777777777778 0.7546875 0.7666666666666667 0.746875 0.7666666666666667 0.7375 0.7583333333333333