0 0.675 0.7777777777777778 0.7015625 0.7944444444444444 0.7078125 0.8027777777777778 0.7203125 0.8111111111111111 0.7234375 0.8194444444444444 0.7109375 0.8166666666666667 0.703125 0.8055555555555556 0.68125 0.7916666666666666 0.6734375 0.7805555555555556
0 0.5078125 0.6972222222222222 0.5171875 0.7138888888888889 0.509375 0.7111111111111111 0.50625 0.7
0 0 0.7972222222222223 0.009375 0.7972222222222223 0.0125 0.8027777777777778 0.015625 0.8 0.021875 0.8027777777777778 0.0296875 0.7972222222222223 0.0453125 0.7972222222222223 0.04375 0.8055555555555556 0.0359375 0.8083333333333333 0.03125 0.8138888888888889 0.01875 0.8194444444444444 0.0171875 0.8166666666666667 0.0046875 0.8194444444444444 0.003125 0.8222222222222222 0 0.8222222222222222 0 0.8
0 0.215625 0.8333333333333334 0.21875 0.825 0.2265625 0.825 0.2265625 0.8472222222222222 0.21875 0.8638888888888889 0.2125 0.8638888888888889 0.2109375 0.8666666666666667 0.2015625 0.8666666666666667 0.2 0.8611111111111112 0.2140625 0.8472222222222222 0.21875 0.8388888888888889 0.2171875 0.8333333333333334
0 0.7140625 0.7388888888888889 0.73125 0.7416666666666667 0.7359375 0.7444444444444445 0.740625 0.7527777777777778 0.7625 0.7583333333333333 0.7703125 0.7666666666666667 0.778125 0.7694444444444445 0.78125 0.775 0.76875 0.775 0.753125 0.7611111111111111 0.75 0.7611111111111111 0.746875 0.7555555555555555 0.7359375 0.7527777777777778 0.734375 0.7472222222222222 0.7234375 0.7472222222222222 0.715625 0.7416666666666667
0 0.078125 0.8361111111111111 0.0796875 0.8388888888888889 0.0875 0.8388888888888889 0.0890625 0.8444444444444444 0.0578125 0.9 0.0390625 0.9277777777777778 0.0296875 0.9527777777777777 0.025 0.9555555555555556 0.0078125 0.9527777777777777 0.00625 0.9472222222222222 0 0.9472222222222222 0 0.925 0.0015625 0.9222222222222223 0 0.9166666666666666 0 0.8638888888888889 0.0171875 0.8555555555555555 0.0203125 0.8583333333333333 0.0265625 0.8527777777777777 0.0328125 0.8527777777777777 0.0421875 0.8472222222222222 0.0609375 0.8444444444444444 0.0765625 0.8361111111111111
0 0.2828125 0.6666666666666666 0.2859375 0.6666666666666666 0.2671875 0.6833333333333333 0.2546875 0.6861111111111111 0.240625 0.6972222222222222 0.215625 0.7027777777777777 0.2125 0.7111111111111111 0.19375 0.7138888888888889 0.1828125 0.7222222222222222 0.1703125 0.725 0.16875 0.7277777777777777 0.1671875 0.725 0.15625 0.7333333333333333 0.1515625 0.7333333333333333 0.146875 0.7388888888888889 0.140625 0.7416666666666667 0.1375 0.7388888888888889 0.109375 0.7555555555555555 0.1078125 0.7527777777777778 0.10625 0.7555555555555555 0.1 0.7555555555555555 0.084375 0.7666666666666667 0.0734375 0.7666666666666667 0.0546875 0.7777777777777778 0.0484375 0.7777777777777778 0.046875 0.775 0.0453125 0.7777777777777778 0.0375 0.7777777777777778 0.01875 0.7861111111111111 0.0171875 0.7833333333333333 0.0140625 0.7861111111111111 0.0109375 0.7805555555555556 0.0078125 0.7805555555555556 0.0109375 0.7722222222222223 0.0171875 0.7694444444444445 0.0203125 0.7722222222222223 0.025 0.7666666666666667 0.0359375 0.7638888888888888 0.0421875 0.7583333333333333 0.0578125 0.7555555555555555 0.0640625 0.75 0.084375 0.7444444444444445 0.109375 0.7305555555555555 0.1140625 0.7333333333333333 0.1375 0.7194444444444444 0.1421875 0.7222222222222222 0.1671875 0.7083333333333334 0.1703125 0.7111111111111111 0.196875 0.6972222222222222 0.2140625 0.6944444444444444 0.2296875 0.6833333333333333 0.234375 0.6861111111111111 0.2546875 0.675 0.2625 0.675 0.28125 0.6666666666666666
0 0.246875 0.6527777777777778 0.25 0.6555555555555556 0.2375 0.6611111111111111 0.221875 0.6611111111111111 0.203125 0.6694444444444444 0.190625 0.6694444444444444 0.1765625 0.6777777777777778 0.134375 0.6833333333333333 0.1328125 0.6861111111111111 0.115625 0.6888888888888889 0.1140625 0.6916666666666667 0.1078125 0.6888888888888889 0.0828125 0.7 0.078125 0.6972222222222222 0.0671875 0.7 0.0515625 0.7083333333333334 0.04375 0.7055555555555556 0.025 0.7138888888888889 0.01875 0.7111111111111111 0.0109375 0.7138888888888889 0.0109375 0.7083333333333334 0.0203125 0.7027777777777777 0.021875 0.7055555555555556 0.028125 0.7055555555555556 0.046875 0.6972222222222222 0.0515625 0.7 0.075 0.6888888888888889 0.08125 0.6916666666666667 0.0828125 0.6888888888888889 0.1 0.6861111111111111 0.109375 0.6805555555555556 0.115625 0.6833333333333333 0.1328125 0.675 0.1421875 0.6777777777777778 0.14375 0.675 0.1625 0.6722222222222223 0.1640625 0.6694444444444444 0.1703125 0.6694444444444444 0.171875 0.6722222222222223 0.1953125 0.6611111111111111 0.203125 0.6638888888888889 0.2203125 0.6555555555555556 0.2453125 0.6555555555555556
0 0.1859375 0.775 0.1890625 0.7666666666666667 0.2046875 0.7583333333333333 0.209375 0.7583333333333333 0.2109375 0.7611111111111111 0.209375 0.7666666666666667 0.20625 0.7666666666666667 0.1984375 0.775 0.1875 0.775
0 0.5375 0.7722222222222223 0.54375 0.7722222222222223 0.5515625 0.7861111111111111 0.5546875 0.7944444444444444 0.5546875 0.8 0.5609375 0.8138888888888889 0.559375 0.8194444444444444 0.553125 0.8166666666666667 0.5375 0.775
0 0.6234375 0.9861111111111112 0.634375 0.9861111111111112 0.6375 0.9888888888888889 0.6421875 0.9972222222222222 0.6265625 0.9972222222222222 0.625 0.9888888888888889
0 0.0921875 0.9611111111111111 0.1046875 0.9472222222222222 0.1109375 0.9472222222222222 0.1125 0.9444444444444444 0.1234375 0.9444444444444444 0.125 0.95 0.121875 0.9555555555555556 0.10625 0.9638888888888889 0.1046875 0.9611111111111111 0.09375 0.9611111111111111
0 0.284375 0.6666666666666666 0.2875 0.6666666666666666 0.2640625 0.6861111111111111 0.2578125 0.6861111111111111 0.2515625 0.6916666666666667 0.246875 0.6916666666666667 0.2421875 0.6972222222222222 0.234375 0.6972222222222222 0.215625 0.7055555555555556 0.2140625 0.7083333333333334 0.215625 0.7138888888888889 0.1890625 0.7166666666666667 0.1734375 0.7277777777777777 0.1640625 0.7277777777777777 0.153125 0.7361111111111112 0.128125 0.7444444444444445 0.1109375 0.7555555555555555 0.1078125 0.7527777777777778 0.1015625 0.7555555555555555 0.0796875 0.7694444444444445 0.075 0.7666666666666667 0.05625 0.7777777777777778 0.04375 0.7777777777777778 0.0421875 0.7805555555555556 0.0328125 0.7805555555555556 0.021875 0.7861111111111111 0.00625 0.7805555555555556 0.009375 0.7722222222222223 0.0171875 0.7666666666666667 0.021875 0.7694444444444445 0.0328125 0.7611111111111111 0.0546875 0.7555555555555555 0.0609375 0.75 0.06875 0.75 0.0796875 0.7416666666666667 0.08125 0.7444444444444445 0.0828125 0.7416666666666667 0.0890625 0.7416666666666667 0.1078125 0.7305555555555555 0.125 0.7277777777777777 0.1359375 0.7194444444444444 0.1453125 0.7194444444444444 0.165625 0.7083333333333334 0.175 0.7083333333333334 0.1765625 0.7055555555555556 0.1890625 0.7027777777777777 0.1953125 0.6972222222222222 0.2109375 0.6944444444444444 0.2296875 0.6833333333333333 0.2359375 0.6861111111111111 0.2546875 0.675 0.2640625 0.675 0.2828125 0.6666666666666666