0 0.40625 0.7944444444444444 0.40625 0.8 0.3953125 0.8305555555555556 0.3953125 0.8361111111111111 0.390625 0.8388888888888889 0.3859375 0.8361111111111111 0.3921875 0.8138888888888889 0.4 0.7944444444444444 0.4046875 0.7944444444444444
0 0.4703125 0.675 0.4671875 0.6666666666666666 0.46875 0.6638888888888889 0.4765625 0.6638888888888889 0.471875 0.6722222222222223
0 0.5515625 0.7805555555555556 0.559375 0.7805555555555556 0.5765625 0.8138888888888889 0.575 0.8222222222222222 0.5671875 0.8194444444444444 0.5515625 0.7833333333333333
0 0.5125 0.6638888888888889 0.5140625 0.6611111111111111 0.51875 0.6638888888888889 0.51875 0.6694444444444444 0.5140625 0.6666666666666666
0 0.171875 0.7444444444444445 0.1734375 0.7472222222222222 0.165625 0.7555555555555555 0.159375 0.7555555555555555 0.1546875 0.7611111111111111 0.1484375 0.7611111111111111 0.1296875 0.7722222222222223 0.1234375 0.7722222222222223 0.11875 0.7777777777777778 0.1015625 0.7833333333333333 0.0953125 0.7888888888888889 0.0828125 0.7916666666666666 0.078125 0.7972222222222223 0.0359375 0.8138888888888889 0.0328125 0.8194444444444444 0.015625 0.825 0.009375 0.8305555555555556 0.00625 0.8305555555555556 0.00625 0.825 0.03125 0.8138888888888889 0.034375 0.8083333333333333 0.046875 0.8055555555555556 0.059375 0.7972222222222223 0.0765625 0.7916666666666666 0.08125 0.7861111111111111 0.0875 0.7861111111111111 0.10625 0.775 0.1203125 0.7722222222222223 0.128125 0.7638888888888888 0.146875 0.7555555555555555 0.15625 0.7555555555555555 0.1703125 0.7472222222222222
0 0.2890625 0.7777777777777778 0.2890625 0.7833333333333333 0.28125 0.7805555555555556 0.2875 0.7777777777777778
0 0.49765625 0.6722222222222223 0.0046875 0.011111111111111112
0 0.44453125 0.6777777777777778 0.0046875 0.008333333333333333
0 0.0640625 0.9833333333333333 0.0796875 0.975 0.08125 0.9777777777777777 0.0765625 0.9861111111111112 0.071875 0.9888888888888889 0.0640625 0.9888888888888889 0.0640625 0.9861111111111112
0 0.0859375 0.7555555555555555 0.0890625 0.7527777777777778 0.1 0.7527777777777778 0.1140625 0.7444444444444445 0.1203125 0.7444444444444445 0.125 0.7388888888888889 0.13125 0.7388888888888889 0.1328125 0.7416666666666667 0.125 0.7444444444444445 0.121875 0.75 0.109375 0.7527777777777778 0.1015625 0.7583333333333333 0.0875 0.7583333333333333
0 0.52265625 0.6625 0.0171875 0.011111111111111112
0 0.2328125 0.8277777777777777 0.2359375 0.8333333333333334 0.221875 0.8444444444444444 0.2109375 0.8583333333333333 0.1921875 0.875 0.1859375 0.8777777777777778 0.1859375 0.8722222222222222 0.2109375 0.85 0.21875 0.8388888888888889 0.23125 0.8305555555555556
0 0.421875 0.7388888888888889 0.4234375 0.7277777777777777 0.4296875 0.725 0.428125 0.7333333333333333 0.421875 0.7416666666666667
0 0.60625 0.9055555555555556 0.615625 0.9 0.61875 0.9055555555555556 0.61875 0.9111111111111111 0.615625 0.9138888888888889 0.6109375 0.9138888888888889 0.60625 0.9083333333333333
0 0.315625 0.75 0.3234375 0.7416666666666667 0.3328125 0.7388888888888889 0.3328125 0.7416666666666667 0.3203125 0.7527777777777778 0.3171875 0.7527777777777778
0 0.35625 0.9194444444444444 0.359375 0.9166666666666666 0.365625 0.9194444444444444 0.3640625 0.9277777777777778 0.3546875 0.9277777777777778 0.35625 0.9222222222222223
0 0.4375 0.7 0.0078125 0.013888888888888888
0 0.390625 0.6833333333333333 0.0078125 0.008333333333333333
0 0.5171875 0.7138888888888889 0.521875 0.7138888888888889 0.528125 0.725 0.525 0.7305555555555555 0.5171875 0.7166666666666667
0 0.50625 0.6902777777777778 0.0078125 0.013888888888888888
0 0.3671875 0.7 0.3703125 0.7 0.36875 0.7083333333333334 0.365625 0.7083333333333334 0.3671875 0.7027777777777777