0 0.134375 0.7083333333333334 0.1296875 0.7138888888888889 0.1234375 0.7138888888888889 0.0734375 0.7361111111111112 0.065625 0.7361111111111112 0.053125 0.7444444444444445 0.0453125 0.7416666666666667 0.0375 0.7472222222222222 0.021875 0.75 0.0046875 0.7583333333333333 0 0.7583333333333333 0 0.75 0.00625 0.7472222222222222 0.0296875 0.7416666666666667 0.0453125 0.7333333333333333 0.0671875 0.7305555555555555 0.0828125 0.7222222222222222 0.1078125 0.7166666666666667 0.115625 0.7111111111111111 0.1328125 0.7083333333333334
0 0.846875 0.875 0.853125 0.875 0.8671875 0.8888888888888888 0.8796875 0.8944444444444445 0.903125 0.9138888888888889 0.93125 0.9305555555555556 0.9453125 0.9416666666666667 0.9484375 0.9472222222222222 0.95625 0.95 0.959375 0.9555555555555556 0.99375 0.9777777777777777 0.99375 0.9916666666666667 0.9890625 0.9916666666666667 0.98125 0.9833333333333333 0.9453125 0.9583333333333334 0.9359375 0.9472222222222222 0.9203125 0.9388888888888889 0.9125 0.9305555555555556 0.89375 0.9194444444444444 0.8875 0.9111111111111111 0.8640625 0.8972222222222223 0.8546875 0.8861111111111111 0.8484375 0.8833333333333333 0.846875 0.8777777777777778
0 0.0421875 0.8138888888888889 0.04375 0.8138888888888889 0.0421875 0.8166666666666667 0.0359375 0.8222222222222222 0 0.8416666666666667 0.0015625 0.8305555555555556 0.00625 0.8305555555555556 0.0171875 0.8222222222222222 0.021875 0.8222222222222222 0.040625 0.8111111111111111
0 0.3796875 0.7305555555555555 0.38125 0.7333333333333333 0.3796875 0.7361111111111112 0.3734375 0.7416666666666667 0.36875 0.7416666666666667 0.3546875 0.7555555555555555 0.328125 0.7972222222222223 0.3125 0.8138888888888889 0.2703125 0.8777777777777778 0.265625 0.8833333333333333 0.2625 0.8833333333333333 0.253125 0.9 0.234375 0.9222222222222223 0.228125 0.9333333333333333 0.21875 0.9416666666666667 0.1875 0.9888888888888889 0.1703125 0.9888888888888889 0.1703125 0.9861111111111112 0.2015625 0.9416666666666667 0.221875 0.9194444444444444 0.25 0.8805555555555555 0.2546875 0.875 0.2578125 0.875 0.3125 0.7972222222222223 0.3265625 0.7833333333333333 0.3484375 0.75 0.35625 0.7416666666666667 0.378125 0.7305555555555555
0 0.846875 0.875 0.853125 0.875 0.8671875 0.8888888888888888 0.884375 0.8972222222222223 0.903125 0.9138888888888889 0.9109375 0.9166666666666666 0.9390625 0.9388888888888889 0.946875 0.9416666666666667 0.959375 0.9555555555555556 0.99375 0.9777777777777777 0.99375 0.9916666666666667 0.9859375 0.9888888888888889 0.959375 0.9666666666666667 0.95625 0.9666666666666667 0.94375 0.9527777777777777 0.9359375 0.95 0.928125 0.9416666666666667 0.9203125 0.9388888888888889 0.9125 0.9305555555555556 0.89375 0.9194444444444444 0.8875 0.9111111111111111 0.8671875 0.9 0.8546875 0.8861111111111111 0.8484375 0.8833333333333333 0.846875 0.8777777777777778
0 0.64375 0.9166666666666666 0.65 0.9222222222222223 0.690625 0.9972222222222222 0.6734375 0.9972222222222222 0.6625 0.9722222222222222 0.653125 0.9555555555555556 0.6453125 0.9472222222222222 0.64375 0.9194444444444444
0 0.0484375 0.9 0.05 0.9083333333333333 0.021875 0.9277777777777778 0 0.9472222222222222 0 0.9305555555555556 0.025 0.9138888888888889 0.0328125 0.9055555555555556 0.046875 0.9
0 0.171875 0.9861111111111112 0.2 0.9444444444444444 0.2109375 0.9305555555555556 0.2140625 0.9305555555555556 0.25 0.8805555555555555 0.25625 0.8777777777777778 0.2796875 0.8416666666666667 0.3046875 0.8111111111111111 0.3125 0.7972222222222223 0.3265625 0.7833333333333333 0.35 0.7472222222222222 0.359375 0.7388888888888889 0.3765625 0.7305555555555555 0.3796875 0.7361111111111112 0.36875 0.7416666666666667 0.3546875 0.7555555555555555 0.3265625 0.8 0.3046875 0.825 0.2828125 0.8611111111111112 0.2765625 0.8666666666666667 0.26875 0.8805555555555555 0.2625 0.8833333333333333 0.253125 0.9 0.234375 0.9222222222222223 0.228125 0.9333333333333333 0.2140625 0.9472222222222222 0.1890625 0.9861111111111112 0.1859375 0.9888888888888889 0.18125 0.9861111111111112 0.1765625 0.9888888888888889 0.1734375 0.9861111111111112
0 0.725 0.7083333333333334 0.73125 0.7138888888888889 0.740625 0.7166666666666667 0.7484375 0.725 0.753125 0.725 0.75625 0.7305555555555555 0.7546875 0.7333333333333333 0.740625 0.7305555555555555 0.7359375 0.725 0.7171875 0.7138888888888889 0.715625 0.7111111111111111 0.7234375 0.7083333333333334
0 0.190625 0.7972222222222223 0.1921875 0.7888888888888889 0.2109375 0.775 0.21875 0.775 0.2171875 0.7833333333333333 0.2 0.7972222222222223 0.1921875 0.7972222222222223
0 0.6671875 0.7444444444444445 0.66875 0.7416666666666667 0.678125 0.7444444444444445 0.68125 0.75 0.684375 0.75 0.7125 0.7722222222222223 0.7140625 0.775 0.7125 0.7777777777777778 0.703125 0.775 0.66875 0.7472222222222222
0 0.1953125 0.7361111111111112 0.1921875 0.7416666666666667 0.1875 0.7416666666666667 0.1828125 0.7472222222222222 0.1546875 0.7638888888888888 0.15 0.7638888888888888 0.14375 0.7694444444444445 0.1359375 0.7694444444444445 0.13125 0.775 0.125 0.775 0.075 0.8027777777777778 0.065625 0.8027777777777778 0.06875 0.7972222222222223 0.0765625 0.7944444444444444 0.0859375 0.7861111111111111 0.103125 0.7805555555555556 0.1125 0.7722222222222223 0.128125 0.7694444444444445 0.1390625 0.7611111111111111 0.146875 0.7611111111111111 0.15625 0.7527777777777778 0.175 0.7444444444444445 0.184375 0.7333333333333333 0.19375 0.7361111111111112
0 0.1875 0.7305555555555555 0.1890625 0.7361111111111112 0.19375 0.7361111111111112 0.1921875 0.7388888888888889 0.1875 0.7388888888888889 0.16875 0.7527777777777778 0.165625 0.75 0.1625 0.7527777777777778 0.1640625 0.75 0.1625 0.7472222222222222 0.1515625 0.75 0.1421875 0.7555555555555555 0.140625 0.7611111111111111 0.1453125 0.7638888888888888 0.1421875 0.7666666666666667 0.1359375 0.7666666666666667 0.1390625 0.7611111111111111 0.1375 0.7583333333333333 0.11875 0.7638888888888888 0.10625 0.7833333333333333 0.090625 0.7888888888888889 0.0953125 0.7833333333333333 0.090625 0.7805555555555556 0.084375 0.7888888888888889 0.0859375 0.7944444444444444 0.08125 0.7972222222222223 0.06875 0.8 0.075 0.7944444444444444 0.0796875 0.7944444444444444 0.0828125 0.7888888888888889 0.078125 0.7861111111111111 0.0765625 0.7888888888888889 0.0640625 0.7916666666666666 0.053125 0.8 0.0421875 0.8 0.0359375 0.8055555555555556 0.01875 0.8111111111111111 0.0015625 0.8222222222222222 0 0.8222222222222222 0 0.8138888888888889 0.025 0.8027777777777778 0.040625 0.7916666666666666 0.05625 0.7888888888888889 0.08125 0.775 0.0921875 0.7722222222222223 0.0984375 0.7666666666666667 0.103125 0.7666666666666667 0.109375 0.7611111111111111 0.1328125 0.7527777777777778 0.1390625 0.7472222222222222 0.1421875 0.75 0.153125 0.7416666666666667 0.159375 0.7416666666666667 0.178125 0.7305555555555555 0.1859375 0.7305555555555555
0 0.1875 0.7277777777777777 0.190625 0.7333333333333333 0.196875 0.7333333333333333 0.196875 0.7361111111111112 0.146875 0.7666666666666667 0.140625 0.7694444444444445 0.1390625 0.7666666666666667 0.128125 0.775 0.121875 0.775 0.1109375 0.7833333333333333 0.090625 0.7916666666666666 0.08125 0.8 0.0671875 0.8027777777777778 0.06875 0.7972222222222223 0.071875 0.7972222222222223 0.0765625 0.7916666666666666 0.0703125 0.7888888888888889 0.053125 0.8 0.0421875 0.8 0.0359375 0.8055555555555556 0.01875 0.8111111111111111 0.0015625 0.8222222222222222 0 0.8222222222222222 0 0.8138888888888889 0.025 0.8 0.0296875 0.8 0.040625 0.7916666666666666 0.05625 0.7888888888888889 0.0625 0.7833333333333333 0.075 0.7805555555555556 0.1140625 0.7583333333333333 0.1390625 0.7472222222222222 0.1453125 0.7472222222222222 0.1859375 0.7277777777777777