0 0.440625 0.7027777777777777 0.446875 0.7 0.4484375 0.7027777777777777 0.4609375 0.7055555555555556 0.4640625 0.7111111111111111 0.4546875 0.7138888888888889 0.440625 0.7055555555555556
0 0.0734375 0.9611111111111111 0.09375 0.9416666666666667 0.1 0.9416666666666667 0.1125 0.9333333333333333 0.1265625 0.9333333333333333 0.128125 0.9305555555555556 0.1421875 0.9305555555555556 0.14375 0.9361111111111111 0.1203125 0.9555555555555556 0.075 0.9611111111111111
0 0.128125 0.9138888888888889 0.13125 0.9083333333333333 0.1421875 0.9 0.146875 0.9 0.15 0.8944444444444445 0.171875 0.8944444444444445 0.1734375 0.8916666666666667 0.184375 0.8916666666666667 0.184375 0.8944444444444445 0.171875 0.9111111111111111 0.1296875 0.9138888888888889
0 0.39375 0.7055555555555556 0.3953125 0.7083333333333334 0.4078125 0.7083333333333334 0.409375 0.7111111111111111 0.415625 0.7055555555555556 0.4234375 0.7083333333333334 0.425 0.7055555555555556 0.4359375 0.7055555555555556 0.440625 0.7 0.4484375 0.7 0.45 0.7027777777777777 0.4625 0.7055555555555556 0.4671875 0.7083333333333334 0.4671875 0.7111111111111111 0.453125 0.7138888888888889 0.44375 0.7083333333333334 0.4375 0.7111111111111111 0.434375 0.7083333333333334 0.4171875 0.7083333333333334 0.40625 0.7138888888888889 0.403125 0.7083333333333334 0.4 0.7166666666666667 0.396875 0.7166666666666667 0.3921875 0.7222222222222222 0.3875 0.7194444444444444 0.371875 0.7194444444444444 0.3703125 0.7222222222222222 0.359375 0.7222222222222222 0.3578125 0.725 0.353125 0.7222222222222222 0.353125 0.7138888888888889 0.3578125 0.7111111111111111 0.3921875 0.7083333333333334
0 0.215625 0.8611111111111112 0.2125 0.8694444444444445 0.20625 0.875 0.1734375 0.8777777777777778 0.171875 0.8805555555555555 0.1671875 0.8777777777777778 0.18125 0.8638888888888889 0.1890625 0.8638888888888889 0.1953125 0.8583333333333333 0.1984375 0.8611111111111112 0.2140625 0.8611111111111112
0 0.084375 0.9472222222222222 0.096875 0.9388888888888889 0.1046875 0.9388888888888889 0.109375 0.9333333333333333 0.1265625 0.9333333333333333 0.13125 0.9277777777777778 0.14375 0.9305555555555556 0.1453125 0.9333333333333333 0.1421875 0.9388888888888889 0.1328125 0.9444444444444444 0.128125 0.9527777777777777 0.1140625 0.9555555555555556 0.10625 0.9611111111111111 0.0890625 0.9611111111111111 0.084375 0.9666666666666667 0.0765625 0.9666666666666667 0.071875 0.9638888888888889 0.071875 0.9611111111111111 0.084375 0.95
0 0.384375 0.7083333333333334 0.39375 0.7083333333333334 0.396875 0.7138888888888889 0.396875 0.7166666666666667 0.3875 0.7194444444444444 0.384375 0.7111111111111111
0 0.5546875 0.8027777777777778 0.559375 0.8055555555555556 0.5609375 0.8027777777777778 0.5734375 0.8027777777777778 0.5765625 0.8 0.5765625 0.8055555555555556 0.5703125 0.8111111111111111 0.5625 0.8083333333333333 0.559375 0.8138888888888889 0.553125 0.8138888888888889 0.5515625 0.8166666666666667 0.53125 0.8166666666666667 0.5296875 0.8194444444444444 0.5078125 0.8222222222222222 0.50625 0.825 0.4859375 0.825 0.484375 0.8277777777777777 0.475 0.8277777777777777 0.4625 0.8333333333333334 0.440625 0.8333333333333334 0.4390625 0.8361111111111111 0.41875 0.8361111111111111 0.415625 0.8333333333333334 0.4109375 0.8416666666666667 0.396875 0.8416666666666667 0.3953125 0.8444444444444444 0.375 0.8472222222222222 0.3734375 0.85 0.3515625 0.85 0.35 0.8527777777777777 0.3390625 0.8527777777777777 0.328125 0.8583333333333333 0.3078125 0.8583333333333333 0.30625 0.8611111111111112 0.2953125 0.8611111111111112 0.2828125 0.8666666666666667 0.2625 0.8666666666666667 0.2609375 0.8694444444444445 0.2546875 0.8694444444444445 0.253125 0.8666666666666667 0.2609375 0.8583333333333333 0.2625 0.8527777777777777 0.278125 0.8527777777777777 0.284375 0.8472222222222222 0.35 0.8416666666666667 0.3546875 0.8361111111111111 0.371875 0.8361111111111111 0.3734375 0.8333333333333334 0.384375 0.8333333333333334 0.3953125 0.8277777777777777 0.4171875 0.8277777777777777 0.4265625 0.8222222222222222 0.4359375 0.825 0.440625 0.8194444444444444 0.4609375 0.8222222222222222 0.4703125 0.8166666666666667 0.50625 0.8138888888888889 0.5078125 0.8111111111111111 0.51875 0.8111111111111111 0.5296875 0.8055555555555556 0.5421875 0.8055555555555556 0.54375 0.8083333333333333 0.553125 0.8055555555555556
0 0.3953125 0.7083333333333334 0.4 0.7138888888888889 0.3921875 0.7222222222222222 0.3828125 0.7166666666666667 0.3703125 0.7222222222222222 0.353125 0.7222222222222222 0.353125 0.7138888888888889 0.3609375 0.7138888888888889 0.3625 0.7111111111111111 0.36875 0.7138888888888889 0.3765625 0.7083333333333334 0.39375 0.7083333333333334
0 0.05625 0.9861111111111112 0.0609375 0.9888888888888889 0.0625 0.9861111111111112 0.0828125 0.9861111111111112 0.0890625 0.9833333333333333 0.0890625 0.9861111111111112 0.0796875 0.9972222222222222 0.028125 0.9972222222222222 0.0359375 0.9944444444444445 0.04375 0.9861111111111112 0.0546875 0.9861111111111112
0 0.5609375 0.8111111111111111 0.575 0.8166666666666667 0.5984375 0.8416666666666667 0.6078125 0.8555555555555555 0.6109375 0.8555555555555555 0.61875 0.8666666666666667 0.625 0.8694444444444445 0.6359375 0.8861111111111111 0.6390625 0.8861111111111111 0.6484375 0.9 0.6515625 0.9 0.6625 0.9166666666666666 0.665625 0.9166666666666666 0.6703125 0.925 0.6796875 0.9333333333333333 0.6875 0.9472222222222222 0.69375 0.95 0.7015625 0.9638888888888889 0.7046875 0.9638888888888889 0.709375 0.9722222222222222 0.7078125 0.975 0.690625 0.975 0.6890625 0.9777777777777777 0.684375 0.975 0.6578125 0.9361111111111111 0.646875 0.925 0.6421875 0.9166666666666666 0.6390625 0.9166666666666666 0.6296875 0.9 0.6109375 0.8805555555555555 0.6 0.8638888888888889 0.596875 0.8638888888888889 0.5765625 0.8361111111111111 0.5734375 0.8361111111111111 0.5609375 0.8138888888888889
0 0.5671875 0.8055555555555556 0.578125 0.8222222222222222 0.5859375 0.8277777777777777 0.59375 0.8388888888888889 0.596875 0.8388888888888889 0.6015625 0.8472222222222222 0.60625 0.8527777777777777 0.609375 0.8527777777777777 0.61875 0.8666666666666667 0.625 0.8694444444444445 0.634375 0.8833333333333333 0.6375 0.8833333333333333 0.6484375 0.9 0.6515625 0.9 0.6625 0.9166666666666666 0.665625 0.9166666666666666 0.675 0.9305555555555556 0.6796875 0.9333333333333333 0.6875 0.9472222222222222 0.69375 0.95 0.7 0.9611111111111111 0.7046875 0.9638888888888889 0.709375 0.9722222222222222 0.7078125 0.975 0.690625 0.975 0.6890625 0.9777777777777777 0.6859375 0.9777777777777777 0.6578125 0.9361111111111111 0.6390625 0.9166666666666666 0.63125 0.9027777777777778 0.621875 0.8944444444444445 0.615625 0.8833333333333333 0.6125 0.8833333333333333 0.6078125 0.8777777777777778 0.6 0.8638888888888889 0.59375 0.8611111111111112 0.5875 0.85 0.5703125 0.8333333333333334 0.5609375 0.8166666666666667 0.5546875 0.8138888888888889 0.5515625 0.8166666666666667 0.5171875 0.8194444444444444 0.50625 0.825 0.4859375 0.825 0.484375 0.8277777777777777 0.4734375 0.8277777777777777 0.4625 0.8333333333333334 0.41875 0.8361111111111111 0.4109375 0.8416666666666667 0.396875 0.8416666666666667 0.3953125 0.8444444444444444 0.384375 0.8444444444444444 0.3734375 0.85 0.3515625 0.85 0.35 0.8527777777777777 0.3375 0.8527777777777777 0.328125 0.8583333333333333 0.3078125 0.8583333333333333 0.30625 0.8611111111111112 0.2921875 0.8611111111111112 0.290625 0.8638888888888889 0.2875 0.8611111111111112 0.2828125 0.8666666666666667 0.2546875 0.8694444444444445 0.253125 0.8666666666666667 0.2640625 0.8527777777777777 0.2828125 0.8527777777777777 0.2890625 0.8472222222222222 0.35 0.8416666666666667 0.3515625 0.8388888888888889 0.371875 0.8361111111111111 0.3734375 0.8333333333333334 0.39375 0.8333333333333334 0.4 0.8277777777777777 0.478125 0.8194444444444444 0.484375 0.8138888888888889 0.50625 0.8138888888888889 0.5078125 0.8111111111111111 0.565625 0.8055555555555556
0 0.4125 0.8666666666666667 0.421875 0.8833333333333333 0.4375 0.9222222222222223 0.4515625 0.9444444444444444 0.4546875 0.9555555555555556 0.4421875 0.9611111111111111 0.421875 0.9638888888888889 0.4203125 0.9666666666666667 0.4078125 0.9666666666666667 0.4015625 0.975 0.4 0.9972222222222222 0.378125 0.9972222222222222 0.3828125 0.9805555555555555 0.38125 0.9722222222222222 0.3578125 0.975 0.353125 0.9805555555555555 0.334375 0.9805555555555555 0.334375 0.9777777777777777 0.3640625 0.9361111111111111 0.384375 0.9 0.390625 0.8944444444444445 0.40625 0.8694444444444445 0.4109375 0.8666666666666667