0 0.3703125 0.8361111111111111 0.3703125 0.8305555555555556 0.3734375 0.8222222222222222 0.390625 0.7833333333333333 0.3953125 0.7833333333333333 0.3921875 0.8055555555555556 0.378125 0.8388888888888889 0.371875 0.8361111111111111
0 0.4953125 0.6722222222222223 0.5 0.6722222222222223 0.5015625 0.6805555555555556 0.4984375 0.6805555555555556 0.496875 0.675
0 0.321875 0.6972222222222222 0.31875 0.7027777777777777 0.3015625 0.7138888888888889 0.3 0.7111111111111111 0.3015625 0.7055555555555556 0.3046875 0.7055555555555556 0.3125 0.6972222222222222 0.3203125 0.6972222222222222
0 0.5625 0.8138888888888889 0.565625 0.8138888888888889 0.5734375 0.825 0.6 0.8861111111111111 0.5984375 0.8916666666666667 0.59375 0.8916666666666667 0.5875 0.8833333333333333 0.58125 0.8694444444444445 0.5796875 0.8611111111111112 0.56875 0.8388888888888889 0.56875 0.8333333333333334 0.5640625 0.825 0.5625 0.8166666666666667
0 0.4484375 0.6472222222222223 0.4453125 0.6555555555555556 0.4421875 0.6555555555555556 0.446875 0.6472222222222223
0 0.1234375 0.6361111111111111 0.125 0.6388888888888888 0.1484375 0.6361111111111111 0.1484375 0.6388888888888888 0.14375 0.6416666666666667 0.11875 0.6416666666666667 0.11875 0.6388888888888888 0.121875 0.6388888888888888
0 0.1953125 0.775 0.196875 0.7777777777777778 0.2046875 0.7694444444444445 0.2140625 0.7666666666666667 0.2203125 0.7611111111111111 0.2234375 0.7666666666666667 0.2125 0.775 0.2078125 0.775 0.2015625 0.7833333333333333 0.1890625 0.7888888888888889 0.184375 0.7944444444444444 0.1796875 0.7944444444444444 0.175 0.8 0.165625 0.8027777777777778 0.159375 0.8083333333333333 0.1546875 0.8055555555555556 0.15625 0.8 0.1609375 0.8 0.16875 0.7916666666666666 0.1734375 0.7916666666666666 0.19375 0.7777777777777778
0 0.359375 0.6694444444444444 0.3625 0.6722222222222223 0.3578125 0.6777777777777778 0.353125 0.675 0.3578125 0.6722222222222223
0 0.3875 0.6527777777777778 0.3875 0.6583333333333333 0.384375 0.6611111111111111 0.38125 0.6611111111111111 0.38125 0.6583333333333333 0.3859375 0.6527777777777778
0 0.440625 0.6666666666666666 0.0046875 0.011111111111111112
0 0.4234375 0.7083333333333334 0.4234375 0.7194444444444444 0.41875 0.725 0.4140625 0.7222222222222222 0.421875 0.7083333333333334
0 0.50625 0.6888888888888889 0.5125 0.6972222222222222 0.5125 0.7027777777777777 0.509375 0.7027777777777777 0.5046875 0.6916666666666667
0 0.265625 0.7305555555555555 0.2671875 0.725 0.271875 0.7222222222222222 0.275 0.7277777777777777 0.2671875 0.7305555555555555
0 0.434375 0.6805555555555556 0.4359375 0.6805555555555556 0.434375 0.6888888888888889 0.4296875 0.6861111111111111 0.4328125 0.6805555555555556
0 0.521875 0.7277777777777777 0.5265625 0.7277777777777777 0.534375 0.7444444444444445 0.534375 0.75 0.53125 0.75 0.521875 0.7305555555555555