0 0.7890625 0.9055555555555556 0.790625 0.9083333333333333 0.7984375 0.9083333333333333 0.8125 0.9222222222222223 0.834375 0.9361111111111111 0.8578125 0.9583333333333334 0.8859375 0.9777777777777777 0.9046875 0.9972222222222222 0.8640625 0.9972222222222222 0.8625 0.9944444444444445 0.859375 0.9972222222222222 0.85625 0.9944444444444445 0.84375 0.9972222222222222 0.8421875 0.9944444444444445 0.834375 0.9944444444444445 0.8109375 0.9694444444444444 0.7984375 0.9611111111111111 0.79375 0.9527777777777777 0.7703125 0.9333333333333333 0.753125 0.9111111111111111 0.7546875 0.9083333333333333 0.7875 0.9055555555555556
0 0.0953125 0.9277777777777778 0 0.9916666666666667 0 0.9583333333333334 0.05 0.9277777777777778 0.09375 0.925
0 0.353125 0.9138888888888889 0.3546875 0.9194444444444444 0.3515625 0.9277777777777778 0.31875 0.9861111111111112 0.3109375 0.9944444444444445 0.2953125 0.9944444444444445 0.29375 0.9972222222222222 0.2453125 0.9972222222222222 0.2515625 0.9861111111111112 0.26875 0.9666666666666667 0.29375 0.9305555555555556 0.309375 0.9138888888888889 0.3140625 0.9111111111111111 0.3171875 0.9138888888888889 0.3515625 0.9138888888888889
0 0.61875 0.9111111111111111 0.6578125 0.9888888888888889 0.6578125 0.9972222222222222 0.59375 0.9972222222222222 0.590625 0.9944444444444445 0.584375 0.9638888888888889 0.5734375 0.9333333333333333 0.56875 0.9111111111111111 0.5703125 0.9083333333333333 0.615625 0.9083333333333333 0.6171875 0.9111111111111111
0 0.465625 0.7138888888888889 0.459375 0.725 0.453125 0.7277777777777777 0.45 0.725 0.4515625 0.7194444444444444 0.4640625 0.7138888888888889
0 0.346875 0.8277777777777777 0.3453125 0.8361111111111111 0.334375 0.8472222222222222 0.31875 0.8694444444444445 0.28125 0.9083333333333333 0.2703125 0.9166666666666666 0.2421875 0.95 0.2390625 0.95 0.2234375 0.9638888888888889 0.2015625 0.9916666666666667 0.19375 0.9972222222222222 0.175 0.9972222222222222 0.1796875 0.9888888888888889 0.2046875 0.9666666666666667 0.2828125 0.8861111111111111 0.296875 0.875 0.3234375 0.8444444444444444 0.3453125 0.8277777777777777
0 0.190625 0.9166666666666666 0.1921875 0.9194444444444444 0.1953125 0.9166666666666666 0.221875 0.9166666666666666 0.2234375 0.9194444444444444 0.221875 0.9277777777777778 0.2109375 0.9361111111111111 0.2078125 0.9444444444444444 0.1984375 0.9472222222222222 0.19375 0.9583333333333334 0.1859375 0.9583333333333334 0.1765625 0.9694444444444444 0.16875 0.9722222222222222 0.1609375 0.9861111111111112 0.15625 0.9861111111111112 0.1390625 0.9972222222222222 0.1296875 0.9972222222222222 0.128125 0.9944444444444445 0.0890625 0.9944444444444445 0.0875 0.9972222222222222 0.08125 0.9916666666666667 0.0765625 0.9944444444444445 0.0671875 0.9888888888888889 0.0703125 0.9888888888888889 0.071875 0.9833333333333333 0.090625 0.9833333333333333 0.0953125 0.9694444444444444 0.115625 0.9694444444444444 0.125 0.9583333333333334 0.1296875 0.9583333333333334 0.140625 0.9472222222222222 0.159375 0.9361111111111111 0.1625 0.9305555555555556 0.1765625 0.9194444444444444 0.1859375 0.9194444444444444 0.1890625 0.9166666666666666
0 0.9078125 0.9083333333333333 0.9109375 0.9055555555555556 0.9578125 0.9083333333333333 0.96875 0.9166666666666666 0.9796875 0.9194444444444444 0.9984375 0.9305555555555556 0.9984375 0.9638888888888889 0.996875 0.9638888888888889 0.909375 0.9111111111111111
0 0.434375 0.7444444444444445 0.43125 0.7527777777777778 0.40625 0.7777777777777778 0.4 0.7777777777777778 0.403125 0.7694444444444445 0.425 0.75 0.428125 0.7444444444444445 0.4328125 0.7444444444444445
0 0.484375 0.9111111111111111 0.4875 0.9166666666666666 0.4859375 0.9416666666666667 0.484375 0.9444444444444444 0.484375 0.9722222222222222 0.478125 0.9944444444444445 0.465625 0.9944444444444445 0.4640625 0.9972222222222222 0.4140625 0.9972222222222222 0.4140625 0.9916666666666667 0.4375 0.9138888888888889 0.44375 0.9111111111111111 0.4828125 0.9111111111111111
0 0.221875 0.9194444444444444 0.2234375 0.9194444444444444 0.221875 0.9222222222222223 0.209375 0.9333333333333333 0.2046875 0.9416666666666667 0.196875 0.9444444444444444 0.190625 0.9555555555555556 0.1859375 0.9555555555555556 0.178125 0.9666666666666667 0.1671875 0.9722222222222222 0.1609375 0.9861111111111112 0.15625 0.9861111111111112 0.146875 0.9944444444444445 0.128125 0.9972222222222222 0.1265625 0.9944444444444445 0.09375 0.9944444444444445 0.0921875 0.9916666666666667 0.084375 0.9944444444444445 0.08125 0.9888888888888889 0.071875 0.9916666666666667 0.075 0.9833333333333333 0.0953125 0.9861111111111112 0.10625 0.9722222222222222 0.115625 0.9694444444444444 0.1265625 0.9583333333333334 0.13125 0.9583333333333334 0.178125 0.9194444444444444 0.1828125 0.9222222222222223 0.184375 0.9194444444444444 0.2203125 0.9166666666666666
0 0.0828125 0.9972222222222222 0.0875 0.9888888888888889 0.1140625 0.9722222222222222 0.128125 0.9583333333333334 0.13125 0.9583333333333334 0.134375 0.9527777777777777 0.15625 0.9388888888888889 0.1765625 0.9194444444444444 0.1921875 0.9194444444444444 0.19375 0.9166666666666666 0.2234375 0.9166666666666666 0.225 0.9194444444444444 0.2203125 0.9277777777777778 0.2109375 0.9333333333333333 0.18125 0.9638888888888889 0.1703125 0.9694444444444444 0.1546875 0.9861111111111112 0.1421875 0.9944444444444445 0.1328125 0.9944444444444445 0.13125 0.9972222222222222 0.084375 0.9972222222222222