0 0.6046875 0.7305555555555555 0.61875 0.7333333333333333 0.621875 0.7388888888888889 0.640625 0.7416666666666667 0.64375 0.7472222222222222 0.671875 0.7694444444444445 0.6703125 0.775 0.646875 0.7777777777777778 0.6359375 0.7638888888888888 0.6328125 0.7638888888888888 0.6265625 0.7527777777777778 0.6234375 0.7527777777777778 0.61875 0.7444444444444445 0.6125 0.7416666666666667 0.60625 0.7333333333333333
0 0.9953125 0.6472222222222223 0.9984375 0.6527777777777778 0.9984375 0.7055555555555556 0.9828125 0.7055555555555556 0.98125 0.7083333333333334 0.978125 0.7055555555555556 0.953125 0.7055555555555556 0.9515625 0.7083333333333334 0.9265625 0.7055555555555556 0.9015625 0.6944444444444444 0.8953125 0.6888888888888889 0.884375 0.6888888888888889 0.8703125 0.6805555555555556 0.8625 0.6805555555555556 0.8609375 0.6833333333333333 0.8546875 0.6777777777777778 0.846875 0.6777777777777778 0.840625 0.675 0.840625 0.6694444444444444 0.85625 0.6694444444444444 0.8578125 0.6722222222222223 0.8609375 0.6666666666666666 0.8734375 0.6694444444444444 0.875 0.6666666666666666 0.890625 0.6638888888888889 0.8953125 0.6583333333333333 0.9203125 0.6583333333333333 0.921875 0.6555555555555556 0.940625 0.6555555555555556 0.94375 0.6638888888888889 0.9484375 0.6638888888888889 0.9515625 0.6527777777777778 0.9796875 0.6527777777777778 0.9828125 0.6472222222222223 0.99375 0.6472222222222223
0 0.9375 0.6527777777777778 0.9421875 0.6583333333333333 0.9453125 0.6694444444444444 0.9328125 0.6694444444444444 0.93125 0.6666666666666666 0.925 0.6666666666666666 0.9203125 0.6722222222222223 0.8953125 0.6694444444444444 0.890625 0.675 0.8765625 0.675 0.875 0.6777777777777778 0.8625 0.6777777777777778 0.8609375 0.6805555555555556 0.8484375 0.675 0.840625 0.675 0.8390625 0.6722222222222223 0.840625 0.6638888888888889 0.859375 0.6638888888888889 0.8609375 0.6611111111111111 0.86875 0.6666666666666666 0.875 0.6666666666666666 0.8828125 0.6611111111111111 0.8875 0.6638888888888889 0.8921875 0.6583333333333333 0.9171875 0.6583333333333333 0.921875 0.6527777777777778 0.9359375 0.6527777777777778
0 0.871875 0.7111111111111111 0.8734375 0.7138888888888889 0.8953125 0.7194444444444444 0.9171875 0.7305555555555555 0.921875 0.7277777777777777 0.9375 0.7388888888888889 0.9453125 0.7388888888888889 0.9515625 0.7444444444444445 0.953125 0.7416666666666667 0.959375 0.7472222222222222 0.99375 0.7555555555555555 0.9984375 0.7583333333333333 0.9984375 0.7638888888888888 0.984375 0.7638888888888888 0.9828125 0.7666666666666667 0.971875 0.7611111111111111 0.9671875 0.7555555555555555 0.9609375 0.7555555555555555 0.959375 0.7527777777777778 0.953125 0.7527777777777778 0.9515625 0.7555555555555555 0.9265625 0.7416666666666667 0.9171875 0.7416666666666667 0.9 0.7305555555555555 0.8875 0.7305555555555555 0.8828125 0.725 0.8671875 0.7166666666666667 0.8609375 0.7194444444444444 0.8578125 0.7138888888888889 0.8703125 0.7111111111111111
0 0.5265625 0.7444444444444445 0.5328125 0.7583333333333333 0.5328125 0.7638888888888888 0.5390625 0.7805555555555556 0.5390625 0.7888888888888889 0.534375 0.7916666666666666 0.5140625 0.7916666666666666 0.5125 0.7777777777777778 0.5078125 0.7666666666666667 0.5078125 0.7583333333333333 0.5046875 0.7472222222222222 0.50625 0.7416666666666667 0.5234375 0.7416666666666667 0.525 0.7444444444444445
0 0.4546875 0.75 0.475 0.75 0.475 0.7666666666666667 0.4765625 0.7694444444444445 0.475 0.7722222222222223 0.475 0.7972222222222223 0.4734375 0.8 0.45 0.8027777777777778 0.4484375 0.7944444444444444 0.453125 0.7722222222222223 0.4515625 0.7694444444444445 0.4546875 0.7527777777777778
0 0.7734375 0.7138888888888889 0.8015625 0.7305555555555555 0.8046875 0.7277777777777777 0.8109375 0.7333333333333333 0.815625 0.7333333333333333 0.825 0.7416666666666667 0.83125 0.7444444444444445 0.8328125 0.7416666666666667 0.85625 0.7555555555555555 0.865625 0.7555555555555555 0.8703125 0.7611111111111111 0.853125 0.7638888888888888 0.834375 0.7555555555555555 0.8328125 0.7583333333333333 0.80625 0.7416666666666667 0.7921875 0.7388888888888889 0.775 0.725 0.7703125 0.7277777777777777 0.7609375 0.7222222222222222 0.75625 0.7166666666666667 0.771875 0.7166666666666667
0 0.5953125 0.7888888888888889 0.6 0.7972222222222223 0.6015625 0.8083333333333333 0.5953125 0.8083333333333333 0.5875 0.7944444444444444 0.5875 0.7916666666666666 0.59375 0.7916666666666666
0 0.065625 0.9777777777777777 0.0671875 0.9805555555555555 0.0546875 0.9972222222222222 0.040625 0.9972222222222222 0.05 0.9944444444444445 0.0640625 0.9777777777777777
0 0.903125 0.7111111111111111 0.91875 0.7111111111111111 0.9203125 0.7138888888888889 0.9265625 0.7111111111111111 0.95 0.7222222222222222 0.9484375 0.7305555555555555 0.9421875 0.7305555555555555 0.9265625 0.7222222222222222 0.915625 0.7222222222222222 0.903125 0.7138888888888889
0 0.865625 0.7083333333333334 0.8875 0.7194444444444444 0.8921875 0.7166666666666667 0.9046875 0.7194444444444444 0.90625 0.7111111111111111 0.9125 0.7111111111111111 0.909375 0.7138888888888889 0.9140625 0.7194444444444444 0.9171875 0.7194444444444444 0.921875 0.7138888888888889 0.934375 0.7166666666666667 0.9453125 0.7222222222222222 0.9421875 0.725 0.946875 0.7277777777777777 0.9453125 0.7333333333333333 0.95 0.7416666666666667 0.959375 0.7472222222222222 0.96875 0.7472222222222222 0.98125 0.7555555555555555 0.9828125 0.7527777777777778 0.9953125 0.7555555555555555 0.9984375 0.7583333333333333 0.9984375 0.7638888888888888 0.984375 0.7638888888888888 0.9828125 0.7666666666666667 0.9640625 0.7555555555555555 0.95 0.7555555555555555 0.94375 0.75 0.9390625 0.75 0.9359375 0.7555555555555555 0.9390625 0.7638888888888888 0.9234375 0.7638888888888888 0.9203125 0.7666666666666667 0.8953125 0.7555555555555555 0.8921875 0.7583333333333333 0.884375 0.7527777777777778 0.8828125 0.7555555555555555 0.875 0.7555555555555555 0.86875 0.7638888888888888 0.8546875 0.7666666666666667 0.8421875 0.7611111111111111 0.83125 0.7638888888888888 0.8296875 0.7583333333333333 0.815625 0.7527777777777778 0.8109375 0.7472222222222222 0.809375 0.7527777777777778 0.815625 0.7583333333333333 0.815625 0.7611111111111111 0.8046875 0.7611111111111111 0.8015625 0.7666666666666667 0.7734375 0.7666666666666667 0.7484375 0.7527777777777778 0.7421875 0.7555555555555555 0.7359375 0.7472222222222222 0.728125 0.7444444444444445 0.725 0.75 0.728125 0.7555555555555555 0.73125 0.7555555555555555 0.7328125 0.7611111111111111 0.7375 0.7611111111111111 0.740625 0.7694444444444445 0.7328125 0.7694444444444445 0.73125 0.7722222222222223 0.715625 0.7694444444444445 0.709375 0.7722222222222223 0.6953125 0.7638888888888888 0.6875 0.7555555555555555 0.678125 0.7527777777777778 0.6765625 0.7638888888888888 0.6828125 0.7666666666666667 0.6828125 0.7694444444444445 0.6796875 0.7694444444444445 0.675 0.775 0.6578125 0.775 0.65625 0.7777777777777778 0.6453125 0.7777777777777778 0.6359375 0.7666666666666667 0.6296875 0.7638888888888888 0.61875 0.7472222222222222 0.615625 0.7472222222222222 0.6078125 0.7388888888888889 0.6046875 0.7305555555555555 0.6203125 0.7305555555555555 0.6359375 0.7416666666666667 0.64375 0.7416666666666667 0.6484375 0.75 0.653125 0.75 0.659375 0.7416666666666667 0.65625 0.7361111111111112 0.646875 0.7305555555555555 0.653125 0.7277777777777777 0.671875 0.7277777777777777 0.66875 0.7305555555555555 0.6703125 0.7361111111111112 0.6734375 0.7361111111111112 0.675 0.7305555555555555 0.678125 0.7333333333333333 0.690625 0.7333333333333333 0.6921875 0.7361111111111112 0.6953125 0.7305555555555555 0.7125 0.7305555555555555 0.7140625 0.7277777777777777 0.7421875 0.7277777777777777 0.74375 0.725 0.75 0.7277777777777777 0.753125 0.7222222222222222 0.7515625 0.7194444444444444 0.753125 0.7166666666666667 0.771875 0.7166666666666667 0.7734375 0.7138888888888889 0.8015625 0.7277777777777777 0.80625 0.7111111111111111 0.821875 0.7111111111111111 0.8296875 0.7166666666666667 0.8484375 0.7194444444444444 0.8640625 0.7083333333333334
0 0.6875 0.7333333333333333 0.7125 0.7527777777777778 0.7140625 0.75 0.721875 0.7583333333333333 0.7359375 0.7666666666666667 0.734375 0.7694444444444445 0.715625 0.7694444444444445 0.7140625 0.7722222222222223 0.6734375 0.7444444444444445 0.671875 0.7388888888888889 0.6859375 0.7333333333333333
0 0.8078125 0.7111111111111111 0.8171875 0.7111111111111111 0.83125 0.7194444444444444 0.8359375 0.7166666666666667 0.859375 0.7305555555555555 0.8625 0.7277777777777777 0.8640625 0.7305555555555555 0.8703125 0.7305555555555555 0.88125 0.7388888888888889 0.8953125 0.7416666666666667 0.9203125 0.7555555555555555 0.9234375 0.7527777777777778 0.925 0.7555555555555555 0.93125 0.7555555555555555 0.934375 0.7611111111111111 0.9140625 0.7638888888888888 0.89375 0.7527777777777778 0.8921875 0.7555555555555555 0.8796875 0.7472222222222222 0.8734375 0.7472222222222222 0.8671875 0.7416666666666667 0.8625 0.7444444444444445 0.85625 0.7388888888888889 0.846875 0.7361111111111112 0.8421875 0.7305555555555555 0.8265625 0.7277777777777777 0.8078125 0.7138888888888889
0 0.5734375 0.7333333333333333 0.5984375 0.775 0.6015625 0.775 0.6046875 0.7805555555555556 0.59375 0.7861111111111111 0.58125 0.7861111111111111 0.55625 0.7444444444444445 0.5546875 0.7361111111111112 0.571875 0.7333333333333333
0 0.721875 0.7305555555555555 0.7265625 0.7277777777777777 0.7453125 0.7305555555555555 0.7703125 0.7472222222222222 0.7765625 0.7472222222222222 0.8015625 0.7611111111111111 0.8 0.7666666666666667 0.771875 0.7638888888888888 0.7609375 0.7555555555555555 0.75625 0.7555555555555555 0.74375 0.7444444444444445 0.7421875 0.7472222222222222 0.7359375 0.7444444444444445 0.7234375 0.7333333333333333
0 0.6046875 0.8166666666666667 0.6109375 0.8166666666666667 0.61875 0.8305555555555556 0.6265625 0.8388888888888889 0.625 0.8472222222222222 0.6203125 0.8472222222222222 0.6046875 0.8194444444444444