0 0.6 0.6972222222222222 0.60625 0.6972222222222222 0.615625 0.7083333333333334 0.6078125 0.7083333333333334 0.6 0.7
0 0.8578125 0.8916666666666667 0.996875 0.9972222222222222 0.978125 0.9972222222222222 0.965625 0.9888888888888889 0.959375 0.9805555555555555 0.95625 0.9805555555555555 0.9171875 0.9472222222222222 0.90625 0.9416666666666667 0.878125 0.9166666666666666 0.8703125 0.9138888888888889 0.8671875 0.9083333333333333 0.8515625 0.8972222222222223 0.85 0.8944444444444445 0.8515625 0.8916666666666667 0.85625 0.8916666666666667
0 0.515625 0.6944444444444444 0.5203125 0.6944444444444444 0.5234375 0.7 0.5234375 0.7055555555555556 0.5203125 0.7055555555555556 0.515625 0.6972222222222222
0 0.878125 0.7944444444444444 0.890625 0.7944444444444444 0.909375 0.8055555555555556 0.921875 0.8083333333333333 0.9328125 0.8166666666666667 0.93125 0.8194444444444444 0.9140625 0.8166666666666667 0.878125 0.7972222222222223
0 0.6625 0.7472222222222222 0.6640625 0.7444444444444445 0.671875 0.7472222222222222 0.7 0.7694444444444445 0.7 0.7722222222222223 0.69375 0.7722222222222223 0.6640625 0.75
0 0 0.9388888888888889 0.0046875 0.9388888888888889 0.028125 0.9194444444444444 0.0546875 0.9055555555555556 0.0671875 0.8944444444444445 0.078125 0.8944444444444445 0.0765625 0.9 0.0609375 0.9138888888888889 0.05 0.9194444444444444 0.0203125 0.9444444444444444 0 0.95 0 0.9416666666666667
0 0.2984375 0.7277777777777777 0.296875 0.7472222222222222 0.29375 0.7583333333333333 0.290625 0.7611111111111111 0.28125 0.7611111111111111 0.278125 0.7583333333333333 0.2609375 0.775 0.25 0.7777777777777778 0.2390625 0.7861111111111111 0.2171875 0.7916666666666666 0.20625 0.8 0.1953125 0.8 0.2015625 0.7888888888888889 0.234375 0.7555555555555555 0.2484375 0.7527777777777778 0.253125 0.7611111111111111 0.275 0.7611111111111111 0.2765625 0.7583333333333333 0.275 0.7444444444444445 0.278125 0.7361111111111112 0.296875 0.7277777777777777
0 0.81875 0.7666666666666667 0.8296875 0.7666666666666667 0.8578125 0.7805555555555556 0.8578125 0.7833333333333333 0.84375 0.7833333333333333 0.8203125 0.7694444444444445
0 0.6921875 0.7027777777777777 0.69375 0.7055555555555556 0.703125 0.7055555555555556 0.7078125 0.7138888888888889 0.6953125 0.7111111111111111 0.6875 0.7055555555555556 0.690625 0.7055555555555556
0 0.775 0.7444444444444445 0.790625 0.7472222222222222 0.8015625 0.7527777777777778 0.80625 0.7583333333333333 0.7921875 0.7583333333333333 0.775 0.7472222222222222
0 0.7125 0.7138888888888889 0.71875 0.7138888888888889 0.7328125 0.7222222222222222 0.73125 0.725 0.725 0.725 0.7125 0.7166666666666667
0 0.5390625 0.7388888888888889 0.54375 0.7388888888888889 0.5546875 0.7583333333333333 0.553125 0.7638888888888888 0.5484375 0.7611111111111111 0.5390625 0.7416666666666667
0 0.6125 0.8888888888888888 0.6234375 0.8916666666666667 0.6609375 0.9638888888888889 0.6734375 0.9944444444444445 0.6703125 0.9972222222222222 0.659375 0.9944444444444445 0.6125 0.8916666666666667
0 0.7390625 0.7277777777777777 0.7484375 0.7277777777777777 0.759375 0.7333333333333333 0.7640625 0.7388888888888889 0.7609375 0.7416666666666667 0.7390625 0.7305555555555555
0 0.9609375 0.8361111111111111 0.9765625 0.8361111111111111 0.9984375 0.8472222222222222 0.9984375 0.8583333333333333 0.996875 0.8583333333333333 0.9625 0.8388888888888889