0 0.0125 0.7583333333333333 0.0234375 0.7555555555555555 0.0265625 0.75 0.040625 0.75 0.040625 0.7527777777777778 0.0359375 0.7555555555555555 0.028125 0.7555555555555555 0.025 0.7611111111111111 0.0140625 0.7611111111111111
0 0.2875 0.7888888888888889 0.2890625 0.7916666666666666 0.2953125 0.7916666666666666 0.290625 0.8 0.2734375 0.8083333333333333 0.2703125 0.8055555555555556 0.2640625 0.8083333333333333 0.271875 0.7972222222222223 0.2859375 0.7916666666666666
0 0.321875 0.7638888888888888 0.321875 0.7694444444444445 0.3140625 0.7777777777777778 0.303125 0.7777777777777778 0.3015625 0.775 0.309375 0.7666666666666667 0.3203125 0.7638888888888888
0 0.49296875 0.6875 0.00625 0.011111111111111112
0 0.1296875 0.7194444444444444 0.146875 0.7138888888888889 0.1453125 0.7222222222222222 0.1296875 0.7222222222222222
0 0.178125 0.8777777777777778 0.1796875 0.8805555555555555 0.1890625 0.8805555555555555 0.1890625 0.8833333333333333 0.1671875 0.9055555555555556 0.1484375 0.9166666666666666 0.134375 0.9166666666666666 0.1328125 0.9138888888888889 0.1515625 0.8944444444444445 0.159375 0.8916666666666667 0.165625 0.8833333333333333 0.1765625 0.8805555555555555
0 0.18125 0.8777777777777778 0.1828125 0.8805555555555555 0.1890625 0.8805555555555555 0.1890625 0.8861111111111111 0.1796875 0.8916666666666667 0.171875 0.9027777777777778 0.1484375 0.9166666666666666 0.1328125 0.9166666666666666 0.13125 0.9138888888888889 0.1328125 0.9111111111111111 0.1390625 0.9083333333333333 0.15 0.8944444444444445 0.1578125 0.8916666666666667 0.1640625 0.8833333333333333 0.1796875 0.8777777777777778
0 0.0828125 0.7361111111111112 0.08125 0.7416666666666667 0.075 0.7416666666666667 0.0734375 0.7444444444444445 0.065625 0.7416666666666667 0.065625 0.7388888888888889 0.08125 0.7361111111111112
0 0.2515625 0.8277777777777777 0.2375 0.8444444444444444 0.234375 0.8444444444444444 0.2265625 0.8527777777777777 0.225 0.85 0.2125 0.85 0.2140625 0.8444444444444444 0.225 0.8388888888888889 0.228125 0.8333333333333334 0.2359375 0.8305555555555556 0.240625 0.825 0.25 0.8277777777777777
0 0.215625 0.7472222222222222 0.2359375 0.7361111111111112 0.2984375 0.7333333333333333 0.3 0.7361111111111112 0.2890625 0.7472222222222222 0.2453125 0.75 0.2421875 0.7416666666666667 0.2390625 0.7416666666666667 0.2359375 0.7472222222222222 0.2171875 0.75
0 0.096875 0.7333333333333333 0.103125 0.7277777777777777 0.1140625 0.7277777777777777 0.1140625 0.7305555555555555 0.1109375 0.7333333333333333 0.0984375 0.7333333333333333
0 0.084375 0.9722222222222222 0.0859375 0.9722222222222222 0.084375 0.975 0.0671875 0.9861111111111112 0.0578125 0.9972222222222222 0.0265625 0.9972222222222222 0.03125 0.9916666666666667 0.034375 0.9916666666666667 0.0375 0.9861111111111112 0.05625 0.975 0.059375 0.9694444444444444 0.0828125 0.9694444444444444
0 0.4921875 0.7277777777777777 0.49375 0.7166666666666667 0.4984375 0.7166666666666667 0.4984375 0.7277777777777777 0.49375 0.7277777777777777
0 0.4765625 0.8194444444444444 0.4796875 0.8027777777777778 0.4859375 0.7861111111111111 0.49375 0.7861111111111111 0.4890625 0.8194444444444444 0.4875 0.8222222222222222 0.4796875 0.8222222222222222 0.478125 0.8194444444444444
0 0.4828125 0.6666666666666666 0.00625 0.008333333333333333
0 0.459375 0.9666666666666667 0.465625 0.9694444444444444 0.4640625 0.9805555555555555 0.459375 0.9777777777777777 0.459375 0.9694444444444444