0 0.68125 0.7611111111111111 0.69375 0.7638888888888888 0.6984375 0.7694444444444445 0.725 0.7861111111111111 0.73125 0.7944444444444444 0.73125 0.7972222222222223 0.71875 0.7944444444444444 0.68125 0.7638888888888888
0 0.5125 0.6944444444444444 0.521875 0.7111111111111111 0.5140625 0.7083333333333334 0.5109375 0.6972222222222222
0 0.0546875 0.8388888888888889 0.0546875 0.8444444444444444 0.040625 0.8555555555555555 0.021875 0.8638888888888889 0.0140625 0.8638888888888889 0.0125 0.8666666666666667 0 0.8666666666666667 0 0.8444444444444444 0.0046875 0.8416666666666667 0.01875 0.8416666666666667 0.021875 0.8472222222222222 0.0390625 0.8388888888888889 0.053125 0.8388888888888889
0 0.225 0.8583333333333333 0.228125 0.85 0.2359375 0.85 0.2375 0.8611111111111112 0.234375 0.8777777777777778 0.228125 0.8888888888888888 0.221875 0.8916666666666667 0.2109375 0.8916666666666667 0.2109375 0.8861111111111111 0.2234375 0.8722222222222222 0.228125 0.8638888888888889 0.2265625 0.8583333333333333
0 0.7203125 0.7166666666666667 0.73125 0.7166666666666667 0.7421875 0.7222222222222222 0.746875 0.7277777777777777 0.76875 0.7333333333333333 0.784375 0.7416666666666667 0.7875 0.7472222222222222 0.775 0.7472222222222222 0.75625 0.7361111111111112 0.753125 0.7305555555555555 0.746875 0.7305555555555555 0.740625 0.725 0.7296875 0.725 0.721875 0.7194444444444444
0 0.096875 0.875 0.0984375 0.8805555555555555 0.0921875 0.8944444444444445 0.0515625 0.9694444444444444 0.0421875 0.9944444444444445 0.0390625 0.9972222222222222 0.021875 0.9972222222222222 0.01875 0.9916666666666667 0 0.9916666666666667 0 0.9111111111111111 0.00625 0.9111111111111111 0.03125 0.9 0.0375 0.8944444444444445 0.0578125 0.8888888888888888 0.084375 0.875 0.0953125 0.875
0 0.2875 0.6861111111111111 0.290625 0.6861111111111111 0.271875 0.7027777777777777 0.2671875 0.7027777777777777 0.2453125 0.7194444444444444 0.221875 0.7277777777777777 0.21875 0.7361111111111112 0.2046875 0.7388888888888889 0.1890625 0.75 0.178125 0.7527777777777778 0.1625 0.7638888888888888 0.1578125 0.7638888888888888 0.1484375 0.7722222222222223 0.14375 0.7722222222222223 0.128125 0.7833333333333333 0.1234375 0.7833333333333333 0.075 0.8111111111111111 0.0296875 0.825 0.0234375 0.8305555555555556 0.01875 0.825 0.015625 0.825 0.015625 0.8222222222222222 0.01875 0.8166666666666667 0.0234375 0.8166666666666667 0.0328125 0.8083333333333333 0.04375 0.8055555555555556 0.05 0.8 0.0546875 0.8 0.059375 0.7944444444444444 0.065625 0.7944444444444444 0.071875 0.7888888888888889 0.0828125 0.7861111111111111 0.0875 0.7805555555555556 0.1375 0.7583333333333333 0.1546875 0.7472222222222222 0.1609375 0.7472222222222222 0.171875 0.7388888888888889 0.1890625 0.7333333333333333 0.20625 0.7222222222222222 0.21875 0.7194444444444444 0.234375 0.7083333333333334 0.246875 0.7055555555555556 0.26875 0.6916666666666667 0.2859375 0.6861111111111111
0 0.2515625 0.675 0.2546875 0.6777777777777778 0.2421875 0.6833333333333333 0.209375 0.6916666666666667 0.203125 0.6972222222222222 0.1953125 0.6972222222222222 0.18125 0.7055555555555556 0.175 0.7055555555555556 0.16875 0.7111111111111111 0.1546875 0.7111111111111111 0.1296875 0.7222222222222222 0.1125 0.725 0.096875 0.7333333333333333 0.065625 0.7416666666666667 0.0578125 0.7472222222222222 0.0234375 0.7555555555555555 0.021875 0.7583333333333333 0.0171875 0.7583333333333333 0.0171875 0.7527777777777778 0.025 0.7472222222222222 0.034375 0.7472222222222222 0.0515625 0.7388888888888889 0.065625 0.7361111111111112 0.071875 0.7305555555555555 0.1203125 0.7166666666666667 0.128125 0.7111111111111111 0.1765625 0.7 0.2 0.6888888888888889 0.2234375 0.6833333333333333 0.225 0.6805555555555556 0.25 0.6777777777777778
0 0.19375 0.8027777777777778 0.196875 0.7944444444444444 0.2125 0.7833333333333333 0.2171875 0.7833333333333333 0.21875 0.7861111111111111 0.2171875 0.7916666666666666 0.2140625 0.7916666666666666 0.2109375 0.7972222222222223 0.2078125 0.7972222222222223 0.203125 0.8027777777777778 0.1953125 0.8027777777777778
0 0.5453125 0.7666666666666667 0.5515625 0.7666666666666667 0.559375 0.7805555555555556 0.56875 0.8055555555555556 0.56875 0.8111111111111111 0.5625 0.8111111111111111 0.5546875 0.7972222222222223 0.5453125 0.7694444444444445
0 0.6375 0.9722222222222222 0.6484375 0.9722222222222222 0.6625 0.9944444444444445 0.6625 0.9972222222222222 0.646875 0.9972222222222222 0.6375 0.975
0 0.10625 0.9972222222222222 0.1140625 0.9861111111111112 0.125 0.9777777777777777 0.1359375 0.9777777777777777 0.1375 0.9833333333333333 0.134375 0.9888888888888889 0.1203125 0.9972222222222222 0.1078125 0.9972222222222222
0 0.2890625 0.6861111111111111 0.2921875 0.6861111111111111 0.2609375 0.7111111111111111 0.221875 0.7305555555555555 0.2203125 0.7333333333333333 0.221875 0.7388888888888889 0.209375 0.7388888888888889 0.2015625 0.7444444444444445 0.1890625 0.7472222222222222 0.1796875 0.7555555555555555 0.175 0.7555555555555555 0.159375 0.7666666666666667 0.134375 0.7777777777777778 0.1296875 0.7833333333333333 0.1140625 0.7888888888888889 0.09375 0.8027777777777778 0.05 0.8222222222222222 0.0328125 0.825 0.03125 0.8277777777777777 0.0171875 0.8277777777777777 0.0140625 0.825 0.0171875 0.8166666666666667 0.025 0.8111111111111111 0.0296875 0.8111111111111111 0.040625 0.8027777777777778 0.046875 0.8027777777777778 0.06875 0.7888888888888889 0.075 0.7888888888888889 0.090625 0.7777777777777778 0.1125 0.7694444444444445 0.11875 0.7638888888888888 0.13125 0.7611111111111111 0.146875 0.75 0.1640625 0.7444444444444445 0.1828125 0.7333333333333333 0.1890625 0.7333333333333333 0.2109375 0.7194444444444444 0.2875 0.6861111111111111