0 0.325 0.8055555555555556 0.325 0.8 0.3328125 0.7916666666666666 0.340625 0.7916666666666666 0.3421875 0.7972222222222223 0.334375 0.8083333333333333 0.328125 0.8083333333333333 0.3265625 0.8055555555555556
0 0.3796875 0.7472222222222222 0.3765625 0.7555555555555555 0.3703125 0.7555555555555555 0.36875 0.75 0.375 0.7444444444444445 0.378125 0.7472222222222222
0 0.21875 0.8555555555555555 0.21875 0.8611111111111112 0.2140625 0.8694444444444445 0.1984375 0.8805555555555555 0.1859375 0.8805555555555555 0.178125 0.875 0.178125 0.8694444444444445 0.190625 0.8583333333333333 0.2015625 0.8527777777777777 0.215625 0.8527777777777777 0.2171875 0.8555555555555555
0 0.35 0.7027777777777777 0.353125 0.7083333333333334 0.353125 0.7166666666666667 0.3484375 0.7222222222222222 0.3359375 0.7222222222222222 0.3328125 0.7194444444444444 0.3359375 0.7083333333333334 0.3484375 0.7027777777777777
0 0.3375 0.7472222222222222 0.3375 0.7527777777777778 0.334375 0.7555555555555555 0.3265625 0.7555555555555555 0.325 0.75 0.3359375 0.7472222222222222
0 0.259375 0.8861111111111111 0.2640625 0.8888888888888888 0.2625 0.9 0.2546875 0.9138888888888889 0.246875 0.9194444444444444 0.2328125 0.9194444444444444 0.2296875 0.9166666666666666 0.2296875 0.9083333333333333 0.2453125 0.8888888888888888 0.2578125 0.8861111111111111
0 0.38671875 0.7388888888888889 0.0109375 0.011111111111111112
0 0.31875 0.8277777777777777 0.3203125 0.8277777777777777 0.3125 0.8416666666666667 0.30625 0.8472222222222222 0.2953125 0.8444444444444444 0.29375 0.8388888888888889 0.303125 0.825 0.3171875 0.825
0 0.39765625 0.7236111111111111 0.0109375 0.013888888888888888
0 0.1921875 0.975 0.1921875 0.9833333333333333 0.184375 0.9972222222222222 0.153125 0.9972222222222222 0.153125 0.9916666666666667 0.1671875 0.9777777777777777 0.190625 0.975
0 0.35859375 0.7722222222222223 0.0171875 0.016666666666666666
0 0.375 0.7805555555555556 0.3765625 0.7805555555555556 0.36875 0.7972222222222223 0.3546875 0.8138888888888889 0.33125 0.8527777777777777 0.296875 0.9 0.278125 0.9305555555555556 0.25625 0.9583333333333334 0.24375 0.9805555555555555 0.2390625 0.9833333333333333 0.23125 0.9944444444444445 0.2109375 0.9944444444444445 0.209375 0.9972222222222222 0.20625 0.9944444444444445 0.20625 0.9861111111111112 0.2171875 0.9694444444444444 0.2203125 0.9694444444444444 0.228125 0.9555555555555556 0.2390625 0.9444444444444444 0.246875 0.9305555555555556 0.2703125 0.9055555555555556 0.28125 0.8861111111111111 0.290625 0.8777777777777778 0.3078125 0.85 0.3109375 0.85 0.325 0.8277777777777777 0.3296875 0.8222222222222222 0.3421875 0.8222222222222222 0.346875 0.8111111111111111 0.3453125 0.8055555555555556 0.3484375 0.8055555555555556 0.3515625 0.7972222222222223 0.359375 0.7972222222222223 0.3640625 0.7916666666666666 0.3640625 0.7861111111111111 0.3734375 0.7833333333333333
0 0.296875 0.7805555555555556 0.2984375 0.7833333333333333 0.296875 0.7944444444444444 0.2859375 0.8 0.2765625 0.7972222222222223 0.275 0.7888888888888889 0.2875 0.7805555555555556 0.2953125 0.7805555555555556