0 0.496875 0.6638888888888889 0.5046875 0.6694444444444444 0.559375 0.7666666666666667 0.6328125 0.9055555555555556 0.64375 0.9333333333333333 0.6765625 0.9888888888888889 0.678125 0.9972222222222222 0.6703125 0.9972222222222222 0.6640625 0.9888888888888889 0.65625 0.9972222222222222 0.6453125 0.9944444444444445 0.596875 0.8805555555555555 0.5828125 0.8527777777777777 0.5796875 0.8416666666666667 0.5296875 0.7333333333333333 0.5078125 0.6916666666666667 0.4984375 0.6666666666666666
0 0.1125 0.775 0.115625 0.7777777777777778 0.109375 0.7833333333333333 0.1046875 0.7833333333333333 0.0984375 0.7888888888888889 0.09375 0.7888888888888889 0.0875 0.7944444444444444 0.0765625 0.7972222222222223 0.0703125 0.8027777777777778 0.059375 0.8055555555555556 0.040625 0.8166666666666667 0.028125 0.8166666666666667 0.0375 0.8083333333333333 0.0546875 0.8027777777777778 0.065625 0.7944444444444444 0.1109375 0.775
0 0.6328125 0.8194444444444444 0.6609375 0.8194444444444444 0.6625 0.8222222222222222 0.6765625 0.825 0.6765625 0.8277777777777777 0.6640625 0.8277777777777777 0.6625 0.8305555555555556 0.665625 0.8361111111111111 0.66875 0.8361111111111111 0.6828125 0.85 0.6859375 0.85 0.7140625 0.875 0.7171875 0.875 0.746875 0.9027777777777778 0.76875 0.9166666666666666 0.771875 0.9222222222222223 0.775 0.9222222222222223 0.7828125 0.9305555555555556 0.790625 0.9333333333333333 0.821875 0.9583333333333334 0.825 0.9583333333333334 0.828125 0.9638888888888889 0.8390625 0.9694444444444444 0.853125 0.9861111111111112 0.8640625 0.9888888888888889 0.86875 0.9944444444444445 0.86875 0.9972222222222222 0.8453125 0.9972222222222222 0.834375 0.9833333333333333 0.8171875 0.975 0.7953125 0.9527777777777777 0.7859375 0.95 0.7625 0.9277777777777778 0.759375 0.9277777777777778 0.7109375 0.8861111111111111 0.690625 0.8722222222222222 0.6640625 0.8444444444444444 0.65625 0.8416666666666667 0.6328125 0.8222222222222222
0 0.2890625 0.6916666666666667 0.2984375 0.6861111111111111 0.30625 0.6861111111111111 0.30625 0.6888888888888889 0.2984375 0.6944444444444444 0.290625 0.6944444444444444
0 0.3234375 0.7666666666666667 0.3265625 0.7722222222222223 0.3171875 0.7861111111111111 0.3125 0.7861111111111111 0.3109375 0.7777777777777778 0.3171875 0.7694444444444445 0.321875 0.7694444444444445
0 0.2421875 0.7166666666666667 0.2390625 0.7222222222222222 0.228125 0.725 0.221875 0.7305555555555555 0.2140625 0.7305555555555555 0.2125 0.7333333333333333 0.209375 0.7305555555555555 0.2109375 0.7277777777777777 0.2203125 0.7222222222222222 0.2265625 0.7222222222222222 0.2328125 0.7166666666666667 0.240625 0.7166666666666667
0 0.4 0.6638888888888889 0.3953125 0.675 0.3875 0.6833333333333333 0.36875 0.6944444444444444 0.365625 0.7 0.3625 0.7 0.3375 0.7222222222222222 0.3328125 0.7222222222222222 0.328125 0.7277777777777777 0.3203125 0.7305555555555555 0.3015625 0.75 0.2984375 0.75 0.278125 0.7694444444444445 0.275 0.7694444444444445 0.2640625 0.7805555555555556 0.2609375 0.7805555555555556 0.2578125 0.7861111111111111 0.2484375 0.7916666666666666 0.24375 0.8 0.234375 0.8083333333333333 0.23125 0.8083333333333333 0.2171875 0.8222222222222222 0.209375 0.825 0.1703125 0.8638888888888889 0.1671875 0.8638888888888889 0.134375 0.8916666666666667 0.13125 0.8916666666666667 0.121875 0.9027777777777778 0.11875 0.9027777777777778 0.06875 0.9472222222222222 0.065625 0.9472222222222222 0.05 0.9638888888888889 0.0453125 0.9638888888888889 0.0125 0.9944444444444445 0.00625 0.9972222222222222 0 0.9972222222222222 0 0.9583333333333334 0.003125 0.9555555555555556 0.015625 0.95 0.0265625 0.9388888888888889 0.040625 0.9333333333333333 0.0484375 0.9194444444444444 0.0578125 0.9166666666666666 0.0859375 0.8944444444444445 0.0953125 0.8916666666666667 0.103125 0.8777777777777778 0.115625 0.875 0.1296875 0.8611111111111112 0.1375 0.8583333333333333 0.146875 0.8472222222222222 0.1546875 0.8444444444444444 0.1625 0.8361111111111111 0.1734375 0.8305555555555556 0.1828125 0.8194444444444444 0.190625 0.8166666666666667 0.209375 0.8 0.2234375 0.7916666666666666 0.2328125 0.7805555555555556 0.2484375 0.775 0.2578125 0.7638888888888888 0.2625 0.7638888888888888 0.290625 0.7388888888888889 0.2984375 0.7361111111111112 0.328125 0.7111111111111111 0.3703125 0.6861111111111111 0.3984375 0.6638888888888889
0 0.35 0.7361111111111112 0.35625 0.7277777777777777 0.3609375 0.7277777777777777 0.3609375 0.7361111111111112 0.3515625 0.7388888888888889
0 0.4421875 0.6694444444444444 0.4390625 0.6805555555555556 0.428125 0.6972222222222222 0.421875 0.7138888888888889 0.4046875 0.7472222222222222 0.4015625 0.7583333333333333 0.3984375 0.7611111111111111 0.3765625 0.8111111111111111 0.365625 0.8305555555555556 0.35625 0.8555555555555555 0.3421875 0.8805555555555555 0.340625 0.8888888888888888 0.3328125 0.9027777777777778 0.3171875 0.9416666666666667 0.3046875 0.9638888888888889 0.2984375 0.9805555555555555 0.290625 0.9944444444444445 0.2859375 0.9972222222222222 0.2375 0.9972222222222222 0.2375 0.9916666666666667 0.290625 0.9055555555555556 0.315625 0.8555555555555555 0.325 0.8444444444444444 0.3578125 0.7861111111111111 0.365625 0.7777777777777778 0.375 0.7611111111111111 0.3796875 0.7472222222222222 0.390625 0.7361111111111112 0.4109375 0.7027777777777777 0.43125 0.675 0.4359375 0.6694444444444444 0.440625 0.6694444444444444
0 0.259375 0.8444444444444444 0.259375 0.85 0.2546875 0.8583333333333333 0.2296875 0.8833333333333333 0.2234375 0.8805555555555555 0.2296875 0.8666666666666667 0.2484375 0.8472222222222222 0.2578125 0.8444444444444444
0 0.63125 0.8194444444444444 0.7078125 0.8222222222222222 0.709375 0.825 0.7296875 0.825 0.7375 0.8305555555555556 0.7375 0.8333333333333334 0.7171875 0.8333333333333334 0.715625 0.8305555555555556 0.6859375 0.8305555555555556 0.684375 0.8277777777777777 0.6640625 0.8277777777777777 0.6625 0.825 0.6515625 0.825 0.65 0.8222222222222222 0.6421875 0.8222222222222222 0.640625 0.825 0.6390625 0.8222222222222222 0.6328125 0.8222222222222222