0 0.228125 0.675 0.2265625 0.6805555555555556 0.21875 0.6833333333333333 0.215625 0.6888888888888889 0.2125 0.6888888888888889 0.209375 0.6944444444444444 0.2 0.7 0.1875 0.7 0.1890625 0.6972222222222222 0.1953125 0.6916666666666667 0.209375 0.6861111111111111 0.215625 0.6777777777777778 0.2265625 0.675
0 0.5296875 0.5361111111111111 0.5328125 0.5472222222222223 0.5453125 0.5666666666666667 0.5703125 0.5916666666666667 0.5890625 0.6166666666666667 0.5921875 0.6166666666666667 0.6125 0.6444444444444445 0.6203125 0.65 0.64375 0.6833333333333333 0.646875 0.6833333333333333 0.6578125 0.7 0.6875 0.7333333333333333 0.6953125 0.7472222222222222 0.703125 0.7527777777777778 0.721875 0.7777777777777778 0.725 0.7777777777777778 0.7328125 0.7916666666666666 0.74375 0.8027777777777778 0.7484375 0.8111111111111111 0.75 0.8083333333333333 0.7734375 0.8416666666666667 0.778125 0.8444444444444444 0.80625 0.8805555555555555 0.8109375 0.8833333333333333 0.8296875 0.9111111111111111 0.8328125 0.9111111111111111 0.8484375 0.9333333333333333 0.853125 0.9388888888888889 0.85625 0.9388888888888889 0.88125 0.9722222222222222 0.88125 0.975 0.8609375 0.975 0.8453125 0.9527777777777777 0.8421875 0.9527777777777777 0.8375 0.9472222222222222 0.8234375 0.925 0.8140625 0.9166666666666666 0.796875 0.8916666666666667 0.79375 0.8916666666666667 0.76875 0.8555555555555555 0.7640625 0.8527777777777777 0.7578125 0.8416666666666667 0.7375 0.8194444444444444 0.71875 0.7916666666666666 0.7046875 0.7777777777777778 0.696875 0.7638888888888888 0.6875 0.7555555555555555 0.6625 0.7194444444444444 0.659375 0.7194444444444444 0.615625 0.6583333333333333 0.6125 0.6583333333333333 0.6078125 0.6527777777777778 0.5875 0.6222222222222222 0.584375 0.6222222222222222 0.5734375 0.6055555555555555 0.5640625 0.5944444444444444 0.5609375 0.5944444444444444 0.5390625 0.5666666666666667 0.5296875 0.5527777777777778 0.5296875 0.5416666666666666 0.528125 0.5388888888888889
0 0.00625 0.8166666666666667 0.0296875 0.8027777777777778 0.0328125 0.7972222222222223 0.046875 0.7916666666666666 0.0515625 0.7861111111111111 0.0625 0.7861111111111111 0.0625 0.7888888888888889 0.053125 0.7972222222222223 0.0359375 0.8055555555555556 0.0328125 0.8111111111111111 0.0203125 0.8194444444444444 0.009375 0.825 0.00625 0.825 0.00625 0.8194444444444444
0 0.2859375 0.6388888888888888 0.2890625 0.6333333333333333 0.3 0.625 0.303125 0.6305555555555555 0.2984375 0.6361111111111111 0.2875 0.6388888888888888
0 0.415625 0.6611111111111111 0.4171875 0.6638888888888889 0.4046875 0.6888888888888889 0.4015625 0.7027777777777777 0.3875 0.725 0.3859375 0.7333333333333333 0.3703125 0.7611111111111111 0.3609375 0.7611111111111111 0.3578125 0.7555555555555555 0.409375 0.6611111111111111 0.4140625 0.6611111111111111
0 0.1609375 0.7222222222222222 0.1546875 0.7305555555555555 0.1234375 0.7472222222222222 0.121875 0.7527777777777778 0.1171875 0.7527777777777778 0.10625 0.7611111111111111 0.0984375 0.7611111111111111 0.1 0.7555555555555555 0.115625 0.7472222222222222 0.121875 0.7388888888888889 0.140625 0.7305555555555555 0.1515625 0.7222222222222222 0.159375 0.7222222222222222
0 0.35 0.5972222222222222 0.3546875 0.5916666666666667 0.359375 0.5916666666666667 0.3578125 0.5972222222222222 0.3515625 0.6
0 0.2 0.6388888888888888 0.19375 0.6444444444444445 0.1859375 0.6444444444444445 0.1796875 0.65 0.1671875 0.6527777777777778 0.1578125 0.6611111111111111 0.125 0.6722222222222223 0.1109375 0.6833333333333333 0.0921875 0.6888888888888889 0.071875 0.7027777777777777 0.046875 0.7138888888888889 0.0390625 0.7138888888888889 0.03125 0.7222222222222222 0.00625 0.7333333333333333 0.0046875 0.7333333333333333 0.0046875 0.7277777777777777 0.009375 0.725 0.028125 0.7194444444444444 0.0328125 0.7138888888888889 0.0421875 0.7111111111111111 0.0484375 0.7055555555555556 0.075 0.6972222222222222 0.078125 0.6916666666666667 0.0875 0.6861111111111111 0.09375 0.6861111111111111 0.1140625 0.675 0.1203125 0.675 0.1234375 0.6694444444444444 0.1359375 0.6666666666666666 0.1421875 0.6611111111111111 0.1625 0.6555555555555556 0.16875 0.6472222222222223 0.1984375 0.6388888888888888
0 0.2453125 0.6638888888888889 0.2546875 0.6527777777777778 0.2640625 0.6472222222222223 0.271875 0.6472222222222223 0.2703125 0.6527777777777778 0.2578125 0.6583333333333333 0.2515625 0.6666666666666666 0.246875 0.6666666666666666
0 0.321875 0.5916666666666667 0.315625 0.5972222222222222 0.3015625 0.6 0.2984375 0.6055555555555555 0.290625 0.6055555555555555 0.2828125 0.6111111111111112 0.259375 0.6166666666666667 0.2484375 0.625 0.2421875 0.625 0.225 0.6333333333333333 0.2140625 0.6333333333333333 0.2109375 0.6388888888888888 0.2046875 0.6388888888888888 0.1984375 0.6444444444444445 0.171875 0.6527777777777778 0.15625 0.6638888888888889 0.128125 0.6722222222222223 0.1203125 0.6805555555555556 0.0953125 0.6888888888888889 0.084375 0.6972222222222222 0.078125 0.6972222222222222 0.075 0.7027777777777777 0.0703125 0.7027777777777777 0.0578125 0.7111111111111111 0.0421875 0.7138888888888889 0.0328125 0.7194444444444444 0.0296875 0.725 0.009375 0.7305555555555555 0.0078125 0.7333333333333333 0.0046875 0.7333333333333333 0.00625 0.725 0.0125 0.725 0.01875 0.7194444444444444 0.03125 0.7166666666666667 0.034375 0.7111111111111111 0.065625 0.6972222222222222 0.071875 0.6972222222222222 0.0859375 0.6861111111111111 0.1109375 0.675 0.1171875 0.675 0.125 0.6666666666666666 0.1515625 0.6583333333333333 0.1578125 0.6527777777777778 0.1625 0.6527777777777778 0.165625 0.6472222222222223 0.196875 0.6388888888888888 0.209375 0.6333333333333333 0.2140625 0.6277777777777778 0.228125 0.625 0.2359375 0.6194444444444445 0.2484375 0.6194444444444445 0.265625 0.6083333333333333 0.2984375 0.6 0.3015625 0.5944444444444444 0.3203125 0.5916666666666667
0 0.3203125 0.6180555555555556 0.0171875 0.013888888888888888
0 0.3390625 0.6069444444444444 0.0140625 0.011111111111111112
0 0.4640625 0.5638888888888889 0.478125 0.5416666666666666 0.484375 0.5361111111111111 0.484375 0.5416666666666666 0.4734375 0.5611111111111111 0.46875 0.5777777777777777 0.45 0.6166666666666667 0.45 0.6222222222222222 0.4453125 0.6361111111111111 0.4203125 0.6916666666666667 0.4171875 0.7 0.4171875 0.7055555555555556 0.4109375 0.7166666666666667 0.3953125 0.7555555555555555 0.39375 0.7638888888888888 0.3796875 0.7944444444444444 0.3796875 0.8 0.3765625 0.8083333333333333 0.3578125 0.8472222222222222 0.340625 0.8972222222222223 0.325 0.9305555555555556 0.321875 0.9388888888888889 0.321875 0.9444444444444444 0.3046875 0.9833333333333333 0.3046875 0.9888888888888889 0.3 0.9972222222222222 0.2734375 0.9972222222222222 0.2828125 0.9722222222222222 0.290625 0.9583333333333334 0.290625 0.9527777777777777 0.3078125 0.9194444444444444 0.309375 0.9111111111111111 0.3265625 0.8777777777777778 0.3328125 0.8583333333333333 0.3625 0.7972222222222223 0.3671875 0.7861111111111111 0.3671875 0.7805555555555556 0.3796875 0.7527777777777778 0.3890625 0.7388888888888889 0.390625 0.7277777777777777 0.403125 0.7055555555555556 0.40625 0.6972222222222222 0.40625 0.6916666666666667 0.4171875 0.6666666666666666 0.4296875 0.6472222222222223 0.4296875 0.6416666666666667 0.4390625 0.625 0.4421875 0.6138888888888889 0.446875 0.6083333333333333 0.45 0.6 0.4484375 0.5916666666666667 0.4640625 0.5666666666666667