0 0.3609375 0.5388888888888889 0.365625 0.5305555555555556 0.3734375 0.5305555555555556 0.375 0.5333333333333333 0.36875 0.5388888888888889 0.3625 0.5388888888888889
0 0.2890625 0.5583333333333333 0.290625 0.5638888888888889 0.28125 0.5694444444444444 0.2671875 0.5694444444444444 0.2671875 0.5666666666666667 0.2734375 0.5611111111111111 0.2875 0.5583333333333333
0 0.1859375 0.5972222222222222 0.1859375 0.6 0.178125 0.6055555555555555 0.15625 0.6111111111111112 0.1546875 0.6138888888888889 0.146875 0.6138888888888889 0.1453125 0.6111111111111112 0.15 0.6055555555555555 0.15625 0.6055555555555555 0.18125 0.5944444444444444 0.184375 0.5972222222222222
0 0.6 0.5 0.6078125 0.5 0.5875 0.5027777777777778 0.5796875 0.5083333333333333 0.565625 0.5111111111111111 0.540625 0.525 0.5296875 0.5277777777777778 0.509375 0.5444444444444444 0.50625 0.5444444444444444 0.46875 0.5777777777777777 0.4609375 0.5888888888888889 0.4375 0.6111111111111112 0.3796875 0.675 0.35625 0.7083333333333334 0.3515625 0.7111111111111111 0.3078125 0.7694444444444445 0.2984375 0.7777777777777778 0.2765625 0.8083333333333333 0.2609375 0.825 0.2546875 0.8361111111111111 0.25 0.8388888888888889 0.2375 0.8583333333333333 0.221875 0.875 0.215625 0.8861111111111111 0.1875 0.9194444444444444 0.18125 0.9305555555555556 0.175 0.9361111111111111 0.140625 0.9833333333333333 0.13125 0.9944444444444445 0.1203125 0.9944444444444445 0.11875 0.9972222222222222 0.1046875 0.9944444444444445 0.1203125 0.9694444444444444 0.146875 0.9361111111111111 0.15 0.9277777777777778 0.159375 0.9222222222222223 0.2140625 0.8555555555555555 0.2203125 0.8444444444444444 0.228125 0.8388888888888889 0.23125 0.8305555555555556 0.240625 0.825 0.2453125 0.8166666666666667 0.24375 0.8138888888888889 0.2359375 0.8138888888888889 0.221875 0.8277777777777777 0.2015625 0.8555555555555555 0.1984375 0.8555555555555555 0.184375 0.8694444444444445 0.13125 0.9333333333333333 0.09375 0.9722222222222222 0.0796875 0.9916666666666667 0.0671875 0.9972222222222222 0.0515625 0.9972222222222222 0.0484375 0.9944444444444445 0.053125 0.9861111111111112 0.0609375 0.9805555555555555 0.065625 0.9722222222222222 0.0703125 0.9694444444444444 0.1 0.9333333333333333 0.1234375 0.9111111111111111 0.13125 0.9 0.146875 0.8861111111111111 0.1546875 0.875 0.178125 0.8527777777777777 0.19375 0.8333333333333334 0.2015625 0.8277777777777777 0.209375 0.8166666666666667 0.225 0.8027777777777778 0.3140625 0.7055555555555556 0.33125 0.6916666666666667 0.3546875 0.6638888888888889 0.409375 0.6138888888888889 0.4125 0.6083333333333333 0.48125 0.55 0.5453125 0.5138888888888888 0.5984375 0.5
0 0.64375 0.5111111111111111 0.646875 0.5083333333333333 0.6484375 0.5111111111111111 0.6453125 0.5111111111111111 0.6265625 0.5277777777777778 0.6171875 0.5444444444444444 0.6171875 0.5611111111111111 0.621875 0.5777777777777777 0.6328125 0.6027777777777777 0.65 0.6333333333333333 0.6609375 0.6583333333333333 0.696875 0.7222222222222222 0.809375 0.9027777777777778 0.8125 0.9111111111111111 0.85625 0.9777777777777777 0.8640625 0.9916666666666667 0.8640625 0.9972222222222222 0.846875 0.9972222222222222 0.840625 0.9916666666666667 0.7359375 0.8138888888888889 0.6703125 0.6972222222222222 0.6640625 0.6805555555555556 0.628125 0.6111111111111112 0.6125 0.5666666666666667 0.6109375 0.5472222222222223 0.6203125 0.5277777777777778 0.6421875 0.5111111111111111
0 0.1171875 0.6222222222222222 0.1171875 0.6277777777777778 0.1125 0.6305555555555555 0.0765625 0.6416666666666667 0.075 0.6444444444444445 0.0625 0.6444444444444445 0.059375 0.6416666666666667 0.0609375 0.6388888888888888 0.096875 0.6277777777777778 0.1046875 0.6222222222222222 0.115625 0.6222222222222222
0 0 0.6638888888888889 0.0078125 0.6666666666666666 0.0046875 0.6722222222222223 0 0.6722222222222223 0 0.6666666666666666
0 0.3015625 0.5555555555555556 0.3078125 0.55 0.3203125 0.5472222222222223 0.321875 0.5527777777777778 0.31875 0.5555555555555556 0.303125 0.5583333333333333
0 0.384375 0.5305555555555556 0.3890625 0.525 0.396875 0.525 0.3984375 0.5277777777777778 0.396875 0.5305555555555556 0.3859375 0.5333333333333333
0 0.24375 0.5722222222222222 0.246875 0.5777777777777777 0.240625 0.5833333333333334 0.2328125 0.5833333333333334 0.23125 0.5861111111111111 0.21875 0.5861111111111111 0.21875 0.5833333333333334 0.234375 0.575 0.2421875 0.575
0 0.40625 0.525 0.4078125 0.5222222222222223 0.415625 0.5222222222222223 0.4125 0.5277777777777778 0.4078125 0.5277777777777778
0 0.3359375 0.5416666666666666 0.3390625 0.5388888888888889 0.353125 0.5388888888888889 0.353125 0.5416666666666666 0.34375 0.5472222222222223 0.3375 0.5472222222222223 0.3359375 0.5444444444444444
0 0.315625 0.525 0.31875 0.525 0.315625 0.5277777777777778 0.3078125 0.5277777777777778 0.29375 0.5361111111111111 0.275 0.5361111111111111 0.2734375 0.5388888888888889 0.2609375 0.5388888888888889 0.25 0.5444444444444444 0.2046875 0.55 0.196875 0.5555555555555556 0.1578125 0.5611111111111111 0.1390625 0.5694444444444444 0.125 0.5694444444444444 0.1234375 0.5722222222222222 0.1125 0.5722222222222222 0.1109375 0.575 0.0984375 0.575 0.08125 0.5833333333333334 0.04375 0.5888888888888889 0.0359375 0.5944444444444444 0.0140625 0.5972222222222222 0.0125 0.6 0 0.6 0 0.5944444444444444 0.0203125 0.5916666666666667 0.021875 0.5888888888888889 0.0296875 0.5888888888888889 0.03125 0.5861111111111111 0.0390625 0.5861111111111111 0.05 0.5805555555555556 0.059375 0.5805555555555556 0.0703125 0.575 0.0828125 0.575 0.0953125 0.5694444444444444 0.11875 0.5666666666666667 0.1203125 0.5638888888888889 0.1296875 0.5638888888888889 0.13125 0.5611111111111111 0.140625 0.5611111111111111 0.1421875 0.5583333333333333 0.1515625 0.5583333333333333 0.1640625 0.5527777777777778 0.175 0.5527777777777778 0.1859375 0.5472222222222223 0.20625 0.5472222222222223 0.215625 0.5416666666666666 0.228125 0.5416666666666666 0.2296875 0.5388888888888889 0.259375 0.5361111111111111 0.271875 0.5305555555555556 0.2890625 0.5305555555555556 0.290625 0.5277777777777778 0.3140625 0.525
0 0.115625 0.6222222222222222 0.1171875 0.625 0.1109375 0.6305555555555555 0.0765625 0.6416666666666667 0.075 0.6444444444444445 0.0625 0.6444444444444445 0.0609375 0.6416666666666667 0.0625 0.6388888888888888 0.08125 0.6305555555555555 0.0984375 0.6277777777777778 0.10625 0.6222222222222222 0.1140625 0.6222222222222222