0 0.396875 0.7861111111111111 0.4 0.7888888888888889 0.4 0.7944444444444444 0.3890625 0.8277777777777777 0.3875 0.8305555555555556 0.3796875 0.8305555555555556 0.3796875 0.8277777777777777 0.3921875 0.7916666666666666 0.3953125 0.7888888888888889
0 0.4671875 0.6722222222222223 0.4640625 0.6638888888888889 0.465625 0.6611111111111111 0.4734375 0.6611111111111111 0.46875 0.6694444444444444
0 0.5453125 0.7833333333333333 0.553125 0.7833333333333333 0.5703125 0.8194444444444444 0.56875 0.8277777777777777 0.5640625 0.8277777777777777 0.55625 0.8138888888888889 0.5453125 0.7861111111111111
0 0.509375 0.6638888888888889 0.5109375 0.6611111111111111 0.515625 0.6638888888888889 0.515625 0.6694444444444444 0.5109375 0.6666666666666666
0 0.1671875 0.725 0.16875 0.7277777777777777 0.165625 0.7305555555555555 0.1546875 0.7333333333333333 0.15 0.7388888888888889 0.14375 0.7388888888888889 0.1234375 0.75 0.115625 0.75 0.0609375 0.775 0.0546875 0.775 0.028125 0.7888888888888889 0.009375 0.7944444444444444 0.003125 0.8 0 0.8 0 0.7944444444444444 0.034375 0.7777777777777778 0.046875 0.775 0.053125 0.7694444444444445 0.08125 0.7611111111111111 0.1015625 0.75 0.115625 0.7472222222222222 0.1421875 0.7333333333333333 0.1515625 0.7333333333333333 0.1578125 0.7277777777777777 0.165625 0.7277777777777777
0 0.284375 0.7638888888888888 0.284375 0.7694444444444445 0.278125 0.7694444444444445 0.2765625 0.7666666666666667 0.2828125 0.7638888888888888
0 0.49453125 0.6722222222222223 0.0046875 0.011111111111111112
0 0.44140625 0.6736111111111112 0.0046875 0.008333333333333333
0 0.071875 0.95 0.0703125 0.9555555555555556 0.0625 0.9611111111111111 0.0546875 0.9611111111111111 0.0546875 0.9555555555555556 0.0578125 0.9555555555555556 0.0625 0.95 0.0703125 0.95
0 0.1265625 0.7166666666666667 0.128125 0.7194444444444444 0.125 0.7222222222222222 0.1046875 0.7277777777777777 0.096875 0.7333333333333333 0.0828125 0.7333333333333333 0.08125 0.7305555555555555 0.084375 0.7277777777777777 0.0953125 0.7277777777777777 0.109375 0.7194444444444444 0.125 0.7166666666666667
0 0.525 0.6583333333333333 0.5265625 0.6638888888888889 0.5171875 0.6638888888888889 0.515625 0.6666666666666666 0.5109375 0.6638888888888889 0.5125 0.6583333333333333 0.5234375 0.6583333333333333
0 0.2265625 0.8111111111111111 0.2296875 0.8166666666666667 0.1890625 0.8527777777777777 0.178125 0.8583333333333333 0.178125 0.8527777777777777 0.221875 0.8138888888888889 0.225 0.8138888888888889
0 0.4171875 0.7333333333333333 0.41875 0.7222222222222222 0.425 0.7194444444444444 0.4234375 0.7277777777777777 0.4171875 0.7361111111111112
0 0.6078125 0.9083333333333333 0.6109375 0.9138888888888889 0.6109375 0.9194444444444444 0.6015625 0.9194444444444444 0.5984375 0.9138888888888889 0.6015625 0.9083333333333333 0.60625 0.9083333333333333
0 0.3109375 0.7388888888888889 0.31875 0.7305555555555555 0.328125 0.7277777777777777 0.328125 0.7305555555555555 0.315625 0.7416666666666667 0.3125 0.7416666666666667
0 0.346875 0.9194444444444444 0.346875 0.9138888888888889 0.3515625 0.9083333333333333 0.35625 0.9083333333333333 0.3578125 0.9138888888888889 0.35625 0.9194444444444444 0.3484375 0.9194444444444444
0 0.4359375 0.6888888888888889 0.43125 0.7 0.4296875 0.6944444444444444 0.434375 0.6888888888888889
0 0.3828125 0.6777777777777778 0.384375 0.6722222222222223 0.3890625 0.6722222222222223 0.3890625 0.675 0.384375 0.6777777777777778
0 0.5125 0.7138888888888889 0.5171875 0.7138888888888889 0.5234375 0.7277777777777777 0.5203125 0.7305555555555555 0.5125 0.7166666666666667
0 0.4984375 0.6833333333333333 0.5015625 0.6833333333333333 0.5046875 0.6888888888888889 0.5046875 0.6944444444444444 0.5015625 0.6944444444444444 0.4984375 0.6861111111111111
0 0.3671875 0.6916666666666667 0.3640625 0.7 0.3609375 0.7 0.3609375 0.6972222222222222 0.365625 0.6916666666666667