0 0.4375 0.7111111111111111 0.4484375 0.7083333333333334 0.453125 0.7138888888888889 0.453125 0.7388888888888889 0.45 0.7611111111111111 0.4515625 0.7666666666666667 0.45 0.7694444444444445 0.45 0.8 0.425 0.8 0.4265625 0.7694444444444445 0.4375 0.7138888888888889
0 0.3546875 0.7055555555555556 0.35625 0.7083333333333334 0.365625 0.7083333333333334 0.3671875 0.7055555555555556 0.3734375 0.7083333333333334 0.4171875 0.7083333333333334 0.41875 0.7138888888888889 0.4125 0.7277777777777777 0.4109375 0.7416666666666667 0.4 0.7611111111111111 0.3953125 0.7805555555555556 0.3828125 0.8 0.359375 0.8 0.35625 0.7972222222222223 0.384375 0.7388888888888889 0.384375 0.7333333333333333 0.38125 0.7305555555555555 0.3828125 0.7222222222222222 0.38125 0.7166666666666667 0.378125 0.7166666666666667 0.371875 0.7277777777777777 0.3625 0.7333333333333333 0.3546875 0.75 0.3515625 0.75 0.3421875 0.7666666666666667 0.3375 0.7694444444444445 0.31875 0.7972222222222223 0.3140625 0.8 0.29375 0.8 0.2890625 0.7972222222222223 0.29375 0.7861111111111111 0.3 0.7777777777777778 0.303125 0.7777777777777778 0.3046875 0.7722222222222223 0.3125 0.7638888888888888 0.3109375 0.7555555555555555 0.3015625 0.75 0.2953125 0.7527777777777778 0.2734375 0.775 0.2703125 0.775 0.265625 0.7833333333333333 0.253125 0.7944444444444444 0.246875 0.7972222222222223 0.2265625 0.7972222222222223 0.2234375 0.7944444444444444 0.225 0.7888888888888889 0.2328125 0.7805555555555556 0.2390625 0.7777777777777778 0.2703125 0.75 0.2734375 0.7444444444444445 0.284375 0.7388888888888889 0.3234375 0.7055555555555556 0.353125 0.7055555555555556
0 0.5890625 0.7138888888888889 0.60625 0.7166666666666667 0.6203125 0.7277777777777777 0.6234375 0.7333333333333333 0.634375 0.7388888888888889 0.65625 0.7583333333333333 0.6640625 0.7611111111111111 0.6671875 0.7666666666666667 0.6671875 0.7777777777777778 0.6640625 0.7833333333333333 0.6578125 0.775 0.6515625 0.7722222222222223 0.615625 0.7388888888888889 0.6046875 0.7333333333333333 0.5890625 0.7166666666666667
0 0.3875 0.7555555555555555 0.05625 0.09444444444444444
0 0 0.7472222222222222 0.0234375 0.7472222222222222 0.0265625 0.75 0.0203125 0.7555555555555555 0.0125 0.7555555555555555 0.0109375 0.7583333333333333 0 0.7583333333333333 0 0.75
0 0.3765625 0.7083333333333334 0.3734375 0.7166666666666667 0.365625 0.725 0.3453125 0.7583333333333333 0.3140625 0.7972222222222223 0.2921875 0.7972222222222223 0.290625 0.7944444444444444 0.2953125 0.7861111111111111 0.309375 0.7722222222222223 0.3609375 0.7083333333333334 0.375 0.7083333333333334
0 0.678125 0.9722222222222222 0.6796875 0.975 0.6890625 0.975 0.6953125 0.9805555555555555 0.6984375 0.9777777777777777 0.7109375 0.9777777777777777 0.7125 0.975 0.740625 0.975 0.746875 0.9722222222222222 0.7484375 0.975 0.7640625 0.975 0.76875 0.9805555555555555 0.7796875 0.9861111111111112 0.8125 0.9833333333333333 0.8265625 0.9916666666666667 0.83125 0.9916666666666667 0.8359375 0.9861111111111112 0.85 0.9861111111111112 0.8515625 0.9888888888888889 0.878125 0.9861111111111112 0.8859375 0.9916666666666667 0.903125 0.9888888888888889 0.9046875 0.9861111111111112 0.9109375 0.9888888888888889 0.9421875 0.9888888888888889 0.9484375 0.9944444444444445 0.9484375 0.9972222222222222 0.6171875 0.9972222222222222 0.615625 0.9944444444444445 0.615625 0.9777777777777777 0.621875 0.9722222222222222 0.6765625 0.975
0 0.425 0.6666666666666666 0.425 0.6722222222222223 0.421875 0.6805555555555556 0.4109375 0.7027777777777777 0.3984375 0.7027777777777777 0.3984375 0.6972222222222222 0.4125 0.6694444444444444 0.4234375 0.6666666666666666
0 0 0.9833333333333333 0.01875 0.9694444444444444 0.0265625 0.9694444444444444 0.028125 0.9722222222222222 0.025 0.9805555555555555 0.01875 0.9833333333333333 0.009375 0.9972222222222222 0 0.9972222222222222 0 0.9861111111111112
0 0 0.7472222222222222 0.0234375 0.7472222222222222 0.0265625 0.75 0.0171875 0.7555555555555555 0.0015625 0.7555555555555555 0 0.7583333333333333 0 0.75
0 0.3328125 0.8111111111111111 0.3484375 0.8083333333333333 0.3515625 0.8111111111111111 0.3515625 0.8166666666666667 0.3390625 0.8416666666666667 0.334375 0.8583333333333333 0.303125 0.9194444444444444 0.3015625 0.9277777777777778 0.2875 0.9583333333333334 0.2796875 0.9694444444444444 0.2765625 0.9805555555555555 0.2671875 0.9972222222222222 0.2328125 0.9972222222222222 0.28125 0.9111111111111111 0.3125 0.85 0.321875 0.8388888888888889 0.3328125 0.8138888888888889
0 0.3140625 0.8055555555555556 0.315625 0.8083333333333333 0.3515625 0.8083333333333333 0.3515625 0.8166666666666667 0.2734375 0.9833333333333333 0.2671875 0.9944444444444445 0.259375 0.9944444444444445 0.2578125 0.9972222222222222 0.240625 0.9944444444444445 0.2421875 0.9888888888888889 0.240625 0.9861111111111112 0.2375 0.9861111111111112 0.23125 0.9944444444444445 0.2234375 0.9944444444444445 0.221875 0.9972222222222222 0.2171875 0.9944444444444445 0.2140625 0.9972222222222222 0.209375 0.9944444444444445 0.1984375 0.9944444444444445 0.196875 0.9972222222222222 0.190625 0.9972222222222222 0.1890625 0.9944444444444445 0.184375 0.9972222222222222 0.178125 0.9972222222222222 0.1765625 0.9944444444444445 0.1671875 0.9944444444444445 0.165625 0.9972222222222222 0.071875 0.9972222222222222 0.0703125 0.9944444444444445 0.06875 0.9972222222222222 0.003125 0.9972222222222222 0.003125 0.9916666666666667 0 0.9861111111111112 0 0.9472222222222222 0.003125 0.9416666666666667 0.003125 0.9333333333333333 0.0296875 0.9083333333333333 0.0359375 0.9055555555555556 0.0390625 0.9 0.053125 0.8944444444444445 0.0609375 0.8861111111111111 0.075 0.8777777777777778 0.084375 0.8666666666666667 0.090625 0.8666666666666667 0.0984375 0.8583333333333333 0.10625 0.8555555555555555 0.1109375 0.8472222222222222 0.1296875 0.8388888888888889 0.1546875 0.8166666666666667 0.159375 0.8166666666666667 0.178125 0.8027777777777778 0.2140625 0.8027777777777778 0.215625 0.8055555555555556 0.2375 0.8055555555555556 0.2390625 0.8083333333333333 0.2703125 0.8083333333333333 0.271875 0.8055555555555556 0.2984375 0.8055555555555556 0.3 0.8083333333333333 0.30625 0.8083333333333333 0.3125 0.8055555555555556
0 0.65 0.9694444444444444 0.6515625 0.9722222222222222 0.6671875 0.9722222222222222 0.66875 0.975 0.6703125 0.9722222222222222 0.6828125 0.9722222222222222 0.6953125 0.9805555555555555 0.7015625 0.9777777777777777 0.709375 0.9805555555555555 0.7125 0.975 0.71875 0.975 0.7203125 0.9722222222222222 0.721875 0.975 0.7484375 0.9722222222222222 0.75 0.975 0.765625 0.975 0.7796875 0.9861111111111112 0.8140625 0.9833333333333333 0.8265625 0.9916666666666667 0.83125 0.9916666666666667 0.8328125 0.9888888888888889 0.83125 0.9861111111111112 0.8375 0.9833333333333333 0.85625 0.9916666666666667 0.859375 0.9916666666666667 0.8625 0.9861111111111112 0.878125 0.9861111111111112 0.8859375 0.9916666666666667 0.9 0.9916666666666667 0.9078125 0.9861111111111112 0.9140625 0.9916666666666667 0.915625 0.9888888888888889 0.9265625 0.9888888888888889 0.928125 0.9916666666666667 0.9296875 0.9888888888888889 0.940625 0.9888888888888889 0.94375 0.9972222222222222 0.8359375 0.9972222222222222 0.834375 0.9944444444444445 0.8328125 0.9972222222222222 0.68125 0.9972222222222222 0.6796875 0.9944444444444445 0.6734375 0.9972222222222222 0.6171875 0.9972222222222222 0.615625 0.9916666666666667 0.615625 0.9777777777777777 0.6171875 0.975 0.6203125 0.9722222222222222 0.6296875 0.9722222222222222 0.63125 0.9694444444444444 0.6484375 0.9694444444444444
0 0.3859375 0.6638888888888889 0.3875 0.6666666666666666 0.425 0.6666666666666666 0.4234375 0.6777777777777778 0.415625 0.6972222222222222 0.40625 0.7055555555555556 0.39375 0.7 0.3890625 0.7027777777777777 0.3703125 0.7027777777777777 0.3734375 0.6972222222222222 0.3703125 0.6916666666666667 0.365625 0.6916666666666667 0.3625 0.7027777777777777 0.34375 0.7 0.3421875 0.6972222222222222 0.3328125 0.7 0.328125 0.6944444444444444 0.31875 0.6944444444444444 0.31875 0.6916666666666667 0.321875 0.6861111111111111 0.328125 0.6833333333333333 0.3453125 0.6666666666666666 0.353125 0.6666666666666666 0.3546875 0.6638888888888889 0.384375 0.6666666666666666
0 0.359375 0.6666666666666666 0.3609375 0.6666666666666666 0.359375 0.6694444444444444 0.34375 0.6833333333333333 0.3359375 0.6861111111111111 0.3265625 0.6944444444444444 0.3203125 0.6944444444444444 0.31875 0.6916666666666667 0.321875 0.6861111111111111 0.346875 0.6666666666666666 0.3578125 0.6666666666666666
0 0.4765625 0.7111111111111111 0.4890625 0.7111111111111111 0.49375 0.7194444444444444 0.5015625 0.7472222222222222 0.5015625 0.7527777777777778 0.509375 0.7694444444444445 0.5171875 0.7972222222222223 0.5171875 0.8 0.5125 0.8027777777777778 0.490625 0.8 0.4875 0.7777777777777778 0.48125 0.7555555555555555 0.4765625 0.7138888888888889
0 0.4109375 0.6888888888888889 0.4140625 0.6944444444444444 0.403125 0.6944444444444444 0.3984375 0.7027777777777777 0.384375 0.7027777777777777 0.3828125 0.7055555555555556 0.38125 0.7027777777777777 0.33125 0.7027777777777777 0.328125 0.7 0.3265625 0.6916666666666667 0.3296875 0.6916666666666667 0.3359375 0.6833333333333333 0.3453125 0.6805555555555556 0.365625 0.6638888888888889 0.4125 0.6666666666666666 0.4125 0.6777777777777778 0.4140625 0.6805555555555556 0.4109375 0.6805555555555556 0.409375 0.6861111111111111
0 0.5140625 0.7111111111111111 0.525 0.7111111111111111 0.5328125 0.7194444444444444 0.584375 0.8 0.5828125 0.8027777777777778 0.559375 0.8027777777777778 0.55625 0.8 0.5140625 0.7138888888888889
0 0.5515625 0.7138888888888889 0.553125 0.7111111111111111 0.565625 0.7138888888888889 0.640625 0.7888888888888889 0.6453125 0.7972222222222223 0.621875 0.7972222222222223 0.553125 0.7166666666666667
0 0.3359375 0.7083333333333334 0.3375 0.7083333333333334 0.334375 0.7138888888888889 0.321875 0.7277777777777777 0.3125 0.7333333333333333 0.275 0.7722222222222223 0.2453125 0.7972222222222223 0.225 0.7944444444444444 0.2265625 0.7888888888888889 0.303125 0.7222222222222222 0.3109375 0.7194444444444444 0.3203125 0.7083333333333334 0.325 0.7055555555555556 0.3328125 0.7055555555555556 0.334375 0.7083333333333334