0 0.68125 0.7111111111111111 0.6828125 0.7138888888888889 0.69375 0.7138888888888889 0.7046875 0.7194444444444444 0.7328125 0.7222222222222222 0.734375 0.725 0.7578125 0.7277777777777777 0.759375 0.7305555555555555 0.76875 0.7305555555555555 0.78125 0.7361111111111112 0.7984375 0.7361111111111112 0.8109375 0.7416666666666667 0.8625 0.75 0.8640625 0.7527777777777778 0.88125 0.7555555555555555 0.8828125 0.7583333333333333 0.9015625 0.7583333333333333 0.903125 0.7611111111111111 0.9140625 0.7611111111111111 0.9265625 0.7666666666666667 0.940625 0.7666666666666667 0.9421875 0.7694444444444445 0.9953125 0.7694444444444445 0.9984375 0.7722222222222223 0.9984375 0.7944444444444444 0.9765625 0.7944444444444444 0.9578125 0.7861111111111111 0.93125 0.7833333333333333 0.9296875 0.7805555555555556 0.9203125 0.7805555555555556 0.91875 0.7777777777777778 0.9109375 0.7777777777777778 0.9 0.7722222222222223 0.8640625 0.7666666666666667 0.8625 0.7638888888888888 0.853125 0.7638888888888888 0.8421875 0.7583333333333333 0.8296875 0.7583333333333333 0.8203125 0.7527777777777778 0.784375 0.7472222222222222 0.7828125 0.7444444444444445 0.7734375 0.7444444444444445 0.771875 0.7416666666666667 0.753125 0.7388888888888889 0.7515625 0.7361111111111112 0.740625 0.7361111111111112 0.7390625 0.7333333333333333 0.728125 0.7333333333333333 0.7265625 0.7305555555555555 0.715625 0.7305555555555555 0.7140625 0.7277777777777777 0.6953125 0.7277777777777777 0.69375 0.725 0.6859375 0.725 0.675 0.7194444444444444 0.6734375 0.7138888888888889 0.6796875 0.7111111111111111
0 0.4046875 0.7694444444444445 0.4046875 0.7777777777777778 0.4 0.7888888888888889 0.39375 0.8 0.3890625 0.8027777777777778 0.384375 0.8 0.384375 0.7944444444444444 0.3984375 0.7694444444444445 0.403125 0.7694444444444445
0 0.3421875 0.8916666666666667 0.340625 0.9027777777777778 0.33125 0.925 0.2890625 0.9972222222222222 0.26875 0.9972222222222222 0.26875 0.9916666666666667 0.284375 0.9694444444444444 0.30625 0.9277777777777778 0.321875 0.9083333333333333 0.33125 0.8916666666666667 0.334375 0.8888888888888888 0.340625 0.8916666666666667
0 0.6390625 0.8861111111111111 0.6578125 0.9055555555555556 0.6640625 0.9166666666666666 0.6703125 0.9194444444444444 0.7046875 0.9694444444444444 0.7078125 0.9777777777777777 0.7015625 0.9861111111111112 0.696875 0.9861111111111112 0.68125 0.9722222222222222 0.6640625 0.9416666666666667 0.65625 0.9361111111111111 0.640625 0.9138888888888889 0.625 0.9 0.6203125 0.8888888888888888 0.6234375 0.8861111111111111 0.6375 0.8861111111111111
0 0.025 0.725 0.028125 0.7277777777777777 0.01875 0.7333333333333333 0 0.7333333333333333 0 0.7277777777777777 0.0234375 0.7277777777777777
0 0.925 0.8722222222222222 0.934375 0.8722222222222222 0.9640625 0.8861111111111111 0.978125 0.8888888888888888 0.9984375 0.9027777777777778 0.9984375 0.9138888888888889 0.9921875 0.9138888888888889 0.9875 0.9083333333333333 0.9703125 0.9027777777777778 0.9546875 0.8916666666666667 0.9359375 0.8861111111111111 0.925 0.8777777777777778 0.925 0.875
0 0.4046875 0.7722222222222223 0.403125 0.7805555555555556 0.3921875 0.8 0.3859375 0.8 0.384375 0.7972222222222223 0.3859375 0.7916666666666666 0.396875 0.7722222222222223 0.4 0.7694444444444445 0.403125 0.7722222222222223
0 0.3515625 0.7194444444444444 0.3546875 0.7194444444444444 0.340625 0.7305555555555555 0.3109375 0.7416666666666667 0.30625 0.7472222222222222 0.2828125 0.7611111111111111 0.2703125 0.7638888888888888 0.240625 0.7833333333333333 0.215625 0.7916666666666666 0.1484375 0.8305555555555556 0.1125 0.8444444444444444 0.08125 0.8638888888888889 0.059375 0.8722222222222222 0.0421875 0.8833333333333333 0.0359375 0.8833333333333333 0.0171875 0.8916666666666667 0.0015625 0.9027777777777778 0 0.9027777777777778 0 0.8888888888888888 0.009375 0.8833333333333333 0.05 0.8666666666666667 0.078125 0.85 0.103125 0.8416666666666667 0.1234375 0.8277777777777777 0.1375 0.825 0.1546875 0.8138888888888889 0.165625 0.8111111111111111 0.18125 0.8 0.1875 0.8 0.196875 0.7944444444444444 0.2109375 0.7833333333333333 0.2328125 0.7777777777777778 0.2546875 0.7638888888888888 0.265625 0.7611111111111111 0.2703125 0.7555555555555555 0.2859375 0.7527777777777778 0.30625 0.7361111111111112 0.3203125 0.7333333333333333 0.3359375 0.7222222222222222 0.35 0.7194444444444444
0 0.415625 0.7472222222222222 0.415625 0.7416666666666667 0.4203125 0.7305555555555555 0.425 0.7305555555555555 0.425 0.7333333333333333 0.421875 0.7444444444444445 0.4171875 0.7472222222222222
0 0.6203125 0.8888888888888888 0.6359375 0.8861111111111111 0.646875 0.8944444444444445 0.6640625 0.9194444444444444 0.6671875 0.9194444444444444 0.6703125 0.925 0.678125 0.9305555555555556 0.6984375 0.9638888888888889 0.70625 0.9722222222222222 0.70625 0.9777777777777777 0.7 0.9861111111111112 0.684375 0.975 0.6640625 0.9416666666666667 0.65625 0.9361111111111111 0.640625 0.9138888888888889 0.625 0.9 0.621875 0.8916666666666667
0 0.621875 0.8888888888888888 0.6359375 0.8861111111111111 0.646875 0.8944444444444445 0.6640625 0.9194444444444444 0.6671875 0.9194444444444444 0.6796875 0.9333333333333333 0.6984375 0.9638888888888889 0.70625 0.9722222222222222 0.70625 0.9777777777777777 0.7 0.9861111111111112 0.684375 0.975 0.6640625 0.9416666666666667 0.659375 0.9388888888888889 0.640625 0.9138888888888889 0.625 0.9 0.621875 0.8916666666666667
0 0.63125 0.7388888888888889 0.6359375 0.7388888888888889 0.6453125 0.7472222222222222 0.64375 0.7527777777777778 0.634375 0.7527777777777778 0.63125 0.7472222222222222 0.63125 0.7416666666666667
0 0.3375 0.8888888888888888 0.3421875 0.8972222222222223 0.3359375 0.9138888888888889 0.2890625 0.9972222222222222 0.26875 0.9972222222222222 0.26875 0.9916666666666667 0.2875 0.9638888888888889 0.315625 0.9138888888888889 0.3265625 0.8972222222222223 0.3359375 0.8888888888888888
0 0.728125 0.7805555555555556 0.7453125 0.7888888888888889 0.753125 0.7888888888888889 0.7640625 0.7972222222222223 0.7734375 0.8 0.775 0.8055555555555556 0.7609375 0.8055555555555556 0.759375 0.8027777777777778 0.7328125 0.7944444444444444 0.7234375 0.7861111111111111 0.7265625 0.7805555555555556