0 0.478125 0.7138888888888889 0.4828125 0.7111111111111111 0.48125 0.7222222222222222 0.478125 0.7222222222222222 0.4765625 0.7194444444444444 0.478125 0.7166666666666667
0 0.6921875 0.925 0.696875 0.9194444444444444 0.7015625 0.9194444444444444 0.70625 0.9277777777777778 0.7109375 0.9305555555555556 0.7140625 0.9388888888888889 0.71875 0.9416666666666667 0.7203125 0.9472222222222222 0.725 0.95 0.759375 0.9944444444444445 0.7609375 0.9972222222222222 0.740625 0.9972222222222222 0.7375 0.9944444444444445 0.7109375 0.9527777777777777 0.70625 0.95 0.703125 0.9416666666666667 0.6984375 0.9388888888888889 0.69375 0.9277777777777778
0 0.8609375 0.8305555555555556 0.8703125 0.8305555555555556 0.875 0.8361111111111111 0.88125 0.8361111111111111 0.90625 0.85 0.9140625 0.85 0.9171875 0.8555555555555555 0.928125 0.8611111111111112 0.928125 0.8638888888888889 0.91875 0.8666666666666667 0.9140625 0.8611111111111112 0.903125 0.8583333333333333 0.9 0.8527777777777777 0.8875 0.85 0.884375 0.8444444444444444 0.865625 0.8388888888888889 0.8609375 0.8333333333333334
0 0.184375 0.7805555555555556 0.190625 0.7833333333333333 0.190625 0.7861111111111111 0.1875 0.7916666666666666 0.171875 0.7944444444444444 0.171875 0.7888888888888889 0.1828125 0.7833333333333333
0 0.703125 0.9222222222222223 0.7140625 0.9388888888888889 0.71875 0.9416666666666667 0.7203125 0.9472222222222222 0.7359375 0.9638888888888889 0.740625 0.9722222222222222 0.7453125 0.975 0.7609375 0.9972222222222222 0.740625 0.9972222222222222 0.7375 0.9944444444444445 0.7265625 0.975 0.7203125 0.9694444444444444 0.7109375 0.9527777777777777 0.6953125 0.9333333333333333 0.69375 0.925 0.6984375 0.9194444444444444 0.7015625 0.9222222222222223
0 0.375 0.8638888888888889 0.375 0.8694444444444445 0.371875 0.875 0.30625 0.9638888888888889 0.2859375 0.9611111111111111 0.284375 0.9583333333333334 0.290625 0.9472222222222222 0.29375 0.9472222222222222 0.2984375 0.9388888888888889 0.3015625 0.9388888888888889 0.35625 0.8666666666666667 0.359375 0.8638888888888889 0.3734375 0.8638888888888889
0 0.409375 0.8111111111111111 0.409375 0.8055555555555556 0.4125 0.7972222222222223 0.4171875 0.7972222222222223 0.4171875 0.8027777777777778 0.4140625 0.8111111111111111 0.4109375 0.8111111111111111
0 0.38125 0.7083333333333334 0.3828125 0.7111111111111111 0.3953125 0.7083333333333334 0.396875 0.7111111111111111 0.390625 0.7166666666666667 0.3640625 0.7222222222222222 0.3609375 0.7277777777777777 0.35625 0.7277777777777777 0.3515625 0.7333333333333333 0.3421875 0.7361111111111112 0.3359375 0.7416666666666667 0.33125 0.7388888888888889 0.325 0.7444444444444445 0.315625 0.7444444444444445 0.3109375 0.75 0.3046875 0.75 0.29375 0.7583333333333333 0.284375 0.7583333333333333 0.278125 0.7638888888888888 0.2703125 0.7638888888888888 0.2640625 0.7694444444444445 0.259375 0.7666666666666667 0.2515625 0.775 0.240625 0.775 0.2328125 0.7805555555555556 0.209375 0.7861111111111111 0.203125 0.7916666666666666 0.1984375 0.7888888888888889 0.19375 0.7916666666666666 0.190625 0.7861111111111111 0.1859375 0.7916666666666666 0.1734375 0.7972222222222223 0.1703125 0.8027777777777778 0.1671875 0.8 0.14375 0.8138888888888889 0.1390625 0.8111111111111111 0.128125 0.8194444444444444 0.1203125 0.8194444444444444 0.1140625 0.825 0.1046875 0.825 0.0984375 0.8305555555555556 0.090625 0.8305555555555556 0.0828125 0.8361111111111111 0.078125 0.8333333333333334 0.0640625 0.8444444444444444 0.0625 0.8416666666666667 0.0515625 0.8472222222222222 0.0484375 0.8444444444444444 0.0359375 0.8527777777777777 0.03125 0.85 0.021875 0.8583333333333333 0.015625 0.8583333333333333 0.00625 0.8638888888888889 0.003125 0.8611111111111112 0 0.8638888888888889 0 0.85 0.009375 0.85 0.0171875 0.8444444444444444 0.0234375 0.8444444444444444 0.034375 0.8361111111111111 0.0359375 0.8388888888888889 0.046875 0.8333333333333334 0.0515625 0.8361111111111111 0.0625 0.8277777777777777 0.065625 0.8305555555555556 0.075 0.8222222222222222 0.0828125 0.8222222222222222 0.0921875 0.8166666666666667 0.0953125 0.8194444444444444 0.1078125 0.8111111111111111 0.1125 0.8138888888888889 0.11875 0.8083333333333333 0.128125 0.8083333333333333 0.1328125 0.8027777777777778 0.1390625 0.8 0.140625 0.8027777777777778 0.1453125 0.7972222222222223 0.1609375 0.7944444444444444 0.165625 0.7888888888888889 0.1734375 0.7888888888888889 0.1796875 0.7833333333333333 0.1875 0.7861111111111111 0.2 0.7777777777777778 0.203125 0.7805555555555556 0.215625 0.7722222222222223 0.21875 0.775 0.2265625 0.7694444444444445 0.246875 0.7638888888888888 0.253125 0.7583333333333333 0.259375 0.7583333333333333 0.2609375 0.7555555555555555 0.2625 0.7583333333333333 0.275 0.75 0.2796875 0.7527777777777778 0.296875 0.7444444444444445 0.3046875 0.7361111111111112 0.309375 0.7388888888888889 0.3203125 0.7305555555555555 0.321875 0.7333333333333333 0.3265625 0.7333333333333333 0.3328125 0.7277777777777777 0.3390625 0.7305555555555555 0.346875 0.7222222222222222 0.353125 0.7277777777777777 0.3578125 0.7194444444444444 0.3796875 0.7111111111111111
0 0.4703125 0.7333333333333333 0.00625 0.008333333333333333
0 0.5875 0.7694444444444445 0.5890625 0.7666666666666667 0.5921875 0.7694444444444445 0.5984375 0.7805555555555556 0.596875 0.7833333333333333 0.5890625 0.7777777777777778 0.5890625 0.7722222222222223
0 0.446875 0.7611111111111111 0.446875 0.7555555555555555 0.4546875 0.7444444444444445 0.4609375 0.7472222222222222 0.45625 0.7583333333333333 0.4484375 0.7611111111111111
0 0.9453125 0.8444444444444444 0.9515625 0.85 0.9578125 0.85 0.9609375 0.8555555555555555 0.9796875 0.8611111111111112 0.9796875 0.8694444444444445 0.9640625 0.8666666666666667 0.959375 0.8611111111111112 0.9453125 0.8555555555555555 0.940625 0.85 0.94375 0.8444444444444444
0 0.7296875 0.8027777777777778 0.734375 0.8 0.7390625 0.8055555555555556 0.7484375 0.8083333333333333 0.7578125 0.8166666666666667 0.7578125 0.8194444444444444 0.753125 0.8194444444444444 0.746875 0.8138888888888889 0.7390625 0.8138888888888889 0.7359375 0.8083333333333333 0.7296875 0.8055555555555556