0 0.625 0.7388888888888889 0.6265625 0.7472222222222222 0.621875 0.7472222222222222 0.6171875 0.7416666666666667 0.615625 0.7333333333333333 0.6203125 0.7333333333333333 0.6234375 0.7388888888888889
0 0.6953125 0.8583333333333333 0.70625 0.8611111111111112 0.7625 0.9388888888888889 0.7671875 0.9416666666666667 0.790625 0.9777777777777777 0.790625 0.9805555555555555 0.771875 0.9805555555555555 0.76875 0.9777777777777777 0.7578125 0.9555555555555556 0.7546875 0.9555555555555556 0.7453125 0.9388888888888889 0.70625 0.8861111111111111 0.6984375 0.8722222222222222 0.6953125 0.8611111111111112
0 0.6953125 0.8583333333333333 0.70625 0.8611111111111112 0.725 0.8888888888888888 0.7484375 0.9166666666666666 0.7625 0.9388888888888889 0.7671875 0.9416666666666667 0.790625 0.9777777777777777 0.790625 0.9805555555555555 0.771875 0.9805555555555555 0.76875 0.9777777777777777 0.7453125 0.9388888888888889 0.70625 0.8861111111111111 0.696875 0.8694444444444445 0.6953125 0.8611111111111112
0 0.8296875 0.775 0.8359375 0.775 0.8375 0.7777777777777778 0.840625 0.775 0.871875 0.7888888888888889 0.878125 0.7944444444444444 0.8875 0.7944444444444444 0.9015625 0.8055555555555556 0.9 0.8083333333333333 0.89375 0.8083333333333333 0.8859375 0.8027777777777778 0.88125 0.8055555555555556 0.875 0.8 0.8625 0.7972222222222223 0.84375 0.7861111111111111 0.8375 0.7861111111111111 0.8296875 0.7777777777777778
0 0.353125 0.9555555555555556 0.353125 0.9472222222222222 0.3640625 0.9277777777777778 0.4125 0.8666666666666667 0.415625 0.8583333333333333 0.428125 0.8472222222222222 0.4328125 0.8472222222222222 0.4328125 0.8555555555555555 0.421875 0.875 0.3984375 0.9027777777777778 0.3921875 0.9166666666666666 0.378125 0.9361111111111111 0.371875 0.9388888888888889 0.3703125 0.9444444444444444 0.3609375 0.9555555555555556 0.3546875 0.9555555555555556
0 0.471875 0.7916666666666666 0.475 0.7944444444444444 0.471875 0.8027777777777778 0.453125 0.825 0.446875 0.825 0.4453125 0.8222222222222222 0.45 0.8138888888888889 0.4703125 0.7916666666666666
0 0.6953125 0.7444444444444445 0.696875 0.7472222222222222 0.703125 0.7472222222222222 0.7046875 0.7444444444444445 0.715625 0.7472222222222222 0.721875 0.7527777777777778 0.728125 0.75 0.7515625 0.7527777777777778 0.75625 0.7611111111111111 0.7375 0.7638888888888888 0.734375 0.7694444444444445 0.7359375 0.7722222222222223 0.734375 0.775 0.728125 0.775 0.7 0.7555555555555555 0.6859375 0.7555555555555555 0.684375 0.7527777777777778 0.6859375 0.7472222222222222 0.69375 0.7444444444444445
0 0.371875 0.7694444444444445 0.3703125 0.775 0.3578125 0.7833333333333333 0.346875 0.7861111111111111 0.3421875 0.7916666666666666 0.334375 0.7888888888888889 0.3359375 0.7833333333333333 0.3421875 0.7833333333333333 0.346875 0.7777777777777778 0.3703125 0.7694444444444445
0 0.4875 0.7736111111111111 0.0078125 0.011111111111111112
0 0.64375 0.7777777777777778 0.6515625 0.7805555555555556 0.665625 0.8 0.665625 0.8055555555555556 0.6578125 0.8083333333333333 0.6453125 0.7888888888888889 0.64375 0.7805555555555556
0 0.44375 0.7666666666666667 0.4421875 0.7722222222222223 0.425 0.7777777777777778 0.40625 0.7944444444444444 0.390625 0.8027777777777778 0.3890625 0.8027777777777778 0.390625 0.7944444444444444 0.4 0.7916666666666666 0.4109375 0.7805555555555556 0.415625 0.7722222222222223 0.434375 0.7666666666666667 0.4359375 0.7638888888888888 0.4421875 0.7666666666666667