0 0.409375 0.7611111111111111 0.4109375 0.7638888888888888 0.4109375 0.775 0.4078125 0.7777777777777778 0.390625 0.825 0.3625 0.825 0.3609375 0.8194444444444444 0.378125 0.7888888888888889 0.3875 0.7638888888888888 0.4078125 0.7611111111111111
0 0.4546875 0.7944444444444444 0.034375 0.06944444444444445
0 0.965625 0.8694444444444445 0.9671875 0.8722222222222222 0.990625 0.8722222222222222 0.990625 0.8861111111111111 0.9671875 0.8861111111111111 0.965625 0.8833333333333333 0.95 0.8833333333333333 0.9484375 0.8805555555555555 0.9359375 0.8777777777777778 0.934375 0.875 0.9375 0.8722222222222222 0.9640625 0.8694444444444445
0 0.81875 0.8388888888888889 0.840625 0.85 0.8359375 0.8555555555555555 0.80625 0.85 0.8 0.8444444444444444 0.7890625 0.8416666666666667 0.7859375 0.8361111111111111 0.7828125 0.8361111111111111 0.778125 0.8305555555555556 0.8171875 0.8388888888888889
0 0.4015625 0.7027777777777777 0.4 0.7138888888888889 0.3828125 0.75 0.378125 0.7555555555555555 0.3703125 0.7555555555555555 0.365625 0.7527777777777778 0.365625 0.75 0.3796875 0.725 0.3875 0.7222222222222222 0.3953125 0.7055555555555556 0.4 0.7027777777777777
0 0.6640625 0.7861111111111111 0.690625 0.7888888888888889 0.703125 0.8027777777777778 0.7234375 0.8138888888888889 0.7328125 0.8222222222222222 0.7421875 0.825 0.7515625 0.8361111111111111 0.7640625 0.8416666666666667 0.765625 0.8444444444444444 0.7421875 0.8444444444444444 0.703125 0.8194444444444444 0.696875 0.8111111111111111 0.684375 0.8055555555555556 0.665625 0.7888888888888889
0 0.340625 0.7666666666666667 0.3421875 0.7694444444444445 0.34375 0.7666666666666667 0.3515625 0.7666666666666667 0.353125 0.7694444444444445 0.3484375 0.7833333333333333 0.34375 0.7916666666666666 0.334375 0.7972222222222223 0.3171875 0.8277777777777777 0.3125 0.8305555555555556 0.2953125 0.8305555555555556 0.2875 0.825 0.3046875 0.8 0.315625 0.7916666666666666 0.321875 0.7805555555555556 0.325 0.7805555555555556 0.3328125 0.7694444444444445 0.3390625 0.7666666666666667
0 0.425 0.6555555555555556 0.425 0.6666666666666666 0.421875 0.675 0.4015625 0.7083333333333334 0.396875 0.7222222222222222 0.3796875 0.7555555555555555 0.365625 0.7527777777777778 0.375 0.7361111111111112 0.371875 0.7277777777777777 0.375 0.7305555555555555 0.378125 0.725 0.3875 0.7194444444444444 0.3953125 0.7027777777777777 0.4046875 0.6916666666666667 0.4234375 0.6583333333333333
0 0.3015625 0.7694444444444445 0.303125 0.7722222222222223 0.296875 0.7833333333333333 0.2796875 0.7972222222222223 0.271875 0.8 0.2546875 0.8194444444444444 0.246875 0.8222222222222222 0.2390625 0.8305555555555556 0.23125 0.8305555555555556 0.2296875 0.8333333333333334 0.215625 0.8333333333333334 0.2140625 0.8305555555555556 0.2234375 0.8194444444444444 0.2421875 0.8027777777777778 0.2546875 0.7972222222222223 0.2578125 0.7916666666666666 0.275 0.7777777777777778 0.29375 0.7666666666666667 0.3 0.7694444444444445
0 0.6078125 0.7722222222222223 0.628125 0.7777777777777778 0.6375 0.7833333333333333 0.65 0.7972222222222223 0.6625 0.8 0.6640625 0.8055555555555556 0.6703125 0.8027777777777778 0.6578125 0.7861111111111111 0.690625 0.7888888888888889 0.7078125 0.8055555555555556 0.721875 0.8111111111111111 0.7296875 0.8194444444444444 0.740625 0.8222222222222222 0.7484375 0.8333333333333334 0.7640625 0.8388888888888889 0.7671875 0.8444444444444444 0.765625 0.8472222222222222 0.74375 0.8472222222222222 0.740625 0.8416666666666667 0.71875 0.8333333333333334 0.7046875 0.825 0.6921875 0.8111111111111111 0.6875 0.8111111111111111 0.675 0.8027777777777778 0.6703125 0.8027777777777778 0.6671875 0.8083333333333333 0.6703125 0.8166666666666667 0.6859375 0.825 0.6890625 0.8305555555555556 0.6953125 0.8277777777777777 0.6953125 0.8361111111111111 0.6921875 0.8388888888888889 0.6640625 0.8388888888888889 0.6296875 0.8055555555555556 0.6234375 0.8055555555555556 0.6078125 0.775
0 0.5765625 0.7722222222222223 0.5921875 0.7972222222222223 0.609375 0.8166666666666667 0.6171875 0.8305555555555556 0.6171875 0.8333333333333334 0.6109375 0.8361111111111111 0.5890625 0.8305555555555556 0.575 0.8111111111111111 0.55625 0.7777777777777778 0.55625 0.7694444444444445 0.575 0.7722222222222223
0 0.4984375 0.7638888888888888 0.5171875 0.7638888888888888 0.5203125 0.7666666666666667 0.5296875 0.7888888888888889 0.5296875 0.7944444444444444 0.5421875 0.8222222222222222 0.5421875 0.8277777777777777 0.5359375 0.8305555555555556 0.5234375 0.8305555555555556 0.5140625 0.825 0.5 0.7805555555555556 0.4984375 0.7666666666666667
0 0.609375 0.775 0.63125 0.7805555555555556 0.646875 0.7944444444444444 0.659375 0.8111111111111111 0.6625 0.8111111111111111 0.690625 0.8333333333333334 0.6890625 0.8388888888888889 0.665625 0.8388888888888889 0.6609375 0.8361111111111111 0.64375 0.8166666666666667 0.6328125 0.8083333333333333 0.609375 0.7777777777777778
0 0.325 0.8361111111111111 0.3296875 0.8416666666666667 0.328125 0.8527777777777777 0.3140625 0.875 0.3125 0.8833333333333333 0.30625 0.8944444444444445 0.303125 0.9055555555555556 0.2890625 0.9277777777777778 0.2828125 0.9444444444444444 0.2734375 0.9583333333333334 0.2671875 0.9611111111111111 0.2578125 0.9611111111111111 0.2515625 0.9666666666666667 0.2421875 0.9638888888888889 0.2421875 0.9611111111111111 0.2484375 0.9527777777777777 0.2625 0.9222222222222223 0.26875 0.9166666666666666 0.3078125 0.8472222222222222 0.3109375 0.8472222222222222 0.31875 0.8388888888888889 0.3234375 0.8388888888888889