0 0.3234375 0.825 0.3328125 0.8055555555555556 0.3375 0.8027777777777778 0.340625 0.8055555555555556 0.3390625 0.8111111111111111 0.33125 0.825 0.325 0.825
0 0.359375 0.7666666666666667 0.359375 0.7611111111111111 0.3640625 0.7527777777777778 0.3703125 0.7555555555555555 0.3671875 0.7638888888888888 0.3609375 0.7666666666666667
0 0.6078125 0.85 0.6125 0.8527777777777777 0.621875 0.8722222222222222 0.6203125 0.875 0.6140625 0.875 0.603125 0.8583333333333333 0.60625 0.8527777777777777
0 0.253125 0.95 0.253125 0.9388888888888889 0.2625 0.9222222222222223 0.2765625 0.9055555555555556 0.284375 0.9055555555555556 0.284375 0.9111111111111111 0.2640625 0.9472222222222222 0.2546875 0.95
0 0.2515625 0.95 0.2546875 0.9333333333333333 0.2765625 0.9055555555555556 0.284375 0.9055555555555556 0.284375 0.9111111111111111 0.2625 0.95 0.253125 0.95
0 0.615625 0.8527777777777777 0.675 0.8527777777777777 0.6765625 0.8555555555555555 0.703125 0.8555555555555555 0.7125 0.8611111111111112 0.7140625 0.8638888888888889 0.6734375 0.8638888888888889 0.671875 0.8611111111111112 0.6296875 0.8611111111111112 0.6171875 0.8555555555555555
0 0.31875 0.8416666666666667 0.31875 0.8472222222222222 0.3046875 0.8694444444444445 0.2984375 0.8694444444444445 0.2984375 0.8638888888888889 0.309375 0.8444444444444444 0.3171875 0.8416666666666667
0 0.6109375 0.85 0.6125 0.8527777777777777 0.665625 0.8527777777777777 0.6671875 0.8555555555555555 0.6984375 0.8555555555555555 0.7 0.8583333333333333 0.70625 0.8583333333333333 0.7125 0.8638888888888889 0.7109375 0.8666666666666667 0.7046875 0.8666666666666667 0.703125 0.8694444444444445 0.7046875 0.8722222222222222 0.7203125 0.8777777777777778 0.721875 0.8833333333333333 0.675 0.8805555555555555 0.671875 0.8861111111111111 0.671875 0.8944444444444445 0.6609375 0.8916666666666667 0.6390625 0.8638888888888889 0.621875 0.8611111111111112 0.6203125 0.8638888888888889 0.621875 0.875 0.6140625 0.875 0.603125 0.8583333333333333 0.6046875 0.85 0.609375 0.85
0 0.659375 0.8694444444444445 0.6609375 0.8722222222222222 0.696875 0.8722222222222222 0.6984375 0.875 0.7171875 0.875 0.721875 0.8777777777777778 0.725 0.8833333333333333 0.6765625 0.8833333333333333 0.6734375 0.8888888888888888 0.675 0.8916666666666667 0.6734375 0.8944444444444445 0.6640625 0.8944444444444445 0.65 0.8777777777777778 0.65 0.8722222222222222 0.6578125 0.8694444444444445
0 0.640625 0.9055555555555556 0.646875 0.9111111111111111 0.6640625 0.9416666666666667 0.6609375 0.9472222222222222 0.65 0.9388888888888889 0.6359375 0.9111111111111111 0.6390625 0.9055555555555556
0 0.3546875 0.775 0.35625 0.7833333333333333 0.35 0.7916666666666666 0.3453125 0.7916666666666666 0.3453125 0.7888888888888889 0.353125 0.775