0 0.5171875 0.7083333333333334 0.5203125 0.7055555555555556 0.525 0.7083333333333334 0.53125 0.7222222222222222 0.5296875 0.7277777777777777 0.525 0.7277777777777777 0.5171875 0.7111111111111111
0 0 0.8722222222222222 0.0078125 0.8722222222222222 0.0015625 0.8833333333333333 0 0.8833333333333333 0 0.875
0 0.71875 0.7861111111111111 0.7484375 0.8055555555555556 0.7734375 0.8277777777777777 0.7765625 0.8277777777777777 0.7828125 0.8333333333333334 0.784375 0.8361111111111111 0.7828125 0.8388888888888889 0.7734375 0.8361111111111111 0.7359375 0.8055555555555556 0.7328125 0.8055555555555556 0.7140625 0.7888888888888889 0.7171875 0.7861111111111111
0 0.409375 0.6805555555555556 0.4109375 0.6833333333333333 0.409375 0.6861111111111111 0.4 0.6916666666666667 0.375 0.7277777777777777 0.35625 0.75 0.3515625 0.75 0.353125 0.7388888888888889 0.359375 0.7361111111111112 0.3796875 0.7083333333333334 0.3859375 0.7055555555555556 0.39375 0.6916666666666667 0.4078125 0.6805555555555556
0 0 0.925 0.009375 0.925 0.0171875 0.9194444444444444 0.025 0.9194444444444444 0.0375 0.9111111111111111 0.0484375 0.9111111111111111 0.05 0.9138888888888889 0.05 0.9194444444444444 0.0046875 0.9972222222222222 0 0.9972222222222222 0 0.9277777777777778
0 0.115625 0.775 0.146875 0.7555555555555555 0.1515625 0.7555555555555555 0.1578125 0.75 0.16875 0.7472222222222222 0.1796875 0.7388888888888889 0.1984375 0.7305555555555555 0.2046875 0.7333333333333333 0.2171875 0.7305555555555555 0.2171875 0.7333333333333333 0.209375 0.7333333333333333 0.2046875 0.7388888888888889 0.1828125 0.7472222222222222 0.1765625 0.7527777777777778 0.1609375 0.7555555555555555 0.1546875 0.7611111111111111 0.15 0.7611111111111111 0.146875 0.7666666666666667 0.1359375 0.7694444444444445 0.1296875 0.775 0.115625 0.7777777777777778
0 0.159375 0.8222222222222222 0.175 0.8083333333333333 0.1859375 0.8055555555555556 0.1859375 0.8138888888888889 0.178125 0.8222222222222222 0.1640625 0.8305555555555556 0.1609375 0.8305555555555556 0.159375 0.825
0 0.55 0.7777777777777778 0.55625 0.7777777777777778 0.5703125 0.8055555555555556 0.578125 0.8277777777777777 0.5765625 0.8305555555555556 0.56875 0.8277777777777777 0.5515625 0.7888888888888889 0.55 0.7805555555555556
0 0.621875 0.7083333333333334 0.6328125 0.7194444444444444 0.64375 0.725 0.646875 0.7305555555555555 0.64375 0.7333333333333333 0.6234375 0.7194444444444444 0.6171875 0.7111111111111111 0.6203125 0.7083333333333334
0 0.7265625 0.7194444444444444 0.7640625 0.7361111111111112 0.7671875 0.7444444444444445 0.759375 0.7444444444444445 0.753125 0.7388888888888889 0.7359375 0.7333333333333333 0.7265625 0.7277777777777777 0.725 0.7222222222222222
0 0.2296875 0.8694444444444445 0.23125 0.8694444444444445 0.228125 0.875 0.215625 0.8861111111111111 0.2015625 0.9055555555555556 0.2 0.9027777777777778 0.2 0.8833333333333333 0.2015625 0.8805555555555555 0.228125 0.8694444444444445