0 0.453125 0.7 0.45625 0.7 0.465625 0.7111111111111111 0.465625 0.7166666666666667 0.4625 0.7166666666666667 0.453125 0.7027777777777777
0 0.6984375 0.7777777777777778 0.7109375 0.7805555555555556 0.7484375 0.8027777777777778 0.7484375 0.8055555555555556 0.7421875 0.8055555555555556 0.7359375 0.8 0.71875 0.7944444444444444 0.6984375 0.7805555555555556
0 0.328125 0.6680555555555555 0.00625 0.013888888888888888
0 0.32578125 0.6486111111111111 0.0046875 0.008333333333333333
0 0.2875 0.7916666666666666 0.2890625 0.7805555555555556 0.3015625 0.7583333333333333 0.30625 0.7583333333333333 0.30625 0.7638888888888888 0.2921875 0.7916666666666666 0.2890625 0.7916666666666666
0 0.325 0.6944444444444444 0.325 0.7055555555555556 0.3234375 0.7083333333333334 0.3203125 0.7083333333333334 0.3203125 0.6972222222222222 0.3234375 0.6944444444444444
0 0.24375 0.625 0.2515625 0.6333333333333333 0.25 0.6472222222222223 0.240625 0.6638888888888889 0.203125 0.7 0.1046875 0.7638888888888888 0.1 0.7638888888888888 0.0890625 0.7722222222222223 0.05 0.7888888888888889 0.0453125 0.7944444444444444 0.025 0.8027777777777778 0 0.8194444444444444 0 0.8083333333333333 0.025 0.7972222222222223 0.034375 0.7888888888888889 0.0390625 0.7888888888888889 0.0546875 0.7777777777777778 0.0734375 0.7722222222222223 0.1015625 0.7555555555555555 0.1078125 0.7555555555555555 0.1203125 0.7444444444444445 0.1515625 0.7277777777777777 0.1765625 0.7083333333333334 0.1890625 0.7027777777777777 0.225 0.6722222222222223 0.2375 0.6555555555555556 0.2421875 0.6527777777777778 0.246875 0.6444444444444445 0.246875 0.6305555555555555 0.2453125 0.6277777777777778
0 0.5078125 0.7666666666666667 0.5125 0.7666666666666667 0.5421875 0.8055555555555556 0.5328125 0.8027777777777778 0.5140625 0.7805555555555556 0.5078125 0.7694444444444445
0 0.428125 0.6694444444444444 0.4359375 0.6777777777777778 0.4359375 0.6805555555555556 0.4328125 0.6805555555555556 0.428125 0.6722222222222223
0 0.4015625 0.8194444444444444 0.409375 0.8194444444444444 0.4109375 0.8527777777777777 0.4140625 0.8694444444444445 0.4125 0.8777777777777778 0.403125 0.875 0.4015625 0.8666666666666667 0.4015625 0.8222222222222222
0 0.5734375 0.7111111111111111 0.5828125 0.7111111111111111 0.5921875 0.7194444444444444 0.5921875 0.7222222222222222 0.5875 0.7222222222222222 0.575 0.7138888888888889