0 0.3234375 0.7986111111111112 0.01875 0.027777777777777776
0 0.353125 0.7555555555555555 0.353125 0.75 0.3578125 0.7416666666666667 0.3640625 0.7444444444444445 0.3609375 0.7527777777777778 0.3546875 0.7555555555555555
0 0.5984375 0.8611111111111112 0.60625 0.8694444444444445 0.6109375 0.8861111111111111 0.603125 0.8861111111111111 0.59375 0.8694444444444445 0.596875 0.8638888888888889
0 0.240625 0.9166666666666666 0.25625 0.8944444444444445 0.259375 0.8944444444444445 0.265625 0.8861111111111111 0.2734375 0.8861111111111111 0.2734375 0.8916666666666667 0.2625 0.9055555555555556 0.253125 0.925 0.240625 0.9277777777777778 0.240625 0.9194444444444444
0 0.2390625 0.9277777777777778 0.240625 0.9166666666666666 0.2453125 0.9083333333333333 0.265625 0.8861111111111111 0.2734375 0.8861111111111111 0.2734375 0.8916666666666667 0.26875 0.9 0.2515625 0.9277777777777778 0.240625 0.9277777777777778
0 0.60625 0.8638888888888889 0.665625 0.8694444444444445 0.675 0.875 0.69375 0.875 0.6984375 0.8805555555555555 0.7015625 0.8805555555555555 0.703125 0.8833333333333333 0.675 0.8833333333333333 0.6734375 0.8805555555555555 0.6453125 0.8777777777777778 0.64375 0.875 0.6203125 0.875 0.6140625 0.8694444444444445 0.6078125 0.8694444444444445 0.6078125 0.8666666666666667
0 0.309375 0.825 0.309375 0.8305555555555556 0.2953125 0.8527777777777777 0.2890625 0.8527777777777777 0.2890625 0.8444444444444444 0.3 0.8277777777777777 0.3078125 0.825
0 0.6015625 0.8611111111111112 0.603125 0.8638888888888889 0.6140625 0.8638888888888889 0.615625 0.8666666666666667 0.64375 0.8666666666666667 0.6453125 0.8694444444444445 0.65625 0.8694444444444445 0.6578125 0.8722222222222222 0.6734375 0.8722222222222222 0.675 0.875 0.6953125 0.8777777777777778 0.7015625 0.8833333333333333 0.7015625 0.8861111111111111 0.69375 0.8861111111111111 0.6921875 0.8888888888888888 0.703125 0.8944444444444445 0.709375 0.9 0.7109375 0.9055555555555556 0.6640625 0.8972222222222223 0.6609375 0.9027777777777778 0.6609375 0.9111111111111111 0.65 0.9083333333333333 0.640625 0.8916666666666667 0.6359375 0.8888888888888888 0.628125 0.8777777777777778 0.621875 0.8777777777777778 0.6125 0.8722222222222222 0.6109375 0.875 0.6109375 0.8861111111111111 0.603125 0.8861111111111111 0.59375 0.8694444444444445 0.5953125 0.8611111111111112 0.6 0.8611111111111112
0 0.65 0.8861111111111111 0.6515625 0.8888888888888888 0.6734375 0.8888888888888888 0.675 0.8916666666666667 0.6859375 0.8916666666666667 0.6875 0.8944444444444445 0.703125 0.8944444444444445 0.7109375 0.9 0.7140625 0.9055555555555556 0.665625 0.9 0.6625 0.9055555555555556 0.6640625 0.9083333333333333 0.6625 0.9111111111111111 0.653125 0.9111111111111111 0.646875 0.9055555555555556 0.6390625 0.8888888888888888 0.640625 0.8861111111111111 0.6484375 0.8861111111111111
0 0.6296875 0.9194444444444444 0.646875 0.9472222222222222 0.6515625 0.9583333333333334 0.6484375 0.9638888888888889 0.6390625 0.9555555555555556 0.628125 0.9333333333333333 0.625 0.925 0.628125 0.9194444444444444
0 0.3390625 0.7694444444444445 0.3453125 0.7611111111111111 0.3484375 0.7638888888888888 0.346875 0.775 0.3375 0.7777777777777778 0.3390625 0.7722222222222223