0 0.8953125 0.7416666666666667 0.903125 0.7472222222222222 0.9109375 0.7472222222222222 0.91875 0.7527777777777778 0.934375 0.7555555555555555 0.9390625 0.7583333333333333 0.940625 0.7638888888888888 0.9296875 0.7638888888888888 0.928125 0.7611111111111111 0.921875 0.7638888888888888 0.903125 0.7527777777777778 0.8953125 0.7527777777777778 0.89375 0.75 0.8921875 0.7527777777777778 0.884375 0.7444444444444445 0.89375 0.7416666666666667
0 0.25 0.8 0.25 0.8055555555555556 0.2390625 0.8111111111111111 0.23125 0.8222222222222222 0.221875 0.8277777777777777 0.2140625 0.8277777777777777 0.2140625 0.8222222222222222 0.21875 0.8166666666666667 0.23125 0.8083333333333333 0.2375 0.8 0.2484375 0.8
0 0.8828125 0.7444444444444445 0.89375 0.7416666666666667 0.8953125 0.7444444444444445 0.9109375 0.7472222222222222 0.91875 0.7527777777777778 0.9234375 0.75 0.940625 0.7583333333333333 0.9421875 0.7638888888888888 0.928125 0.7638888888888888 0.9265625 0.7611111111111111 0.9203125 0.7638888888888888 0.9140625 0.7583333333333333 0.8953125 0.7527777777777778 0.89375 0.75 0.890625 0.7527777777777778 0.884375 0.7472222222222222
0 0.0875 0.9444444444444444 0.0828125 0.9583333333333334 0.0625 0.975 0.059375 0.9833333333333333 0.0453125 0.9972222222222222 0.0140625 0.9972222222222222 0.0140625 0.9777777777777777 0.0234375 0.9777777777777777 0.03125 0.9694444444444444 0.075 0.9444444444444444 0.0859375 0.9444444444444444
0 0.4140625 0.6916666666666667 0.4234375 0.6805555555555556 0.428125 0.6805555555555556 0.4296875 0.6861111111111111 0.4234375 0.6888888888888889 0.41875 0.6972222222222222 0.4171875 0.7055555555555556 0.40625 0.7166666666666667 0.403125 0.725 0.390625 0.7388888888888889 0.3609375 0.7861111111111111 0.3515625 0.8055555555555556 0.3484375 0.8055555555555556 0.346875 0.8 0.3578125 0.775 0.3625 0.7722222222222223 0.3671875 0.7611111111111111 0.4140625 0.6944444444444444
0 0.965625 0.775 0.9875 0.775 0.9984375 0.7805555555555556 0.9984375 0.7916666666666666 0.984375 0.7833333333333333 0.98125 0.7861111111111111 0.965625 0.7777777777777778
0 0.1796875 0.9666666666666667 0.1828125 0.9694444444444444 0.18125 0.9972222222222222 0.1703125 0.9972222222222222 0.16875 0.9944444444444445 0.1703125 0.9777777777777777 0.1796875 0.9694444444444444
0 0.58125 0.7833333333333333 0.5890625 0.7833333333333333 0.6171875 0.8305555555555556 0.615625 0.8361111111111111 0.6078125 0.8333333333333334 0.596875 0.8138888888888889 0.5859375 0.8 0.58125 0.7861111111111111
0 0.1421875 0.9138888888888889 0.1421875 0.9166666666666666 0.13125 0.9305555555555556 0.1203125 0.9361111111111111 0.115625 0.9444444444444444 0.1125 0.9444444444444444 0.1 0.9583333333333334 0.090625 0.9611111111111111 0.084375 0.9666666666666667 0.0703125 0.9694444444444444 0.046875 0.9972222222222222 0.0140625 0.9972222222222222 0.0140625 0.9722222222222222 0.0203125 0.9722222222222222 0.034375 0.9583333333333334 0.0421875 0.9583333333333334 0.0640625 0.9388888888888889 0.0671875 0.9333333333333333 0.0859375 0.9222222222222223 0.0921875 0.9138888888888889 0.1171875 0.9138888888888889 0.11875 0.9111111111111111 0.1390625 0.9111111111111111 0.140625 0.9138888888888889
0 0.1421875 0.9138888888888889 0.14375 0.9138888888888889 0.1421875 0.9166666666666666 0.1390625 0.9166666666666666 0.134375 0.925 0.128125 0.9277777777777778 0.1125 0.9444444444444444 0.109375 0.9444444444444444 0.103125 0.9555555555555556 0.0734375 0.9666666666666667 0.0640625 0.975 0.0578125 0.9861111111111112 0.046875 0.9972222222222222 0.0140625 0.9972222222222222 0.0140625 0.9722222222222222 0.0203125 0.9722222222222222 0.021875 0.975 0.0296875 0.9638888888888889 0.0421875 0.9611111111111111 0.0515625 0.95 0.0640625 0.9416666666666667 0.06875 0.9333333333333333 0.084375 0.925 0.09375 0.9138888888888889 0.1046875 0.9138888888888889 0.10625 0.9166666666666666 0.11875 0.9111111111111111 0.1359375 0.9111111111111111 0.140625 0.9138888888888889
0 0.8328125 0.8083333333333333 0.84375 0.8111111111111111 0.8578125 0.8222222222222222 0.85625 0.825 0.846875 0.825 0.8421875 0.8194444444444444 0.8328125 0.8166666666666667 0.8328125 0.8111111111111111
0 0.5734375 0.775 0.5765625 0.7805555555555556 0.5890625 0.7833333333333333 0.6125 0.8194444444444444 0.6171875 0.8305555555555556 0.615625 0.8361111111111111 0.6078125 0.8333333333333334 0.59375 0.8111111111111111 0.5796875 0.7944444444444444 0.5734375 0.7777777777777778
0 0.8296875 0.7277777777777777 0.8328125 0.7222222222222222 0.8375 0.7222222222222222 0.859375 0.7333333333333333 0.8625 0.7305555555555555 0.865625 0.7333333333333333 0.8625 0.7388888888888889 0.8546875 0.7388888888888889 0.83125 0.7277777777777777
0 0.01875 0.8666666666666667 0.0265625 0.8638888888888889 0.0296875 0.8583333333333333 0.0390625 0.8527777777777777 0.0453125 0.8527777777777777 0.05 0.8472222222222222 0.0546875 0.8472222222222222 0.0578125 0.8416666666666667 0.084375 0.8305555555555556 0.0875 0.825 0.096875 0.8194444444444444 0.1125 0.8138888888888889 0.1203125 0.8055555555555556 0.1390625 0.8 0.15 0.7888888888888889 0.165625 0.7833333333333333 0.1828125 0.7694444444444445 0.2046875 0.7611111111111111 0.2109375 0.7527777777777778 0.228125 0.7472222222222222 0.2359375 0.7388888888888889 0.246875 0.7361111111111112 0.25625 0.7277777777777777 0.2625 0.7277777777777777 0.2703125 0.7194444444444444 0.28125 0.7194444444444444 0.290625 0.7138888888888889 0.3 0.7027777777777777 0.31875 0.6972222222222222 0.3265625 0.6888888888888889 0.3453125 0.6805555555555556 0.359375 0.6694444444444444 0.3640625 0.6694444444444444 0.3609375 0.675 0.3578125 0.675 0.3453125 0.6861111111111111 0.340625 0.6861111111111111 0.33125 0.6972222222222222 0.3265625 0.6972222222222222 0.325 0.7027777777777777 0.309375 0.7083333333333334 0.3015625 0.7166666666666667 0.296875 0.7166666666666667 0.29375 0.7222222222222222 0.2828125 0.725 0.2796875 0.7305555555555555 0.2703125 0.7333333333333333 0.25 0.75 0.2390625 0.7527777777777778 0.2328125 0.7611111111111111 0.2265625 0.7611111111111111 0.2234375 0.7666666666666667 0.21875 0.7666666666666667 0.1734375 0.8 0.1484375 0.8111111111111111 0.1453125 0.8166666666666667 0.1265625 0.825 0.1015625 0.8444444444444444 0.090625 0.8472222222222222 0.0875 0.8527777777777777 0.0609375 0.8611111111111112 0.0578125 0.8666666666666667 0.034375 0.875 0.0234375 0.8833333333333333 0.0171875 0.8833333333333333 0.015625 0.8805555555555555 0.01875 0.875 0.01875 0.8694444444444445