0 0.5140625 0.33055555555555555 0.515625 0.33055555555555555 0.5140625 0.3333333333333333 0.5078125 0.3388888888888889 0.5 0.3388888888888889 0.5 0.33611111111111114 0.5125 0.33055555555555555
0 0.5609375 0.3111111111111111 0.5578125 0.31666666666666665 0.5453125 0.31666666666666665 0.559375 0.3111111111111111
0 0.6953125 0.425 0.7 0.4222222222222222 0.7109375 0.425 0.7328125 0.44166666666666665 0.7375 0.44166666666666665 0.74375 0.44722222222222224 0.7453125 0.4444444444444444 0.7546875 0.4527777777777778 0.76875 0.4583333333333333 0.7796875 0.4666666666666667 0.78125 0.46944444444444444 0.778125 0.4722222222222222 0.7671875 0.46944444444444444 0.746875 0.45555555555555555 0.7453125 0.4583333333333333 0.7359375 0.45 0.7265625 0.44722222222222224 0.70625 0.4305555555555556 0.696875 0.42777777777777776
0 0.6109375 0.33611111111111114 0.609375 0.3277777777777778 0.6140625 0.32222222222222224 0.6203125 0.32222222222222224 0.6171875 0.33055555555555555 0.6125 0.3333333333333333
0 0.484375 0.4722222222222222 0.01875 0.06944444444444445
0 0.6375 0.3138888888888889 0.6375 0.3194444444444444 0.6328125 0.32222222222222224 0.6265625 0.3194444444444444 0.63125 0.3138888888888889 0.6359375 0.3138888888888889
0 0.0375 0.6194444444444445 0.0359375 0.625 0.0328125 0.625 0.0296875 0.6305555555555555 0.00625 0.65 0.003125 0.65 0.003125 0.6388888888888888 0.0015625 0.6361111111111111 0.003125 0.6305555555555555 0.015625 0.6222222222222222 0.0359375 0.6194444444444445
0 0.3171875 0.3888888888888889 0.334375 0.37777777777777777 0.3421875 0.36944444444444446 0.35 0.36944444444444446 0.35 0.37222222222222223 0.3390625 0.38333333333333336 0.33125 0.3861111111111111 0.321875 0.39444444444444443 0.3171875 0.39166666666666666
0 0.9828125 0.5777777777777777 0.9984375 0.5861111111111111 0.9984375 0.6027777777777777 0.9640625 0.5805555555555556 0.98125 0.5777777777777777
0 0.475 0.4222222222222222 0.4765625 0.39444444444444443 0.478125 0.39166666666666666 0.4828125 0.39444444444444443 0.484375 0.40555555555555556 0.4828125 0.4083333333333333 0.4828125 0.41944444444444445 0.4765625 0.4222222222222222
0 0.5203125 0.325 0.525 0.3194444444444444 0.5375 0.3194444444444444 0.53125 0.325 0.521875 0.325 0.5203125 0.3277777777777778
0 0.48359375 0.375 0.009375 0.025
0 0.6265625 0.36944444444444446 0.646875 0.38333333333333336 0.6515625 0.39166666666666666 0.64375 0.39166666666666666 0.6296875 0.37777777777777777 0.6265625 0.37777777777777777 0.625 0.37222222222222223
0 0.4046875 0.3388888888888889 0.3984375 0.34444444444444444 0.3890625 0.3472222222222222 0.3859375 0.3527777777777778 0.3765625 0.3527777777777778 0.3765625 0.35 0.3828125 0.3472222222222222 0.3859375 0.3416666666666667 0.403125 0.3388888888888889
0 0.49375 0.3416666666666667 0.4953125 0.3472222222222222 0.490625 0.35555555555555557 0.4859375 0.35833333333333334 0.484375 0.3527777777777778 0.4890625 0.34444444444444444 0.4921875 0.34444444444444444
0 0.2703125 0.4305555555555556 0.2703125 0.43333333333333335 0.2625 0.4388888888888889 0.259375 0.4444444444444444 0.25625 0.4444444444444444 0.246875 0.45555555555555555 0.24375 0.45555555555555555 0.2046875 0.4888888888888889 0.1921875 0.4888888888888889 0.196875 0.48055555555555557 0.2078125 0.475 0.2109375 0.46944444444444444 0.221875 0.4638888888888889 0.225 0.4583333333333333 0.246875 0.4444444444444444 0.25625 0.43333333333333335 0.26875 0.4305555555555556
0 0.5265625 0.9972222222222222 0.5234375 0.9777777777777777 0.521875 0.9388888888888889 0.51875 0.925 0.51875 0.8972222222222223 0.515625 0.8805555555555555 0.515625 0.8638888888888889 0.5125 0.8583333333333333 0.5125 0.8444444444444444 0.5109375 0.8416666666666667 0.5109375 0.825 0.503125 0.8166666666666667 0.5015625 0.8083333333333333 0.5015625 0.7833333333333333 0.4984375 0.7777777777777778 0.496875 0.7111111111111111 0.49375 0.7 0.49375 0.6583333333333333 0.4921875 0.6555555555555556 0.4921875 0.6305555555555555 0.4890625 0.6194444444444445 0.4890625 0.5888888888888889 0.4859375 0.5694444444444444 0.4859375 0.5472222222222223 0.49375 0.5416666666666666 0.5015625 0.55 0.503125 0.5694444444444444 0.50625 0.5805555555555556 0.50625 0.5972222222222222 0.5140625 0.6388888888888888 0.515625 0.6694444444444444 0.51875 0.6805555555555556 0.51875 0.6944444444444444 0.521875 0.7027777777777777 0.5234375 0.7333333333333333 0.5265625 0.7472222222222222 0.5265625 0.7638888888888888 0.53125 0.7916666666666666 0.53125 0.8111111111111111 0.525 0.8166666666666667 0.51875 0.8166666666666667 0.515625 0.8222222222222222 0.5171875 0.8472222222222222 0.5203125 0.8583333333333333 0.521875 0.8861111111111111 0.5234375 0.8888888888888888 0.525 0.9333333333333333 0.528125 0.95 0.528125 0.9694444444444444 0.5296875 0.9722222222222222 0.5296875 0.9944444444444445 0.528125 0.9944444444444445
0 0.4546875 0.3194444444444444 0.4546875 0.32222222222222224 0.45 0.325 0.4328125 0.3277777777777778 0.43125 0.33055555555555555 0.43125 0.325 0.434375 0.32222222222222224 0.453125 0.3194444444444444
0 0.503125 0.8166666666666667 0.5015625 0.8083333333333333 0.5015625 0.7805555555555556 0.4984375 0.775 0.496875 0.7027777777777777 0.49375 0.6972222222222222 0.4921875 0.625 0.4890625 0.6194444444444445 0.4890625 0.5833333333333334 0.4859375 0.5638888888888889 0.4859375 0.5472222222222223 0.4875 0.5444444444444444 0.4984375 0.5444444444444444 0.5015625 0.55 0.5078125 0.6111111111111112 0.5109375 0.6194444444444445 0.5140625 0.6416666666666667 0.515625 0.6722222222222223 0.51875 0.6805555555555556 0.51875 0.6944444444444444 0.521875 0.7055555555555556 0.5234375 0.7361111111111112 0.525 0.7388888888888889 0.525 0.75 0.53125 0.7944444444444444 0.53125 0.8083333333333333 0.525 0.8166666666666667 0.5109375 0.8166666666666667 0.509375 0.8194444444444444 0.5046875 0.8166666666666667
0 0.603125 0.34444444444444444 0.6109375 0.34444444444444444 0.6125 0.3472222222222222 0.6109375 0.35833333333333334 0.6046875 0.3527777777777778 0.603125 0.3472222222222222
0 0.5109375 0.8166666666666667 0.515625 0.8166666666666667 0.5171875 0.85 0.5203125 0.8583333333333333 0.5203125 0.8722222222222222 0.5234375 0.8916666666666667 0.5234375 0.9166666666666666 0.525 0.9194444444444444 0.5265625 0.9527777777777777 0.5296875 0.9722222222222222 0.5296875 0.9944444444444445 0.5265625 0.9972222222222222 0.525 0.9944444444444445 0.525 0.9777777777777777 0.5234375 0.975 0.5234375 0.9583333333333334 0.521875 0.9555555555555556 0.521875 0.9388888888888889 0.51875 0.9166666666666666 0.51875 0.8944444444444445 0.515625 0.8777777777777778 0.515625 0.8611111111111112 0.5125 0.8555555555555555 0.5109375 0.8194444444444444