0 0.6578125 0.6888888888888889 0.6703125 0.7055555555555556 0.6890625 0.7222222222222222 0.696875 0.7333333333333333 0.703125 0.7361111111111112 0.7234375 0.7583333333333333 0.7796875 0.8055555555555556 0.7875 0.8166666666666667 0.7859375 0.8194444444444444 0.778125 0.8166666666666667 0.7015625 0.7472222222222222 0.69375 0.7361111111111112 0.675 0.7194444444444444 0.653125 0.6944444444444444 0.6453125 0.6805555555555556 0.6453125 0.675 0.6484375 0.6722222222222223 0.65625 0.6888888888888889
0 0.4125 0.7027777777777777 0.4140625 0.7111111111111111 0.4109375 0.7138888888888889 0.4 0.7166666666666667 0.3953125 0.7222222222222222 0.3765625 0.7333333333333333 0.3703125 0.7333333333333333 0.371875 0.7277777777777777 0.384375 0.7222222222222222 0.3953125 0.7083333333333334 0.4015625 0.7083333333333334 0.4109375 0.7027777777777777
0 0.30625 0.7083333333333334 0.309375 0.7138888888888889 0.303125 0.7194444444444444 0.2796875 0.725 0.2546875 0.7388888888888889 0.246875 0.7388888888888889 0.2453125 0.7416666666666667 0.240625 0.7416666666666667 0.240625 0.7388888888888889 0.2765625 0.7194444444444444 0.3046875 0.7111111111111111
0 0.50625 0.6694444444444444 0.5078125 0.6666666666666666 0.509375 0.6694444444444444 0.4859375 0.6888888888888889 0.4828125 0.6888888888888889 0.4765625 0.6972222222222222 0.4734375 0.6972222222222222 0.4703125 0.7027777777777777 0.4671875 0.7027777777777777 0.4578125 0.7138888888888889 0.4375 0.7305555555555555 0.31875 0.8583333333333333 0.3140625 0.8583333333333333 0.3140625 0.8527777777777777 0.3203125 0.8416666666666667 0.346875 0.8166666666666667 0.3828125 0.775 0.4453125 0.7166666666666667 0.4484375 0.7111111111111111 0.4734375 0.6916666666666667 0.4765625 0.6861111111111111 0.5046875 0.6694444444444444
0 0.51875 0.7 0.521875 0.7055555555555556 0.5140625 0.7111111111111111 0.5046875 0.7277777777777777 0.5 0.7277777777777777 0.5015625 0.7083333333333334 0.509375 0.7 0.5171875 0.7
0 0.7171875 0.6666666666666666 0.73125 0.6805555555555556 0.7375 0.6805555555555556 0.746875 0.6888888888888889 0.759375 0.6916666666666667 0.7671875 0.6972222222222222 0.771875 0.6944444444444444 0.775 0.7 0.7859375 0.7027777777777777 0.7921875 0.7083333333333334 0.81875 0.7111111111111111 0.825 0.7166666666666667 0.8359375 0.7166666666666667 0.85 0.725 0.8609375 0.725 0.8671875 0.7305555555555555 0.8875 0.7305555555555555 0.8921875 0.7388888888888889 0.9140625 0.7444444444444445 0.915625 0.7472222222222222 0.9328125 0.7416666666666667 0.9390625 0.75 0.9546875 0.7527777777777778 0.959375 0.7583333333333333 0.9765625 0.7666666666666667 0.9953125 0.7694444444444445 0.9984375 0.7722222222222223 0.9984375 0.7916666666666666 0.9890625 0.7916666666666666 0.9515625 0.775 0.9234375 0.7694444444444445 0.909375 0.7611111111111111 0.9015625 0.7611111111111111 0.8765625 0.75 0.86875 0.75 0.84375 0.7361111111111112 0.8375 0.7361111111111112 0.8234375 0.7277777777777777 0.803125 0.7222222222222222 0.746875 0.6972222222222222 0.7375 0.6888888888888889 0.7296875 0.6888888888888889 0.7234375 0.6833333333333333 0.7140625 0.6805555555555556 0.7078125 0.675 0.7078125 0.6722222222222223 0.7109375 0.6666666666666666 0.715625 0.6666666666666666
0 0.4375 0.6666666666666666 0.4390625 0.6694444444444444 0.43125 0.675 0.4140625 0.6805555555555556 0.39375 0.6944444444444444 0.3765625 0.7 0.325 0.7305555555555555 0.3203125 0.7305555555555555 0.28125 0.7527777777777778 0.2703125 0.7555555555555555 0.25 0.7694444444444445 0.21875 0.7833333333333333 0.1875 0.8027777777777778 0.1828125 0.8027777777777778 0.0484375 0.8805555555555555 0.04375 0.8777777777777778 0.046875 0.8722222222222222 0.15 0.8111111111111111 0.1546875 0.8111111111111111 0.1640625 0.8027777777777778 0.16875 0.8027777777777778 0.1953125 0.7861111111111111 0.2171875 0.7777777777777778 0.2640625 0.75 0.28125 0.7444444444444445 0.2984375 0.7333333333333333 0.33125 0.7194444444444444 0.3734375 0.6944444444444444 0.4359375 0.6666666666666666
0 0.4734375 0.6444444444444445 0.475 0.6472222222222223 0.6671875 0.6472222222222223 0.66875 0.65 0.7375 0.6555555555555556 0.7390625 0.6583333333333333 0.7484375 0.6583333333333333 0.7578125 0.6638888888888889 0.76875 0.6638888888888889 0.771875 0.6666666666666666 0.7703125 0.6694444444444444 0.7421875 0.6666666666666666 0.740625 0.6638888888888889 0.734375 0.6666666666666666 0.7328125 0.6638888888888889 0.7203125 0.6638888888888889 0.71875 0.6611111111111111 0.7125 0.6638888888888889 0.7046875 0.6638888888888889 0.703125 0.6611111111111111 0.696875 0.6638888888888889 0.6765625 0.6638888888888889 0.675 0.6611111111111111 0.6234375 0.6638888888888889 0.6140625 0.6583333333333333 0.6109375 0.6611111111111111 0.59375 0.6611111111111111 0.5921875 0.6638888888888889 0.5859375 0.6638888888888889 0.584375 0.6611111111111111 0.5578125 0.6611111111111111 0.55625 0.6638888888888889 0.54375 0.6638888888888889 0.540625 0.6611111111111111 0.5390625 0.6638888888888889 0.5375 0.6611111111111111 0.5234375 0.6611111111111111 0.521875 0.6583333333333333 0.515625 0.6611111111111111 0.509375 0.6611111111111111 0.5078125 0.6583333333333333 0.5046875 0.6611111111111111 0.503125 0.6583333333333333 0.4828125 0.6583333333333333 0.46875 0.65 0.465625 0.6527777777777778 0.459375 0.65 0.459375 0.6472222222222223 0.46875 0.6472222222222223 0.471875 0.6444444444444445
0 0.6171875 0.6972222222222222 0.625 0.7055555555555556 0.625 0.7222222222222222 0.6203125 0.7222222222222222 0.6125 0.7083333333333334 0.6046875 0.7055555555555556 0.60625 0.7 0.615625 0.6972222222222222
0 0.578125 0.6694444444444444 0.5796875 0.6694444444444444 0.5671875 0.6916666666666667 0.565625 0.7611111111111111 0.5671875 0.7638888888888888 0.56875 0.8194444444444444 0.5671875 0.8305555555555556 0.5640625 0.8333333333333334 0.559375 0.8305555555555556 0.5578125 0.8222222222222222 0.5578125 0.725 0.559375 0.7222222222222222 0.559375 0.7083333333333334 0.5625 0.6861111111111111 0.5671875 0.6777777777777778 0.5765625 0.6694444444444444
0 0.7234375 0.7027777777777777 0.740625 0.7027777777777777 0.7390625 0.7083333333333334 0.7484375 0.7194444444444444 0.7484375 0.7222222222222222 0.7453125 0.7222222222222222 0.7234375 0.7055555555555556