0 0.4171875 0.8194444444444444 0.4140625 0.8416666666666667 0.40625 0.8583333333333333 0.390625 0.8861111111111111 0.384375 0.8861111111111111 0.3828125 0.8888888888888888 0.3734375 0.8861111111111111 0.378125 0.8722222222222222 0.4046875 0.8222222222222222 0.415625 0.8222222222222222
0 0.425 0.8027777777777778 0.4265625 0.8083333333333333 0.425 0.8194444444444444 0.41875 0.8333333333333334 0.4171875 0.8416666666666667 0.3890625 0.8888888888888888 0.3890625 0.8944444444444445 0.384375 0.9083333333333333 0.3703125 0.9416666666666667 0.365625 0.9583333333333334 0.35625 0.9777777777777777 0.3484375 0.9916666666666667 0.3453125 0.9916666666666667 0.3453125 0.975 0.3578125 0.9388888888888889 0.378125 0.9027777777777778 0.3796875 0.8916666666666667 0.3734375 0.8861111111111111 0.378125 0.8722222222222222 0.3890625 0.8555555555555555 0.403125 0.825 0.4140625 0.8222222222222222 0.4234375 0.8055555555555556
0 0.6984375 0.7333333333333333 0.7171875 0.7333333333333333 0.7234375 0.7388888888888889 0.7359375 0.7388888888888889 0.740625 0.7444444444444445 0.746875 0.7444444444444445 0.753125 0.75 0.7734375 0.7527777777777778 0.7796875 0.7583333333333333 0.8078125 0.7638888888888888 0.8109375 0.7694444444444445 0.8171875 0.7722222222222223 0.8265625 0.7722222222222223 0.8359375 0.7777777777777778 0.8484375 0.7777777777777778 0.853125 0.7833333333333333 0.8625 0.7833333333333333 0.8640625 0.7861111111111111 0.890625 0.7916666666666666 0.903125 0.8 0.9171875 0.8027777777777778 0.925 0.8083333333333333 0.93125 0.8055555555555556 0.934375 0.8111111111111111 0.9421875 0.8111111111111111 0.9578125 0.8194444444444444 0.9671875 0.8194444444444444 0.975 0.825 0.9859375 0.825 0.9984375 0.8333333333333334 0.9984375 0.8444444444444444 0.99375 0.8444444444444444 0.975 0.8333333333333334 0.965625 0.8333333333333334 0.9640625 0.8305555555555556 0.9578125 0.8305555555555556 0.9328125 0.8194444444444444 0.925 0.8194444444444444 0.89375 0.8055555555555556 0.884375 0.8055555555555556 0.86875 0.7972222222222223 0.846875 0.7944444444444444 0.83125 0.7861111111111111 0.796875 0.7777777777777778 0.778125 0.7666666666666667 0.7640625 0.7638888888888888 0.7421875 0.7527777777777778 0.7328125 0.7527777777777778 0.7265625 0.75 0.7234375 0.7444444444444445 0.7109375 0.7444444444444445 0.70625 0.7388888888888889 0.6984375 0.7361111111111112
0 0.209375 0.7416666666666667 0.2109375 0.7416666666666667 0.209375 0.7444444444444445 0.203125 0.75 0.1796875 0.7583333333333333 0.175 0.7638888888888888 0.1375 0.7694444444444445 0.1140625 0.7805555555555556 0.1015625 0.7805555555555556 0.1 0.7833333333333333 0.090625 0.7833333333333333 0.071875 0.7916666666666666 0.0375 0.7972222222222223 0.0125 0.8083333333333333 0 0.8083333333333333 0 0.8027777777777778 0.0171875 0.7944444444444444 0.0359375 0.7916666666666666 0.0453125 0.7861111111111111 0.0546875 0.7861111111111111 0.059375 0.7805555555555556 0.065625 0.7805555555555556 0.0671875 0.7777777777777778 0.096875 0.775 0.121875 0.7638888888888888 0.1515625 0.7611111111111111 0.1671875 0.7527777777777778 0.1765625 0.7527777777777778 0.178125 0.75 0.1859375 0.75 0.1875 0.7472222222222222 0.2078125 0.7416666666666667
0 0.271875 0.7666666666666667 0.275 0.7694444444444445 0.2734375 0.775 0.2625 0.7805555555555556 0.240625 0.7833333333333333 0.240625 0.7777777777777778 0.2484375 0.7722222222222223 0.2703125 0.7694444444444445
0 0.43125 0.7694444444444445 0.4359375 0.7555555555555555 0.44375 0.7555555555555555 0.4453125 0.7583333333333333 0.44375 0.7638888888888888 0.4375 0.7694444444444445 0.4328125 0.7694444444444445
0 0.68125 0.8166666666666667 0.7296875 0.8583333333333333 0.734375 0.8638888888888889 0.734375 0.8722222222222222 0.7296875 0.8722222222222222 0.6796875 0.8305555555555556 0.6734375 0.8222222222222222 0.675 0.8166666666666667 0.6796875 0.8166666666666667
0 0 0.9027777777777778 0.0015625 0.8944444444444445 0.0109375 0.8888888888888888 0.075 0.8611111111111112 0.103125 0.8444444444444444 0.109375 0.8444444444444444 0.14375 0.8277777777777777 0.15 0.8305555555555556 0.140625 0.8388888888888889 0.1125 0.85 0.06875 0.875 0 0.9055555555555556
0 0.4484375 0.7361111111111112 0.45 0.7277777777777777 0.4546875 0.7277777777777777 0.45 0.7361111111111112
0 0.2125 0.7916666666666666 0.2171875 0.7944444444444444 0.2171875 0.7972222222222223 0.2078125 0.8055555555555556 0.2 0.8055555555555556 0.1984375 0.7972222222222223 0.2109375 0.7916666666666666
0 0.3953125 0.7138888888888889 0.4015625 0.7083333333333334 0.415625 0.7083333333333334 0.4171875 0.7166666666666667 0.3984375 0.7166666666666667 0.396875 0.7138888888888889
0 0.6953125 0.7472222222222222 0.7 0.75 0.70625 0.7611111111111111 0.68125 0.7611111111111111 0.6765625 0.7583333333333333 0.6734375 0.7527777777777778 0.6765625 0.7472222222222222 0.69375 0.7472222222222222
0 0.59375 0.7527777777777778 0.60625 0.7583333333333333 0.609375 0.7638888888888888 0.609375 0.7666666666666667 0.6015625 0.7666666666666667 0.5953125 0.7611111111111111 0.59375 0.7555555555555555