0 0.51015625 0.6763888888888889 0.0078125 0.008333333333333333
0 0.55 0.6527777777777778 0.5625 0.6555555555555556 0.565625 0.6611111111111111 0.5734375 0.6638888888888889 0.578125 0.6694444444444444 0.5859375 0.6694444444444444 0.596875 0.6777777777777778 0.603125 0.6777777777777778 0.6125 0.6861111111111111 0.628125 0.6888888888888889 0.634375 0.6944444444444444 0.6390625 0.6944444444444444 0.6515625 0.7055555555555556 0.65625 0.7055555555555556 0.6671875 0.7138888888888889 0.6890625 0.7194444444444444 0.69375 0.7277777777777777 0.7015625 0.7333333333333333 0.7078125 0.7333333333333333 0.7375 0.7527777777777778 0.759375 0.7611111111111111 0.771875 0.7722222222222223 0.79375 0.775 0.803125 0.7861111111111111 0.821875 0.7888888888888889 0.8359375 0.7972222222222223 0.84375 0.8055555555555556 0.8171875 0.8055555555555556 0.815625 0.8027777777777778 0.809375 0.8027777777777778 0.8 0.7944444444444444 0.7765625 0.7833333333333333 0.7640625 0.7722222222222223 0.7515625 0.7694444444444445 0.7203125 0.75 0.6890625 0.7361111111111112 0.6515625 0.7111111111111111 0.6359375 0.7055555555555556 0.628125 0.6972222222222222 0.6 0.6805555555555556 0.5921875 0.6805555555555556 0.5828125 0.6722222222222223 0.5765625 0.6722222222222223 0.5703125 0.6638888888888889 0.565625 0.6638888888888889 0.5515625 0.6527777777777778
0 0.7703125 0.775 0.79375 0.775 0.8046875 0.7861111111111111 0.821875 0.7888888888888889 0.8390625 0.8 0.840625 0.8055555555555556 0.8203125 0.8055555555555556 0.8015625 0.7944444444444444 0.796875 0.7944444444444444 0.771875 0.7777777777777778
0 0.103125 0.8305555555555556 0.10625 0.8222222222222222 0.1625 0.7888888888888889 0.1671875 0.7833333333333333 0.175 0.7833333333333333 0.175 0.7861111111111111 0.1625 0.7972222222222223 0.1421875 0.8083333333333333 0.1296875 0.8194444444444444 0.1046875 0.8305555555555556
0 0.3734375 0.8138888888888889 0.3859375 0.7805555555555556 0.39375 0.7722222222222223 0.3953125 0.7805555555555556 0.3859375 0.8083333333333333 0.3796875 0.8166666666666667 0.375 0.8166666666666667
0 0.4125 0.7194444444444444 0.4140625 0.7083333333333334 0.4171875 0.7027777777777777 0.421875 0.7027777777777777 0.421875 0.7055555555555556 0.4140625 0.7194444444444444
0 0.4421875 0.6444444444444445 0.43125 0.6805555555555556 0.4265625 0.6777777777777778 0.4375 0.6472222222222223 0.440625 0.6444444444444445
0 0.5234375 0.7027777777777777 0.525 0.7 0.5296875 0.7027777777777777 0.5359375 0.7166666666666667 0.528125 0.7138888888888889 0.525 0.7055555555555556
0 0.490625 0.6416666666666667 0.509375 0.6694444444444444 0.5125 0.6777777777777778 0.5078125 0.6777777777777778 0.4890625 0.6444444444444445
0 0.565625 0.7638888888888888 0.5859375 0.7888888888888889 0.5921875 0.8 0.5921875 0.8055555555555556 0.5890625 0.8083333333333333 0.584375 0.8055555555555556 0.5640625 0.7722222222222223 0.5640625 0.7666666666666667
0 0.5640625 0.7666666666666667 0.56875 0.7666666666666667 0.5921875 0.8 0.5921875 0.8055555555555556 0.5890625 0.8083333333333333 0.584375 0.8055555555555556 0.5640625 0.7694444444444445