0 0.565625 0.7444444444444445 0.571875 0.7444444444444445 0.5859375 0.7666666666666667 0.5796875 0.7694444444444445 0.5734375 0.7638888888888888 0.565625 0.7527777777777778 0.565625 0.7472222222222222
0 0.7828125 0.7666666666666667 0.8046875 0.7777777777777778 0.80625 0.7805555555555556 0.8046875 0.7861111111111111 0.7921875 0.7861111111111111 0.7796875 0.7805555555555556 0.775 0.775 0.775 0.7694444444444445 0.78125 0.7666666666666667
0 0.609375 0.6888888888888889 0.6203125 0.6944444444444444 0.6375 0.6972222222222222 0.6515625 0.7083333333333334 0.665625 0.7083333333333334 0.6703125 0.7138888888888889 0.6796875 0.7138888888888889 0.6890625 0.7222222222222222 0.6953125 0.7222222222222222 0.7015625 0.7277777777777777 0.715625 0.7333333333333333 0.725 0.7444444444444445 0.740625 0.7444444444444445 0.753125 0.75 0.759375 0.7611111111111111 0.7390625 0.7583333333333333 0.73125 0.7527777777777778 0.7234375 0.7416666666666667 0.70625 0.7416666666666667 0.6921875 0.7305555555555555 0.678125 0.7277777777777777 0.665625 0.7166666666666667 0.659375 0.7166666666666667 0.65 0.7083333333333334 0.63125 0.7 0.625 0.7 0.6109375 0.6888888888888889
0 0.1609375 0.7972222222222223 0.1640625 0.8027777777777778 0.1578125 0.8111111111111111 0.1265625 0.8277777777777777 0.115625 0.8388888888888889 0.1125 0.8388888888888889 0.10625 0.8472222222222222 0.103125 0.8472222222222222 0.1 0.8527777777777777 0.0953125 0.8527777777777777 0.08125 0.8638888888888889 0.0375 0.8777777777777778 0.028125 0.8944444444444445 0.00625 0.9111111111111111 0 0.9111111111111111 0 0.8805555555555555 0.0046875 0.875 0.028125 0.8611111111111112 0.046875 0.8555555555555555 0.053125 0.85 0.075 0.8416666666666667 0.1484375 0.8 0.159375 0.7972222222222223
0 0.9015625 0.8305555555555556 0.915625 0.8305555555555556 0.925 0.8388888888888889 0.9546875 0.8472222222222222 0.9984375 0.8694444444444445 0.9984375 0.8861111111111111 0.99375 0.8861111111111111 0.9875 0.8805555555555555 0.98125 0.8805555555555555 0.9578125 0.8666666666666667 0.9390625 0.8611111111111112 0.9015625 0.8333333333333334
0 0.825 0.7972222222222223 0.8265625 0.7944444444444444 0.840625 0.7944444444444444 0.865625 0.8055555555555556 0.871875 0.8111111111111111 0.8734375 0.8194444444444444 0.8578125 0.8194444444444444 0.8515625 0.8138888888888889 0.8265625 0.8027777777777778 0.8265625 0.8
0 0.6640625 0.8888888888888888 0.678125 0.8888888888888888 0.6828125 0.8944444444444445 0.725 0.9555555555555556 0.7390625 0.9722222222222222 0.7546875 0.9972222222222222 0.7375 0.9972222222222222 0.7328125 0.9944444444444445 0.715625 0.9666666666666667 0.69375 0.9388888888888889 0.6640625 0.8916666666666667
0 0.240625 0.7611111111111111 0.2234375 0.7777777777777778 0.2078125 0.7833333333333333 0.196875 0.7916666666666666 0.190625 0.7916666666666666 0.1703125 0.8055555555555556 0.165625 0.8055555555555556 0.1484375 0.8194444444444444 0.1328125 0.825 0.1296875 0.8305555555555556 0.121875 0.8333333333333334 0.11875 0.8388888888888889 0.09375 0.8611111111111112 0.0875 0.8611111111111112 0.0765625 0.8694444444444445 0.065625 0.8694444444444445 0.0609375 0.875 0.05 0.875 0.0390625 0.8805555555555555 0.03125 0.8944444444444445 0.0078125 0.9111111111111111 0 0.9111111111111111 0 0.8722222222222222 0.0109375 0.8722222222222222 0.03125 0.8583333333333333 0.05 0.8527777777777777 0.071875 0.8388888888888889 0.0765625 0.8388888888888889 0.109375 0.8194444444444444 0.1140625 0.8194444444444444 0.1296875 0.8083333333333333 0.140625 0.8055555555555556 0.1515625 0.7972222222222223 0.16875 0.7944444444444444 0.190625 0.7777777777777778 0.2015625 0.775 0.2125 0.7666666666666667 0.21875 0.7666666666666667 0.225 0.7611111111111111 0.2390625 0.7611111111111111
0 0.6640625 0.8888888888888888 0.678125 0.8888888888888888 0.68125 0.8916666666666667 0.703125 0.925 0.7375 0.9694444444444444 0.753125 0.9944444444444445 0.753125 0.9972222222222222 0.7375 0.9972222222222222 0.7328125 0.9944444444444445 0.6640625 0.8916666666666667
0 0.53125 0.6972222222222222 0.5390625 0.7 0.5421875 0.7083333333333334 0.5390625 0.7111111111111111 0.5328125 0.7055555555555556 0.53125 0.7
0 0.7390625 0.7444444444444445 0.7546875 0.7527777777777778 0.75625 0.7611111111111111 0.7453125 0.7611111111111111 0.734375 0.7555555555555555 0.73125 0.7472222222222222 0.7375 0.7444444444444445
0 0.6734375 0.7166666666666667 0.684375 0.7166666666666667 0.6890625 0.7222222222222222 0.6890625 0.7277777777777777 0.6796875 0.7277777777777777 0.675 0.725 0.6734375 0.7194444444444444
0 0.3328125 0.8833333333333333 0.334375 0.8861111111111111 0.328125 0.8888888888888888 0.325 0.9 0.3109375 0.925 0.30625 0.9277777777777778 0.3 0.9222222222222223 0.2984375 0.9138888888888889 0.303125 0.8972222222222223 0.3203125 0.8833333333333333 0.3265625 0.8833333333333333 0.328125 0.8805555555555555 0.33125 0.8833333333333333
0 0.6953125 0.7305555555555555 0.696875 0.7277777777777777 0.7046875 0.7277777777777777 0.715625 0.7333333333333333 0.7171875 0.7416666666666667 0.7078125 0.7416666666666667 0.696875 0.7333333333333333