0 0.4703125 0.7277777777777777 0.4734375 0.7305555555555555 0.4734375 0.7555555555555555 0.475 0.7583333333333333 0.471875 0.7666666666666667 0.465625 0.7666666666666667 0.4625 0.7722222222222223 0.4703125 0.7916666666666666 0.453125 0.7916666666666666 0.4515625 0.7944444444444444 0.44375 0.7916666666666666 0.4453125 0.7861111111111111 0.4578125 0.7722222222222223 0.4484375 0.7638888888888888 0.4515625 0.7333333333333333 0.4578125 0.7277777777777777 0.46875 0.7277777777777777
0 0.390625 0.7875 0.0296875 0.025
0 0.54375 0.7916666666666666 0.54375 0.7944444444444444 0.5234375 0.7972222222222223 0.51875 0.7916666666666666 0.51875 0.7861111111111111 0.525 0.775 0.5328125 0.775 0.5421875 0.7916666666666666
0 0.603125 0.7805555555555556 0.6109375 0.7916666666666666 0.615625 0.7944444444444444 0.615625 0.8 0.609375 0.8 0.6078125 0.7972222222222223 0.5984375 0.7972222222222223 0.5953125 0.8 0.5890625 0.7972222222222223 0.5875 0.7944444444444444 0.5890625 0.7888888888888889 0.5875 0.7805555555555556 0.590625 0.775 0.5984375 0.775 0.6015625 0.7805555555555556
0 0.25390625 0.7916666666666666 0.0265625 0.027777777777777776
0 0.4234375 0.7277777777777777 0.4265625 0.7333333333333333 0.4171875 0.7583333333333333 0.4140625 0.7638888888888888 0.40625 0.7694444444444445 0.3921875 0.7694444444444445 0.3890625 0.7611111111111111 0.396875 0.7527777777777778 0.40625 0.7333333333333333 0.421875 0.7277777777777777
0 0.4703125 0.7277777777777777 0.4734375 0.7305555555555555 0.4734375 0.7638888888888888 0.4703125 0.7666666666666667 0.45 0.7666666666666667 0.4515625 0.7333333333333333 0.4578125 0.7277777777777777 0.46875 0.7277777777777777
0 0.596875 0.7388888888888889 0.6 0.7361111111111112 0.609375 0.7361111111111112 0.6109375 0.7416666666666667 0.61875 0.7416666666666667 0.64375 0.7583333333333333 0.6609375 0.7638888888888888 0.6640625 0.7694444444444445 0.6625 0.775 0.665625 0.7833333333333333 0.66875 0.7833333333333333 0.6890625 0.8 0.6890625 0.8027777777777778 0.6640625 0.8027777777777778 0.6625 0.7916666666666666 0.6515625 0.775 0.64375 0.775 0.63125 0.7694444444444445 0.61875 0.7555555555555555 0.6140625 0.7555555555555555 0.6046875 0.7444444444444445 0.596875 0.7416666666666667
0 0.340625 0.7333333333333333 0.3421875 0.7361111111111112 0.340625 0.7388888888888889 0.33125 0.7444444444444445 0.31875 0.7583333333333333 0.30625 0.7638888888888888 0.296875 0.7722222222222223 0.29375 0.7694444444444445 0.2921875 0.7722222222222223 0.275 0.7722222222222223 0.278125 0.7666666666666667 0.2859375 0.7638888888888888 0.290625 0.7583333333333333 0.2984375 0.7583333333333333 0.303125 0.7527777777777778 0.3109375 0.75 0.3171875 0.7416666666666667 0.3390625 0.7333333333333333
0 0.5625 0.7305555555555555 0.565625 0.7361111111111112 0.571875 0.7361111111111112 0.5734375 0.7388888888888889 0.575 0.7361111111111112 0.58125 0.7388888888888889 0.609375 0.7361111111111112 0.6140625 0.7416666666666667 0.6234375 0.7416666666666667 0.625 0.7444444444444445 0.6546875 0.7416666666666667 0.65625 0.7472222222222222 0.7 0.7666666666666667 0.7328125 0.7694444444444445 0.7359375 0.775 0.753125 0.7777777777777778 0.7609375 0.7833333333333333 0.784375 0.7888888888888889 0.7890625 0.7944444444444444 0.8109375 0.8 0.8125 0.8055555555555556 0.81875 0.8083333333333333 0.8234375 0.8055555555555556 0.8328125 0.8083333333333333 0.8359375 0.8138888888888889 0.834375 0.825 0.83125 0.8222222222222222 0.8296875 0.825 0.8078125 0.825 0.7953125 0.8166666666666667 0.7859375 0.8055555555555556 0.7609375 0.8055555555555556 0.759375 0.8027777777777778 0.75625 0.8055555555555556 0.759375 0.8138888888888889 0.753125 0.8138888888888889 0.7515625 0.8166666666666667 0.7328125 0.8083333333333333 0.7203125 0.7916666666666666 0.6984375 0.7888888888888889 0.69375 0.7833333333333333 0.684375 0.7833333333333333 0.678125 0.7888888888888889 0.6859375 0.7972222222222223 0.6890625 0.7972222222222223 0.6921875 0.8027777777777778 0.6859375 0.8055555555555556 0.6625 0.8027777777777778 0.659375 0.7888888888888889 0.6515625 0.7777777777777778 0.634375 0.7777777777777778 0.6328125 0.775 0.6140625 0.7777777777777778 0.6109375 0.7861111111111111 0.6171875 0.7944444444444444 0.6171875 0.8 0.609375 0.8027777777777778 0.6078125 0.8 0.5921875 0.8 0.5875 0.7972222222222223 0.5875 0.7861111111111111 0.5859375 0.7833333333333333 0.5875 0.7777777777777778 0.5828125 0.7722222222222223 0.5640625 0.7722222222222223 0.5625 0.7694444444444445 0.559375 0.7722222222222223 0.5484375 0.7722222222222223 0.5421875 0.7694444444444445 0.5375 0.7805555555555556 0.5453125 0.7944444444444444 0.5234375 0.7972222222222223 0.51875 0.7916666666666666 0.51875 0.775 0.515625 0.7694444444444445 0.5015625 0.7666666666666667 0.4953125 0.7583333333333333 0.4953125 0.7527777777777778 0.503125 0.7527777777777778 0.5046875 0.7472222222222222 0.5015625 0.7416666666666667 0.4984375 0.7416666666666667 0.490625 0.7333333333333333 0.51875 0.7305555555555555 0.525 0.7388888888888889 0.5359375 0.7333333333333333 0.5609375 0.7305555555555555
0 0.4640625 0.7777777777777778 0.4703125 0.7916666666666666 0.4515625 0.7916666666666666 0.45 0.7944444444444444 0.44375 0.7916666666666666 0.4453125 0.7861111111111111 0.45625 0.775 0.4625 0.7777777777777778
0 0.5046875 0.7333333333333333 0.5078125 0.7305555555555555 0.5203125 0.7333333333333333 0.5328125 0.7583333333333333 0.5328125 0.7666666666666667 0.5296875 0.7694444444444445 0.521875 0.7694444444444445 0.51875 0.7638888888888888 0.503125 0.7638888888888888 0.503125 0.7583333333333333 0.50625 0.7527777777777778 0.5046875 0.7361111111111112
0 0.55 0.7333333333333333 0.5546875 0.7305555555555555 0.5640625 0.7333333333333333 0.5671875 0.7388888888888889 0.5703125 0.7388888888888889 0.596875 0.7611111111111111 0.6 0.7694444444444445 0.5953125 0.7722222222222223 0.5765625 0.7722222222222223 0.571875 0.7694444444444445 0.5578125 0.7444444444444445 0.55 0.7361111111111112
0 0.31640625 0.7888888888888889 0.025 0.030555555555555555
0 0.35390625 0.7527777777777778 0.05625 0.04722222222222222