0 0.0890625 0.7861111111111111 0.090625 0.7888888888888889 0.103125 0.7805555555555556 0.1125 0.7805555555555556 0.1234375 0.775 0.1265625 0.7777777777777778 0.1265625 0.7833333333333333 0.1203125 0.7861111111111111 0.1125 0.8 0.1 0.8083333333333333 0.0625 0.8027777777777778 0.0625 0.7972222222222223 0.065625 0.7944444444444444 0.0703125 0.7916666666666666 0.075 0.7944444444444444 0.0875 0.7861111111111111
0 0.1984375 0.7194444444444444 0.2 0.7222222222222222 0.209375 0.7222222222222222 0.209375 0.7277777777777777 0.203125 0.7305555555555555 0.196875 0.7277777777777777 0.190625 0.7333333333333333 0.175 0.7333333333333333 0.1640625 0.7388888888888889 0.159375 0.7361111111111112 0.1515625 0.7416666666666667 0.140625 0.7416666666666667 0.13125 0.7472222222222222 0.109375 0.7472222222222222 0.1078125 0.7444444444444445 0.09375 0.7416666666666667 0.09375 0.7388888888888889 0.1140625 0.7361111111111112 0.1234375 0.7305555555555555 0.1296875 0.7333333333333333 0.140625 0.7277777777777777 0.146875 0.7305555555555555 0.1578125 0.725 0.165625 0.7277777777777777 0.175 0.7222222222222222 0.1828125 0.725 0.184375 0.7222222222222222 0.19375 0.7222222222222222 0.196875 0.7194444444444444
0 0.3296875 0.7805555555555556 0.3375 0.7722222222222223 0.3421875 0.7722222222222223 0.3421875 0.7833333333333333 0.340625 0.7861111111111111 0.33125 0.7861111111111111 0.3296875 0.7833333333333333
0 0.2515625 0.7333333333333333 0.253125 0.7361111111111112 0.2625 0.7361111111111112 0.2640625 0.7388888888888889 0.2578125 0.7444444444444445 0.2515625 0.7416666666666667 0.2375 0.75 0.2328125 0.7472222222222222 0.21875 0.7555555555555555 0.2109375 0.7555555555555555 0.2046875 0.7611111111111111 0.1796875 0.7583333333333333 0.171875 0.7527777777777778 0.1734375 0.75 0.1828125 0.75 0.196875 0.7416666666666667 0.203125 0.7444444444444445 0.2109375 0.7388888888888889 0.2234375 0.7388888888888889 0.2328125 0.7333333333333333 0.2359375 0.7361111111111112 0.25 0.7333333333333333
0 0.2140625 0.8083333333333333 0.221875 0.8027777777777778 0.225 0.7972222222222223 0.2296875 0.7972222222222223 0.2296875 0.8055555555555556 0.215625 0.8305555555555556 0.203125 0.8277777777777777 0.2078125 0.8166666666666667 0.2140625 0.8111111111111111
0 0.0890625 0.7861111111111111 0.090625 0.7888888888888889 0.103125 0.7805555555555556 0.1125 0.7805555555555556 0.1234375 0.775 0.1265625 0.7777777777777778 0.125 0.7833333333333333 0.1203125 0.7861111111111111 0.115625 0.7944444444444444 0.1046875 0.8055555555555556 0.0984375 0.8083333333333333 0.071875 0.8055555555555556 0.0625 0.8 0.0625 0.7972222222222223 0.0703125 0.7916666666666666 0.071875 0.7944444444444444 0.0875 0.7861111111111111
0 0.1796875 0.7222222222222222 0.18125 0.725 0.1953125 0.7222222222222222 0.196875 0.7194444444444444 0.2078125 0.7222222222222222 0.209375 0.725 0.203125 0.7305555555555555 0.196875 0.7277777777777777 0.1953125 0.7305555555555555 0.175 0.7333333333333333 0.1640625 0.7388888888888889 0.1609375 0.7361111111111112 0.1515625 0.7416666666666667 0.1390625 0.7416666666666667 0.1296875 0.7472222222222222 0.109375 0.7472222222222222 0.1078125 0.7444444444444445 0.09375 0.7416666666666667 0.09375 0.7388888888888889 0.115625 0.7361111111111112 0.125 0.7305555555555555 0.1328125 0.7333333333333333 0.1421875 0.7277777777777777 0.146875 0.7305555555555555 0.1578125 0.725 0.165625 0.7277777777777777 0.178125 0.7222222222222222
0 0.3390625 0.7416666666666667 0.340625 0.75 0.3265625 0.7555555555555555 0.3234375 0.7611111111111111 0.315625 0.7666666666666667 0.3 0.7666666666666667 0.28125 0.775 0.2625 0.775 0.2609375 0.7722222222222223 0.2546875 0.7722222222222223 0.2546875 0.7694444444444445 0.2640625 0.7638888888888888 0.2796875 0.7611111111111111 0.28125 0.7583333333333333 0.290625 0.7583333333333333 0.3046875 0.75 0.3078125 0.7527777777777778 0.3234375 0.7444444444444445 0.325 0.7472222222222222 0.3375 0.7444444444444445
0 0.5375 0.7972222222222223 0.5328125 0.7861111111111111 0.534375 0.7777777777777778 0.5484375 0.7777777777777778 0.553125 0.7805555555555556 0.559375 0.7944444444444444 0.5703125 0.7972222222222223 0.5765625 0.8055555555555556 0.578125 0.8138888888888889 0.5859375 0.8305555555555556 0.5546875 0.8277777777777777 0.54375 0.8111111111111111 0.54375 0.8055555555555556 0.5390625 0.7972222222222223
0 0.1796875 0.7222222222222222 0.18125 0.725 0.1953125 0.7222222222222222 0.196875 0.7194444444444444 0.2078125 0.7222222222222222 0.209375 0.7277777777777777 0.2046875 0.7305555555555555 0.1984375 0.7305555555555555 0.196875 0.7277777777777777 0.1921875 0.7333333333333333 0.175 0.7333333333333333 0.1671875 0.7388888888888889 0.1609375 0.7361111111111112 0.153125 0.7416666666666667 0.146875 0.7416666666666667 0.1453125 0.7444444444444445 0.140625 0.7416666666666667 0.13125 0.7472222222222222 0.109375 0.7472222222222222 0.1078125 0.7444444444444445 0.0921875 0.7416666666666667 0.09375 0.7388888888888889 0.115625 0.7361111111111112 0.125 0.7305555555555555 0.13125 0.7333333333333333 0.140625 0.7277777777777777 0.146875 0.7305555555555555 0.1578125 0.725 0.165625 0.7277777777777777 0.178125 0.7222222222222222
0 0.284375 0.8333333333333334 0.2859375 0.8361111111111111 0.3015625 0.8222222222222222 0.315625 0.8222222222222222 0.3203125 0.8166666666666667 0.3234375 0.8194444444444444 0.3171875 0.8361111111111111 0.3109375 0.8361111111111111 0.309375 0.8388888888888889 0.303125 0.8361111111111111 0.290625 0.8444444444444444 0.2859375 0.8416666666666667 0.284375 0.8361111111111111
0 0.5375 0.7777777777777778 0.5390625 0.7805555555555556 0.5421875 0.7777777777777778 0.553125 0.7805555555555556 0.559375 0.7944444444444444 0.571875 0.8 0.5859375 0.825 0.5859375 0.8305555555555556 0.578125 0.8305555555555556 0.5765625 0.8333333333333334 0.5515625 0.825 0.54375 0.8111111111111111 0.54375 0.8055555555555556 0.5328125 0.7861111111111111 0.5328125 0.7805555555555556 0.5359375 0.7777777777777778