0 0.7109375 0.925 0.721875 0.925 0.725 0.9277777777777778 0.75625 0.9694444444444444 0.765625 0.9694444444444444 0.7671875 0.9722222222222222 0.8265625 0.9722222222222222 0.828125 0.975 0.8546875 0.975 0.85625 0.9777777777777777 0.8921875 0.9777777777777777 0.89375 0.9805555555555555 0.9328125 0.9833333333333333 0.9390625 0.9861111111111112 0.9421875 0.9916666666666667 0.896875 0.9916666666666667 0.8953125 0.9888888888888889 0.81875 0.9861111111111112 0.8171875 0.9833333333333333 0.8 0.9861111111111112 0.7984375 0.9833333333333333 0.7515625 0.9805555555555555 0.7359375 0.9666666666666667 0.7109375 0.9277777777777778
0 0.6203125 0.8055555555555556 0.6359375 0.8055555555555556 0.6375 0.8027777777777778 0.6625 0.8 0.6609375 0.8055555555555556 0.6390625 0.8111111111111111 0.6375 0.8138888888888889 0.64375 0.8222222222222222 0.64375 0.8277777777777777 0.634375 0.8277777777777777 0.621875 0.8083333333333333
0 0.05625 0.7833333333333333 0.0546875 0.7888888888888889 0.00625 0.8138888888888889 0 0.8138888888888889 0 0.8055555555555556 0.046875 0.7833333333333333 0.0546875 0.7833333333333333
0 0.7109375 0.925 0.721875 0.925 0.7515625 0.9638888888888889 0.7578125 0.9694444444444444 0.765625 0.9694444444444444 0.7671875 0.9722222222222222 0.828125 0.9722222222222222 0.8296875 0.975 0.85625 0.975 0.8578125 0.9777777777777777 0.89375 0.9777777777777777 0.8953125 0.9805555555555555 0.9328125 0.9833333333333333 0.940625 0.9888888888888889 0.940625 0.9916666666666667 0.9 0.9916666666666667 0.8984375 0.9888888888888889 0.84375 0.9888888888888889 0.8421875 0.9861111111111112 0.8171875 0.9861111111111112 0.815625 0.9833333333333333 0.8 0.9861111111111112 0.7984375 0.9833333333333333 0.7515625 0.9805555555555555 0.7375 0.9694444444444444 0.7203125 0.9416666666666667 0.7125 0.9333333333333333 0.7109375 0.9277777777777778
0 0.2875 0.675 0.2859375 0.6805555555555556 0.275 0.6861111111111111 0.26875 0.6861111111111111 0.2703125 0.6805555555555556 0.2859375 0.675
0 0.4 0.6361111111111111 0.40625 0.6305555555555555 0.4140625 0.6305555555555555 0.415625 0.6333333333333333 0.396875 0.6583333333333333 0.3890625 0.6611111111111111 0.359375 0.6916666666666667 0.34375 0.7 0.3375 0.7083333333333334 0.328125 0.7138888888888889 0.3203125 0.725 0.3015625 0.7361111111111112 0.284375 0.7555555555555555 0.28125 0.7555555555555555 0.275 0.7638888888888888 0.265625 0.7694444444444445 0.2625 0.775 0.25 0.7833333333333333 0.246875 0.7888888888888889 0.2375 0.7944444444444444 0.196875 0.8333333333333334 0.1859375 0.8388888888888889 0.1515625 0.8722222222222222 0.134375 0.8833333333333333 0.115625 0.9027777777777778 0.1125 0.9027777777777778 0.053125 0.9555555555555556 0.05 0.9555555555555556 0.021875 0.9833333333333333 0.009375 0.9888888888888889 0.0046875 0.9944444444444445 0 0.9944444444444445 0 0.9472222222222222 0.009375 0.9416666666666667 0.0171875 0.9416666666666667 0.0296875 0.9333333333333333 0.0375 0.925 0.0515625 0.9166666666666666 0.0703125 0.8972222222222223 0.084375 0.8916666666666667 0.0984375 0.8777777777777778 0.1015625 0.8777777777777778 0.1140625 0.8666666666666667 0.11875 0.8583333333333333 0.1453125 0.8444444444444444 0.1625 0.8277777777777777 0.1734375 0.8222222222222222 0.1953125 0.8027777777777778 0.215625 0.7916666666666666 0.225 0.7805555555555556 0.2375 0.775 0.25 0.7611111111111111 0.253125 0.7611111111111111 0.2671875 0.7472222222222222 0.2734375 0.7444444444444445 0.2765625 0.7388888888888889 0.2859375 0.7361111111111112 0.2890625 0.7305555555555555 0.2953125 0.7277777777777777 0.309375 0.7138888888888889 0.3171875 0.7111111111111111 0.3234375 0.7027777777777777 0.33125 0.7 0.3578125 0.6777777777777778 0.3609375 0.6777777777777778 0.3703125 0.6666666666666666 0.3734375 0.6666666666666666 0.3875 0.6527777777777778 0.39375 0.65 0.4 0.6388888888888888
0 0.2875 0.8 0.29375 0.7888888888888889 0.303125 0.7805555555555556 0.3078125 0.7805555555555556 0.309375 0.7861111111111111 0.30625 0.7916666666666666 0.2953125 0.8027777777777778 0.2890625 0.8027777777777778
0 0.1828125 0.725 0.20625 0.7111111111111111 0.2171875 0.7111111111111111 0.2171875 0.7138888888888889 0.2078125 0.7194444444444444 0.203125 0.7194444444444444 0.190625 0.7277777777777777 0.184375 0.7277777777777777
0 0.546875 0.7972222222222223 0.55625 0.8 0.5671875 0.8277777777777777 0.565625 0.8333333333333334 0.559375 0.8333333333333334 0.5546875 0.825 0.546875 0.8
0 0.6578125 0.8527777777777777 0.665625 0.8527777777777777 0.6859375 0.8777777777777778 0.684375 0.8833333333333333 0.6734375 0.8805555555555555 0.6609375 0.8638888888888889 0.6578125 0.8555555555555555
0 0.446875 0.6416666666666667 0.4390625 0.6611111111111111 0.4265625 0.6833333333333333 0.4203125 0.7027777777777777 0.4125 0.7166666666666667 0.4078125 0.7305555555555555 0.4046875 0.7333333333333333 0.396875 0.7527777777777778 0.3859375 0.7722222222222223 0.38125 0.7861111111111111 0.371875 0.8 0.3671875 0.8138888888888889 0.334375 0.8777777777777778 0.328125 0.8972222222222223 0.29375 0.9638888888888889 0.290625 0.975 0.2796875 0.9944444444444445 0.275 0.9972222222222222 0.25 0.9972222222222222 0.2484375 0.9944444444444445 0.24375 0.9972222222222222 0.225 0.9972222222222222 0.2265625 0.9861111111111112 0.2453125 0.9611111111111111 0.2796875 0.9 0.303125 0.8666666666666667 0.3171875 0.8388888888888889 0.35 0.7916666666666666 0.3609375 0.7694444444444445 0.3703125 0.7583333333333333 0.3875 0.725 0.3953125 0.7166666666666667 0.421875 0.6694444444444444 0.428125 0.6638888888888889 0.440625 0.6416666666666667 0.4453125 0.6416666666666667
0 0.4234375 0.6166666666666667 0.4265625 0.6194444444444445 0.40625 0.6222222222222222 0.396875 0.6277777777777778 0.3953125 0.625 0.340625 0.625 0.34375 0.6194444444444445 0.421875 0.6166666666666667
0 0.21875 0.8888888888888888 0.2140625 0.9 0.209375 0.9027777777777778 0.2 0.9166666666666666 0.1734375 0.9416666666666667 0.165625 0.9388888888888889 0.16875 0.9305555555555556 0.20625 0.8888888888888888 0.2171875 0.8888888888888888
0 0.34375 0.6222222222222222 0.3546875 0.6194444444444445 0.3515625 0.625 0.34375 0.625