0 0.61875 0.6722222222222223 0.63125 0.6861111111111111 0.63125 0.6916666666666667 0.6265625 0.6972222222222222 0.6140625 0.6861111111111111 0.6140625 0.675 0.6171875 0.6722222222222223
0 0.4 0.7138888888888889 0.403125 0.7166666666666667 0.403125 0.725 0.4 0.7305555555555555 0.39375 0.7333333333333333 0.3890625 0.7416666666666667 0.3828125 0.7416666666666667 0.3734375 0.7472222222222222 0.36875 0.7416666666666667 0.36875 0.7277777777777777 0.3671875 0.725 0.36875 0.7194444444444444 0.3984375 0.7138888888888889
0 0.371875 0.7916666666666666 0.3890625 0.7888888888888889 0.390625 0.7861111111111111 0.396875 0.7888888888888889 0.3796875 0.8361111111111111 0.36875 0.8583333333333333 0.3671875 0.8694444444444445 0.359375 0.8777777777777778 0.3484375 0.8777777777777778 0.346875 0.8805555555555555 0.34375 0.8805555555555555 0.3421875 0.875 0.35 0.8638888888888889 0.35625 0.85 0.35625 0.8444444444444444 0.3796875 0.8 0.378125 0.7944444444444444 0.3734375 0.7916666666666666
0 0.615625 0.8694444444444445 0.6484375 0.9277777777777778 0.6765625 0.9861111111111112 0.6625 0.9861111111111112 0.6609375 0.9888888888888889 0.65625 0.9833333333333333 0.6390625 0.9444444444444444 0.6109375 0.8944444444444445 0.6078125 0.8861111111111111 0.6078125 0.8722222222222222 0.6140625 0.8722222222222222
0 0.3125 0.9611111111111111 0.315625 0.9694444444444444 0.3203125 0.9666666666666667 0.3265625 0.9722222222222222 0.3234375 0.9805555555555555 0.31875 0.9805555555555555 0.3171875 0.975 0.3125 0.9805555555555555 0.3140625 0.9833333333333333 0.3125 0.9888888888888889 0.3171875 0.9972222222222222 0.3125 0.9944444444444445 0.30625 0.9972222222222222 0.3046875 0.9861111111111112 0.2984375 0.9861111111111112 0.2953125 0.9916666666666667 0.2953125 0.9972222222222222 0.2875 0.9972222222222222 0.2890625 0.9944444444444445 0.2859375 0.9888888888888889 0.28125 0.9916666666666667 0.2765625 0.9833333333333333 0.2796875 0.9777777777777777 0.2875 0.9777777777777777 0.2875 0.9805555555555555 0.28125 0.9833333333333333 0.284375 0.9888888888888889 0.2875 0.9861111111111112 0.2953125 0.9888888888888889 0.2984375 0.9833333333333333 0.3015625 0.9861111111111112 0.30625 0.9833333333333333 0.3109375 0.975 0.3046875 0.9638888888888889 0.303125 0.9666666666666667 0.284375 0.9694444444444444 0.2859375 0.9666666666666667 0.3109375 0.9638888888888889
0 0.6203125 0.7472222222222222 0.621875 0.7555555555555555 0.615625 0.7555555555555555 0.6140625 0.7583333333333333 0.571875 0.7583333333333333 0.5703125 0.7611111111111111 0.5609375 0.7611111111111111 0.559375 0.7583333333333333 0.5390625 0.7611111111111111 0.540625 0.7527777777777778 0.5421875 0.7555555555555555 0.5484375 0.7527777777777778 0.5515625 0.7555555555555555 0.56875 0.7555555555555555 0.5734375 0.75 0.60625 0.7527777777777778 0.61875 0.7472222222222222
0 0.2765625 0.9777777777777777 0.2828125 0.975 0.2859375 0.9638888888888889 0.3328125 0.9583333333333334 0.3328125 0.9638888888888889 0.3296875 0.9722222222222222 0.325 0.9805555555555555 0.3171875 0.9861111111111112 0.3203125 0.9944444444444445 0.31875 0.9972222222222222 0.26875 0.9972222222222222 0.2765625 0.9888888888888889 0.275 0.9861111111111112 0.2765625 0.9805555555555555
0 0.4234375 0.675 0.428125 0.6722222222222223 0.43125 0.6805555555555556 0.43125 0.6888888888888889 0.428125 0.6972222222222222 0.4234375 0.6972222222222222 0.4046875 0.7111111111111111 0.3921875 0.7111111111111111 0.39375 0.7055555555555556 0.4125 0.6944444444444444 0.415625 0.6888888888888889 0.4234375 0.6833333333333333 0.425 0.6777777777777778
0 0.428125 0.6833333333333333 0.4203125 0.6777777777777778 0.4140625 0.6861111111111111 0.409375 0.6861111111111111 0.40625 0.6916666666666667 0.3921875 0.7 0.3875 0.7083333333333334 0.375 0.7111111111111111 0.3703125 0.7166666666666667 0.3671875 0.7166666666666667 0.365625 0.7083333333333334 0.3890625 0.6944444444444444 0.3984375 0.6833333333333333 0.4171875 0.675 0.4265625 0.6666666666666666 0.428125 0.6666666666666666 0.4296875 0.6805555555555556
0 0.5921875 0.7166666666666667 0.603125 0.7222222222222222 0.6125 0.7222222222222222 0.6140625 0.7194444444444444 0.6203125 0.7222222222222222 0.621875 0.7277777777777777 0.6140625 0.7361111111111112 0.5890625 0.7361111111111112 0.5875 0.7388888888888889 0.5796875 0.7388888888888889 0.5671875 0.7333333333333333 0.5671875 0.7305555555555555 0.590625 0.7166666666666667
0 0.36875 0.7916666666666666 0.371875 0.7888888888888889 0.3890625 0.7888888888888889 0.390625 0.7861111111111111 0.396875 0.7888888888888889 0.3875 0.8166666666666667 0.371875 0.85 0.36875 0.8583333333333333 0.36875 0.8638888888888889 0.3578125 0.8777777777777778 0.3484375 0.8777777777777778 0.346875 0.8805555555555555 0.3421875 0.8805555555555555 0.3421875 0.8777777777777778 0.35625 0.85 0.35625 0.8444444444444444 0.378125 0.8027777777777778 0.3765625 0.7944444444444444 0.36875 0.7944444444444444