0 0.475 0.7305555555555555 0.478125 0.7333333333333333 0.478125 0.7555555555555555 0.4796875 0.7611111111111111 0.4765625 0.7694444444444445 0.4703125 0.7694444444444445 0.4671875 0.775 0.4765625 0.7944444444444444 0.459375 0.7944444444444444 0.4578125 0.7972222222222223 0.45 0.7944444444444444 0.4515625 0.7888888888888889 0.4625 0.775 0.453125 0.7666666666666667 0.45625 0.7361111111111112 0.4625 0.7305555555555555 0.4734375 0.7305555555555555
0 0.403125 0.7833333333333333 0.409375 0.7972222222222223 0.40625 0.8 0.390625 0.8 0.3890625 0.8027777777777778 0.3828125 0.8027777777777778 0.38125 0.7972222222222223 0.39375 0.7833333333333333 0.4015625 0.7833333333333333
0 0.5375 0.7722222222222223 0.54375 0.7833333333333333 0.55 0.7888888888888889 0.55 0.7916666666666666 0.5375 0.7916666666666666 0.5359375 0.7944444444444444 0.525 0.7916666666666666 0.5265625 0.7777777777777778 0.53125 0.7722222222222223 0.5359375 0.7722222222222223
0 0.6046875 0.7694444444444445 0.6125 0.7805555555555556 0.6203125 0.7861111111111111 0.621875 0.7916666666666666 0.6046875 0.7916666666666666 0.603125 0.7944444444444444 0.59375 0.7888888888888889 0.5953125 0.7833333333333333 0.59375 0.7722222222222223 0.5953125 0.7694444444444445 0.603125 0.7694444444444445
0 0.26875 0.7944444444444444 0.271875 0.7972222222222223 0.271875 0.8027777777777778 0.2609375 0.8166666666666667 0.2484375 0.8166666666666667 0.246875 0.8111111111111111 0.2625 0.7972222222222223 0.2671875 0.7972222222222223
0 0.428125 0.7333333333333333 0.43125 0.7388888888888889 0.421875 0.7638888888888888 0.41875 0.7694444444444445 0.4109375 0.775 0.396875 0.775 0.39375 0.7694444444444445 0.4109375 0.7388888888888889 0.4265625 0.7333333333333333
0 0.475 0.7305555555555555 0.478125 0.7333333333333333 0.478125 0.7666666666666667 0.475 0.7694444444444445 0.4546875 0.7694444444444445 0.45625 0.7361111111111112 0.4625 0.7305555555555555 0.4734375 0.7305555555555555
0 0.6140625 0.7305555555555555 0.615625 0.7333333333333333 0.6296875 0.7361111111111112 0.6484375 0.75 0.665625 0.7527777777777778 0.66875 0.7583333333333333 0.6671875 0.7638888888888888 0.6703125 0.7722222222222223 0.6890625 0.7833333333333333 0.6953125 0.7888888888888889 0.6953125 0.7916666666666666 0.6703125 0.7916666666666666 0.6671875 0.7777777777777778 0.6578125 0.7666666666666667 0.6359375 0.7611111111111111 0.6234375 0.7472222222222222 0.61875 0.7472222222222222 0.6140625 0.7416666666666667 0.6015625 0.7361111111111112 0.6046875 0.7305555555555555 0.6125 0.7305555555555555
0 0.28125 0.7861111111111111 0.2859375 0.7777777777777778 0.3046875 0.7694444444444445 0.321875 0.7527777777777778 0.3265625 0.7527777777777778 0.3390625 0.7444444444444445 0.346875 0.7444444444444445 0.346875 0.7472222222222222 0.3296875 0.7611111111111111 0.3234375 0.7694444444444445 0.296875 0.7861111111111111 0.2828125 0.7861111111111111
0 0.5671875 0.7277777777777777 0.578125 0.7333333333333333 0.5796875 0.7305555555555555 0.5859375 0.7333333333333333 0.6171875 0.7305555555555555 0.6296875 0.7361111111111112 0.659375 0.7333333333333333 0.6765625 0.7444444444444445 0.690625 0.7472222222222222 0.6984375 0.7527777777777778 0.7078125 0.7527777777777778 0.709375 0.7555555555555555 0.7109375 0.7527777777777778 0.715625 0.7555555555555555 0.71875 0.7527777777777778 0.728125 0.7527777777777778 0.7296875 0.7555555555555555 0.7375 0.7555555555555555 0.7421875 0.7611111111111111 0.7578125 0.7611111111111111 0.7734375 0.7694444444444445 0.7828125 0.7694444444444445 0.7921875 0.775 0.8109375 0.7777777777777778 0.825 0.7888888888888889 0.8296875 0.7861111111111111 0.840625 0.7888888888888889 0.8421875 0.7944444444444444 0.8390625 0.8 0.840625 0.8027777777777778 0.8359375 0.8055555555555556 0.8140625 0.8055555555555556 0.7921875 0.7888888888888889 0.7671875 0.7888888888888889 0.765625 0.7861111111111111 0.7625 0.7888888888888889 0.765625 0.7972222222222223 0.759375 0.7972222222222223 0.7578125 0.8 0.75625 0.7972222222222223 0.74375 0.7972222222222223 0.7359375 0.7916666666666666 0.7265625 0.7777777777777778 0.7015625 0.775 0.7 0.7722222222222223 0.6890625 0.7722222222222223 0.684375 0.7777777777777778 0.6921875 0.7861111111111111 0.6953125 0.7861111111111111 0.6984375 0.7916666666666666 0.6921875 0.7944444444444444 0.684375 0.7916666666666666 0.68125 0.7944444444444444 0.6796875 0.7916666666666666 0.6671875 0.7916666666666666 0.665625 0.7805555555555556 0.6578125 0.7694444444444445 0.6390625 0.7694444444444445 0.6375 0.7666666666666667 0.6203125 0.7694444444444445 0.615625 0.7777777777777778 0.6234375 0.7916666666666666 0.61875 0.7944444444444444 0.5984375 0.7944444444444444 0.59375 0.7916666666666666 0.5921875 0.7722222222222223 0.5875 0.7666666666666667 0.578125 0.7666666666666667 0.5765625 0.7694444444444445 0.575 0.7666666666666667 0.565625 0.7666666666666667 0.5640625 0.7694444444444445 0.546875 0.7666666666666667 0.5421875 0.7777777777777778 0.5515625 0.7916666666666666 0.528125 0.7944444444444444 0.525 0.7916666666666666 0.525 0.7777777777777778 0.521875 0.7694444444444445 0.50625 0.7666666666666667 0.5 0.7583333333333333 0.5 0.7527777777777778 0.5078125 0.7527777777777778 0.509375 0.7472222222222222 0.50625 0.7416666666666667 0.503125 0.7416666666666667 0.4953125 0.7333333333333333 0.5234375 0.7305555555555555 0.5296875 0.7361111111111112 0.540625 0.7305555555555555 0.565625 0.7277777777777777
0 0.4671875 0.7777777777777778 0.4765625 0.7916666666666666 0.475 0.7944444444444444 0.4578125 0.7944444444444444 0.45625 0.7972222222222223 0.453125 0.7972222222222223 0.45 0.7916666666666666 0.4578125 0.7805555555555556 0.465625 0.7777777777777778
0 0.509375 0.7333333333333333 0.5125 0.7305555555555555 0.525 0.7333333333333333 0.5375 0.7555555555555555 0.5359375 0.7666666666666667 0.5078125 0.7638888888888888 0.5078125 0.7583333333333333 0.5109375 0.7527777777777778 0.509375 0.7361111111111112
0 0.5546875 0.7305555555555555 0.5640625 0.7277777777777777 0.575 0.7333333333333333 0.6015625 0.7555555555555555 0.6046875 0.7611111111111111 0.6046875 0.7638888888888888 0.6 0.7666666666666667 0.58125 0.7666666666666667 0.5765625 0.7638888888888888 0.5671875 0.7472222222222222 0.5546875 0.7333333333333333
0 0.33125 0.7861111111111111 0.3328125 0.7972222222222223 0.33125 0.8055555555555556 0.3265625 0.8111111111111111 0.3140625 0.8111111111111111 0.309375 0.8055555555555556 0.315625 0.7972222222222223 0.31875 0.7972222222222223 0.3296875 0.7861111111111111
0 0.33125 0.7777777777777778 0.3359375 0.7666666666666667 0.34375 0.7611111111111111 0.346875 0.7555555555555555 0.359375 0.7444444444444445 0.371875 0.7388888888888889 0.3828125 0.7388888888888889 0.384375 0.7416666666666667 0.3703125 0.7611111111111111 0.35 0.7777777777777778 0.3421875 0.7777777777777778 0.340625 0.7805555555555556 0.334375 0.7805555555555556 0.3328125 0.7777777777777778