0 0.4859375 0.7972222222222223 0.0375 0.06111111111111111
0 0.7359375 0.8916666666666667 0.7515625 0.9 0.75625 0.9083333333333333 0.7484375 0.9305555555555556 0.7328125 0.9611111111111111 0.7265625 0.9805555555555555 0.7234375 0.9833333333333333 0.690625 0.975 0.6875 0.9694444444444444 0.6890625 0.9611111111111111 0.6953125 0.9472222222222222 0.6875 0.9333333333333333 0.6859375 0.9222222222222223 0.7 0.8972222222222223 0.734375 0.8916666666666667
0 0.6984375 0.8444444444444444 0.70625 0.85 0.7234375 0.8722222222222222 0.734375 0.8805555555555555 0.7390625 0.8916666666666667 0.75625 0.9027777777777778 0.75625 0.9111111111111111 0.7515625 0.925 0.74375 0.9388888888888889 0.740625 0.95 0.734375 0.9583333333333334 0.725 0.9833333333333333 0.69375 0.9777777777777777 0.6875 0.9694444444444444 0.6875 0.9638888888888889 0.6921875 0.9555555555555556 0.69375 0.9472222222222222 0.6859375 0.9305555555555556 0.6859375 0.9222222222222223 0.696875 0.9027777777777778 0.696875 0.8972222222222223 0.690625 0.8861111111111111 0.690625 0.8583333333333333 0.6921875 0.85 0.696875 0.8444444444444444
0 0.5625 0.7694444444444445 0.5828125 0.7972222222222223 0.5921875 0.8055555555555556 0.6015625 0.825 0.6015625 0.8305555555555556 0.5984375 0.8333333333333334 0.5859375 0.8361111111111111 0.5734375 0.8472222222222222 0.5640625 0.8416666666666667 0.5546875 0.8083333333333333 0.540625 0.7777777777777778 0.5421875 0.7666666666666667 0.559375 0.7666666666666667 0.5609375 0.7694444444444445
0 0.2625 0.7583333333333333 0.265625 0.7611111111111111 0.2625 0.7666666666666667 0.246875 0.7694444444444445 0.228125 0.7805555555555556 0.2203125 0.7805555555555556 0.21875 0.7777777777777778 0.21875 0.7666666666666667 0.2203125 0.7638888888888888 0.2609375 0.7583333333333333
0 0.378125 0.8416666666666667 0.384375 0.8527777777777777 0.3875 0.8638888888888889 0.4 0.8861111111111111 0.4 0.8944444444444445 0.396875 0.8972222222222223 0.378125 0.8972222222222223 0.3765625 0.8944444444444445 0.3046875 0.8944444444444445 0.2984375 0.8916666666666667 0.3171875 0.8777777777777778 0.359375 0.8555555555555555 0.3765625 0.8416666666666667
0 0.6984375 0.8444444444444444 0.70625 0.85 0.7234375 0.8722222222222222 0.73125 0.8777777777777778 0.7359375 0.8861111111111111 0.734375 0.8888888888888888 0.7234375 0.8888888888888888 0.721875 0.8916666666666667 0.7140625 0.8916666666666667 0.7125 0.8888888888888888 0.7 0.8944444444444445 0.69375 0.8916666666666667 0.690625 0.8861111111111111 0.6921875 0.85 0.696875 0.8444444444444444
0 0.2671875 0.8472222222222222 0.2671875 0.8722222222222222 0.26875 0.875 0.26875 0.8888888888888888 0.2671875 0.8916666666666667 0.2171875 0.8916666666666667 0.2171875 0.8722222222222222 0.221875 0.8638888888888889 0.2375 0.8555555555555555 0.2515625 0.8527777777777777 0.2578125 0.8472222222222222 0.265625 0.8472222222222222
0 0.3140625 0.7583333333333333 0.3171875 0.7611111111111111 0.3140625 0.7666666666666667 0.2828125 0.7805555555555556 0.2734375 0.7888888888888889 0.2421875 0.8027777777777778 0.2265625 0.8138888888888889 0.221875 0.8138888888888889 0.2234375 0.7944444444444444 0.2765625 0.7666666666666667 0.2921875 0.7638888888888888 0.29375 0.7611111111111111 0.3125 0.7611111111111111
0 0.559375 0.7666666666666667 0.5921875 0.8055555555555556 0.603125 0.8277777777777777 0.6 0.8333333333333334 0.5875 0.8388888888888889 0.584375 0.8444444444444444 0.5859375 0.85 0.5984375 0.85 0.609375 0.8555555555555555 0.6234375 0.8555555555555555 0.640625 0.8361111111111111 0.6546875 0.8277777777777777 0.6625 0.8277777777777777 0.66875 0.8222222222222222 0.678125 0.8222222222222222 0.6796875 0.8194444444444444 0.678125 0.8166666666666667 0.6578125 0.8166666666666667 0.653125 0.8111111111111111 0.65 0.8166666666666667 0.646875 0.8166666666666667 0.6421875 0.8083333333333333 0.64375 0.8055555555555556 0.6390625 0.8027777777777778 0.65 0.7916666666666666 0.653125 0.8083333333333333 0.6609375 0.8138888888888889 0.6703125 0.8111111111111111 0.6765625 0.8166666666666667 0.6859375 0.8166666666666667 0.690625 0.8222222222222222 0.690625 0.8277777777777777 0.6953125 0.8416666666666667 0.7046875 0.8472222222222222 0.71875 0.8666666666666667 0.7265625 0.8722222222222222 0.7375 0.8861111111111111 0.740625 0.8861111111111111 0.74375 0.8916666666666667 0.75625 0.9 0.7578125 0.9055555555555556 0.75625 0.9138888888888889 0.740625 0.95 0.7296875 0.9694444444444444 0.725 0.9833333333333333 0.7125 0.9833333333333333 0.7015625 0.9777777777777777 0.6921875 0.9777777777777777 0.6875 0.9722222222222222 0.6875 0.9638888888888889 0.6921875 0.9527777777777777 0.6921875 0.9444444444444444 0.6859375 0.9305555555555556 0.6859375 0.9194444444444444 0.6953125 0.9027777777777778 0.6953125 0.8972222222222223 0.690625 0.8888888888888888 0.6890625 0.8638888888888889 0.684375 0.8527777777777777 0.6796875 0.8527777777777777 0.6734375 0.8611111111111112 0.6359375 0.8944444444444445 0.6015625 0.8916666666666667 0.596875 0.9 0.590625 0.9 0.5890625 0.8972222222222223 0.584375 0.9 0.5765625 0.8916666666666667 0.5640625 0.8916666666666667 0.5609375 0.8861111111111111 0.571875 0.875 0.5765625 0.8666666666666667 0.5765625 0.8583333333333333 0.5703125 0.8555555555555555 0.5625 0.8388888888888889 0.55 0.7972222222222223 0.5390625 0.7777777777777778 0.5390625 0.7722222222222223 0.54375 0.7666666666666667 0.55 0.7666666666666667 0.5515625 0.7638888888888888 0.5578125 0.7666666666666667
0 0.490625 0.85 0.5078125 0.8638888888888889 0.528125 0.8888888888888888 0.5265625 0.8916666666666667 0.4765625 0.8916666666666667 0.475 0.8944444444444445 0.4453125 0.8944444444444445 0.440625 0.8861111111111111 0.4453125 0.8777777777777778 0.4734375 0.8527777777777777 0.4765625 0.8472222222222222 0.4875 0.8472222222222222 0.4890625 0.85
0 0.6796875 0.8305555555555556 0.6859375 0.8361111111111111 0.684375 0.8444444444444444 0.6734375 0.8555555555555555 0.66875 0.8638888888888889 0.6453125 0.8833333333333333 0.6390625 0.8916666666666667 0.6015625 0.8916666666666667 0.6 0.8888888888888888 0.5703125 0.8916666666666667 0.56875 0.8888888888888888 0.5625 0.8888888888888888 0.5640625 0.8833333333333333 0.575 0.8722222222222222 0.5875 0.85 0.5984375 0.85 0.6 0.8527777777777777 0.6078125 0.8527777777777777 0.6140625 0.8583333333333333 0.6234375 0.8583333333333333 0.6328125 0.8444444444444444 0.6453125 0.8333333333333334 0.6515625 0.8305555555555556 0.678125 0.8305555555555556
0 0.3671875 0.7638888888888888 0.3703125 0.7666666666666667 0.36875 0.7722222222222223 0.3609375 0.775 0.3484375 0.7888888888888889 0.334375 0.7972222222222223 0.33125 0.8027777777777778 0.30625 0.825 0.2984375 0.825 0.296875 0.8277777777777777 0.271875 0.8277777777777777 0.26875 0.825 0.2703125 0.8222222222222222 0.309375 0.7916666666666666 0.3171875 0.7888888888888889 0.3359375 0.7722222222222223 0.3453125 0.7694444444444445 0.3515625 0.7638888888888888 0.365625 0.7638888888888888