0 0.27890625 0.7277777777777777 0.0375 0.022222222222222223
0 0.43125 0.7361111111111112 0.440625 0.7416666666666667 0.44375 0.7472222222222222 0.4421875 0.7527777777777778 0.4078125 0.7472222222222222 0.4078125 0.7416666666666667 0.4125 0.7388888888888889 0.4171875 0.7416666666666667 0.4296875 0.7361111111111112
0 0.378125 0.7055555555555556 0.3796875 0.7083333333333334 0.3921875 0.7027777777777777 0.3953125 0.7083333333333334 0.3828125 0.7166666666666667 0.3640625 0.7138888888888889 0.3703125 0.7083333333333334 0.3765625 0.7083333333333334
0 0.4671875 0.7416666666666667 0.46875 0.7444444444444445 0.48125 0.7416666666666667 0.4890625 0.75 0.490625 0.7583333333333333 0.484375 0.7555555555555555 0.4703125 0.7583333333333333 0.459375 0.75 0.4625 0.7444444444444445 0.465625 0.7444444444444445
0 0.421875 0.7611111111111111 0.4484375 0.7638888888888888 0.45 0.7666666666666667 0.484375 0.7666666666666667 0.4859375 0.7694444444444445 0.5015625 0.7694444444444445 0.503125 0.7722222222222223 0.5203125 0.7722222222222223 0.521875 0.775 0.5375 0.775 0.5390625 0.7777777777777778 0.5546875 0.7777777777777778 0.55625 0.7805555555555556 0.590625 0.7833333333333333 0.5921875 0.7861111111111111 0.6046875 0.7861111111111111 0.609375 0.7888888888888889 0.6140625 0.7972222222222223 0.5921875 0.7944444444444444 0.590625 0.7916666666666666 0.5765625 0.7916666666666666 0.5734375 0.7944444444444444 0.571875 0.7916666666666666 0.5609375 0.7916666666666666 0.559375 0.7888888888888889 0.55625 0.7916666666666666 0.5546875 0.7861111111111111 0.5375 0.7888888888888889 0.5359375 0.7861111111111111 0.484375 0.7805555555555556 0.4828125 0.7777777777777778 0.4671875 0.7777777777777778 0.465625 0.775 0.45 0.775 0.4484375 0.7777777777777778 0.4390625 0.7722222222222223 0.43125 0.775 0.4265625 0.7694444444444445 0.4234375 0.7694444444444445 0.421875 0.7638888888888888
0 0.30625 0.7361111111111112 0.33125 0.725 0.3421875 0.725 0.3453125 0.7333333333333333 0.3453125 0.7416666666666667 0.340625 0.7388888888888889 0.328125 0.7388888888888889 0.3265625 0.7416666666666667 0.3234375 0.7388888888888889 0.30625 0.7388888888888889
0 0.45 0.7138888888888889 0.4625 0.7194444444444444 0.4625 0.7222222222222222 0.4546875 0.7277777777777777 0.440625 0.7277777777777777 0.4390625 0.725 0.4390625 0.7194444444444444 0.4484375 0.7138888888888889
0 0.4859375 0.7138888888888889 0.4875 0.7166666666666667 0.49375 0.7166666666666667 0.4953125 0.725 0.490625 0.7305555555555555 0.4859375 0.7305555555555555 0.4796875 0.725 0.4796875 0.7194444444444444 0.484375 0.7166666666666667
0 0.3859375 0.7305555555555555 0.39375 0.7388888888888889 0.3921875 0.7444444444444445 0.3859375 0.7472222222222222 0.3609375 0.7444444444444445 0.3609375 0.7388888888888889 0.3671875 0.7333333333333333 0.384375 0.7305555555555555
0 0.3421875 0.725 0.35 0.7388888888888889 0.3609375 0.7361111111111112 0.365625 0.7305555555555555 0.371875 0.7305555555555555 0.3734375 0.7277777777777777 0.3890625 0.7305555555555555 0.3953125 0.7361111111111112 0.4125 0.7361111111111112 0.4140625 0.7388888888888889 0.43125 0.7333333333333333 0.4421875 0.7416666666666667 0.4453125 0.7472222222222222 0.44375 0.7527777777777778 0.4140625 0.75 0.4125 0.7472222222222222 0.378125 0.7472222222222222 0.3765625 0.7444444444444445 0.365625 0.7472222222222222 0.3578125 0.7416666666666667 0.35 0.7416666666666667 0.3484375 0.7444444444444445 0.328125 0.7416666666666667 0.3234375 0.7444444444444445 0.321875 0.7416666666666667 0.25625 0.7333333333333333 0.26875 0.725 0.2734375 0.7277777777777777 0.2828125 0.7222222222222222 0.2953125 0.725 0.296875 0.7305555555555555 0.3 0.7277777777777777 0.3140625 0.7305555555555555 0.315625 0.7277777777777777 0.340625 0.725
0 0.4234375 0.7083333333333334 0.4265625 0.7111111111111111 0.4265625 0.7166666666666667 0.4140625 0.725 0.4125 0.7222222222222222 0.4 0.7222222222222222 0.396875 0.7166666666666667 0.421875 0.7083333333333334
0 0.5203125 0.7472222222222222 0.521875 0.75 0.5234375 0.7472222222222222 0.5328125 0.75 0.54375 0.7611111111111111 0.5390625 0.7638888888888888 0.5375 0.7611111111111111 0.509375 0.7583333333333333 0.5078125 0.7555555555555555 0.509375 0.7527777777777778 0.51875 0.75
0 0.55625 0.7611111111111111 0.565625 0.7555555555555555 0.5734375 0.7555555555555555 0.5859375 0.7611111111111111 0.5890625 0.7666666666666667 0.5890625 0.7694444444444445 0.58125 0.7694444444444445 0.5796875 0.7722222222222223 0.5734375 0.7666666666666667 0.5578125 0.7666666666666667 0.55625 0.7638888888888888
0 0.5203125 0.725 0.521875 0.7277777777777777 0.5234375 0.725 0.53125 0.7277777777777777 0.5328125 0.7333333333333333 0.53125 0.7361111111111112 0.521875 0.7361111111111112 0.51875 0.7277777777777777
0 0.5546875 0.7277777777777777 0.55625 0.725 0.5578125 0.7277777777777777 0.565625 0.7277777777777777 0.571875 0.7333333333333333 0.5734375 0.7388888888888889 0.5703125 0.7416666666666667 0.5609375 0.7416666666666667 0.55625 0.7361111111111112 0.55625 0.7305555555555555
0 0.4203125 0.7638888888888888 0.4140625 0.7777777777777778 0.409375 0.7805555555555556 0.4015625 0.7916666666666666 0.3875 0.8027777777777778 0.3828125 0.8111111111111111 0.3609375 0.8305555555555556 0.3578125 0.8361111111111111 0.35625 0.8333333333333334 0.3390625 0.8555555555555555 0.3328125 0.8583333333333333 0.3234375 0.8722222222222222 0.3203125 0.8722222222222222 0.3078125 0.8888888888888888 0.296875 0.8972222222222223 0.2796875 0.9194444444444444 0.2734375 0.9222222222222223 0.2671875 0.9333333333333333 0.2609375 0.9361111111111111 0.246875 0.9555555555555556 0.240625 0.9583333333333334 0.2140625 0.9555555555555556 0.2140625 0.95 0.2171875 0.9444444444444444 0.2234375 0.9416666666666667 0.2296875 0.9333333333333333 0.234375 0.9333333333333333 0.2421875 0.9222222222222223 0.2453125 0.9222222222222223 0.265625 0.9 0.26875 0.9 0.284375 0.8833333333333333 0.290625 0.8805555555555555 0.2984375 0.8694444444444445 0.3046875 0.8666666666666667 0.309375 0.8583333333333333 0.315625 0.8555555555555555 0.31875 0.85 0.3265625 0.8472222222222222 0.3375 0.8333333333333334 0.3421875 0.8333333333333334 0.3453125 0.8277777777777777 0.3515625 0.825 0.35625 0.8166666666666667 0.3609375 0.8166666666666667 0.3921875 0.7833333333333333 0.4 0.7805555555555556 0.40625 0.7694444444444445 0.41875 0.7638888888888888