0 0.10625 0.7277777777777777 0.109375 0.7333333333333333 0.109375 0.7388888888888889 0.121875 0.7611111111111111 0.1234375 0.7694444444444445 0.1453125 0.8138888888888889 0.1453125 0.8222222222222222 0.11875 0.825 0.1171875 0.8277777777777777 0.1125 0.8277777777777777 0.1078125 0.8222222222222222 0.10625 0.8111111111111111 0.09375 0.7722222222222223 0.0921875 0.7583333333333333 0.0859375 0.7361111111111112 0.090625 0.7277777777777777 0.1046875 0.7277777777777777
0 0 0.6611111111111111 0.0109375 0.6611111111111111 0.0171875 0.6666666666666666 0.0265625 0.6694444444444444 0.034375 0.6777777777777778 0.0328125 0.6833333333333333 0 0.6861111111111111 0 0.6638888888888889
0 0.0078125 0.8472222222222222 0.0078125 0.8361111111111111 0.0140625 0.8111111111111111 0.0140625 0.8027777777777778 0.01875 0.7888888888888889 0.0203125 0.7722222222222223 0.028125 0.7361111111111112 0.0359375 0.7305555555555555 0.046875 0.7305555555555555 0.0484375 0.7277777777777777 0.0515625 0.7305555555555555 0.05 0.8333333333333334 0.04375 0.8416666666666667 0.028125 0.8416666666666667 0.0265625 0.8444444444444444 0.0125 0.8444444444444444 0.009375 0.8472222222222222
0 0.046875 0.6694444444444444 0.05625 0.6694444444444444 0.0609375 0.675 0.0609375 0.6777777777777778 0.0515625 0.6777777777777778 0.046875 0.6722222222222223
0 0.1875 0.7194444444444444 0.2046875 0.7194444444444444 0.209375 0.725 0.2125 0.725 0.215625 0.7305555555555555 0.2359375 0.7472222222222222 0.2390625 0.7472222222222222 0.2671875 0.775 0.2828125 0.7833333333333333 0.290625 0.7944444444444444 0.2984375 0.8 0.2984375 0.8027777777777778 0.2921875 0.8027777777777778 0.290625 0.8055555555555556 0.271875 0.8055555555555556 0.253125 0.7888888888888889 0.25 0.7833333333333333 0.24375 0.7805555555555556 0.2140625 0.7472222222222222 0.2046875 0.7416666666666667 0.1875 0.7222222222222222
0 0.1703125 0.6777777777777778 0.18125 0.6777777777777778 0.1875 0.6833333333333333 0.1859375 0.6861111111111111 0.178125 0.6861111111111111 0.1703125 0.6805555555555556
0 0.096875 0.6444444444444445 0.1046875 0.65 0.13125 0.6583333333333333 0.1328125 0.6611111111111111 0.13125 0.6638888888888889 0.09375 0.6527777777777778 0.0890625 0.65 0.0875 0.6444444444444445 0.0890625 0.6416666666666667 0.0953125 0.6444444444444445
0 0.2328125 0.7194444444444444 0.234375 0.7166666666666667 0.253125 0.7194444444444444 0.275 0.7361111111111112 0.2796875 0.7361111111111112 0.284375 0.7416666666666667 0.296875 0.7472222222222222 0.3171875 0.7638888888888888 0.3359375 0.7722222222222223 0.340625 0.7777777777777778 0.353125 0.7833333333333333 0.3671875 0.7944444444444444 0.36875 0.7972222222222223 0.359375 0.7972222222222223 0.3578125 0.8 0.3375 0.7972222222222223 0.325 0.7861111111111111 0.29375 0.7666666666666667 0.2796875 0.7527777777777778 0.2640625 0.7444444444444445 0.25625 0.7361111111111112 0.24375 0.7305555555555555 0.234375 0.7222222222222222
0 0.140625 0.7305555555555555 0.1625 0.7305555555555555 0.1859375 0.7555555555555555 0.1953125 0.7722222222222223 0.20625 0.7805555555555556 0.225 0.8055555555555556 0.2234375 0.8111111111111111 0.2015625 0.8111111111111111 0.2 0.8138888888888889 0.19375 0.8111111111111111 0.1609375 0.7666666666666667 0.15 0.7472222222222222 0.1421875 0.7388888888888889 0.140625 0.7333333333333333
0 0.090625 0.6972222222222222 0.0921875 0.7 0.0984375 0.7 0.1078125 0.7111111111111111 0.1046875 0.7138888888888889 0.0890625 0.7027777777777777 0.0890625 0.7
0 0.275 0.7166666666666667 0.28125 0.7138888888888889 0.2828125 0.7166666666666667 0.296875 0.7194444444444444 0.321875 0.7361111111111112 0.3390625 0.7416666666666667 0.34375 0.7472222222222222 0.3578125 0.7527777777777778 0.3671875 0.7611111111111111 0.378125 0.7638888888888888 0.396875 0.7777777777777778 0.4046875 0.7777777777777778 0.425 0.7916666666666666 0.4234375 0.7944444444444444 0.4 0.7944444444444444 0.3953125 0.7888888888888889 0.3609375 0.7694444444444445 0.35625 0.7694444444444445 0.3515625 0.7638888888888888 0.346875 0.7638888888888888 0.3203125 0.7444444444444445 0.3046875 0.7388888888888889 0.2765625 0.7194444444444444
0 0.240625 0.7138888888888889 0.2421875 0.7166666666666667 0.25625 0.7166666666666667 0.2578125 0.7138888888888889 0.2875 0.7138888888888889 0.2890625 0.7166666666666667 0.33125 0.7138888888888889 0.3453125 0.7222222222222222 0.35 0.7222222222222222 0.3515625 0.7194444444444444 0.35 0.7166666666666667 0.3546875 0.7194444444444444 0.3578125 0.7166666666666667 0.38125 0.7194444444444444 0.3828125 0.7222222222222222 0.3890625 0.7222222222222222 0.39375 0.7277777777777777 0.4046875 0.7277777777777777 0.4171875 0.7361111111111112 0.43125 0.7388888888888889 0.4421875 0.7472222222222222 0.4609375 0.7527777777777778 0.4796875 0.7638888888888888 0.496875 0.7666666666666667 0.5078125 0.775 0.515625 0.775 0.528125 0.7833333333333333 0.525 0.7861111111111111 0.5015625 0.7861111111111111 0.5 0.7833333333333333 0.49375 0.7861111111111111 0.4890625 0.7805555555555556 0.4828125 0.7805555555555556 0.48125 0.775 0.4765625 0.7722222222222223 0.4640625 0.7722222222222223 0.4625 0.775 0.465625 0.7805555555555556 0.4734375 0.7833333333333333 0.478125 0.7888888888888889 0.4734375 0.7916666666666666 0.4578125 0.7916666666666666 0.4453125 0.7861111111111111 0.4390625 0.7861111111111111 0.4375 0.7888888888888889 0.4296875 0.7777777777777778 0.4265625 0.7777777777777778 0.425 0.7805555555555556 0.428125 0.7861111111111111 0.4265625 0.7888888888888889 0.428125 0.7916666666666666 0.425 0.7944444444444444 0.403125 0.7972222222222223 0.396875 0.7916666666666666 0.390625 0.7916666666666666 0.3875 0.7861111111111111 0.378125 0.7833333333333333 0.3703125 0.7972222222222223 0.365625 0.8 0.3390625 0.8 0.3140625 0.7833333333333333 0.3078125 0.7861111111111111 0.3015625 0.7972222222222223 0.3015625 0.8027777777777778 0.2953125 0.8055555555555556 0.2703125 0.8055555555555556 0.25 0.7888888888888889 0.246875 0.7833333333333333 0.2390625 0.7805555555555556 0.21875 0.7583333333333333 0.2171875 0.7611111111111111 0.21875 0.7722222222222223 0.2171875 0.7805555555555556 0.225 0.7861111111111111 0.225 0.8 0.2296875 0.8083333333333333 0.2265625 0.8111111111111111 0.2125 0.8111111111111111 0.2109375 0.8138888888888889 0.1953125 0.8138888888888889 0.1921875 0.8111111111111111 0.18125 0.7944444444444444 0.1765625 0.7916666666666666 0.159375 0.7694444444444445 0.153125 0.7583333333333333 0.15 0.7611111111111111 0.1515625 0.7583333333333333 0.146875 0.7472222222222222 0.1375 0.7444444444444445 0.1390625 0.7361111111111112 0.1359375 0.7305555555555555 0.1296875 0.7277777777777777 0.1296875 0.725 0.14375 0.7222222222222222 0.1453125 0.7194444444444444 0.1546875 0.7194444444444444 0.159375 0.7222222222222222 0.1640625 0.7305555555555555 0.16875 0.7305555555555555 0.171875 0.7222222222222222 0.1859375 0.7194444444444444 0.1875 0.7166666666666667 0.203125 0.7166666666666667 0.209375 0.7222222222222222 0.2125 0.7166666666666667 0.2203125 0.7166666666666667 0.221875 0.7138888888888889 0.2390625 0.7138888888888889
0 0.3640625 0.7194444444444444 0.378125 0.7194444444444444 0.403125 0.7305555555555555 0.4109375 0.7305555555555555 0.4296875 0.7388888888888889 0.440625 0.7472222222222222 0.4546875 0.75 0.471875 0.7611111111111111 0.490625 0.7666666666666667 0.496875 0.7722222222222223 0.525 0.7805555555555556 0.521875 0.7861111111111111 0.509375 0.7861111111111111 0.503125 0.7805555555555556 0.4953125 0.7805555555555556 0.4828125 0.7722222222222223 0.46875 0.7694444444444445 0.459375 0.7611111111111111 0.44375 0.7583333333333333 0.4265625 0.7472222222222222 0.4203125 0.7472222222222222 0.3890625 0.7333333333333333 0.3828125 0.7277777777777777 0.3640625 0.7222222222222222
0 0.3125 0.7166666666666667 0.3140625 0.7138888888888889 0.328125 0.7138888888888889 0.334375 0.7194444444444444 0.3546875 0.725 0.365625 0.7333333333333333 0.3859375 0.7388888888888889 0.3953125 0.7472222222222222 0.409375 0.7527777777777778 0.4140625 0.7583333333333333 0.434375 0.7638888888888888 0.4546875 0.7777777777777778 0.4609375 0.7777777777777778 0.475 0.7861111111111111 0.4765625 0.7888888888888889 0.4734375 0.7916666666666666 0.453125 0.7888888888888889 0.4421875 0.7805555555555556 0.4046875 0.7638888888888888 0.39375 0.7555555555555555 0.3828125 0.7527777777777778 0.3640625 0.7388888888888889 0.3515625 0.7361111111111112 0.3453125 0.7305555555555555 0.3140625 0.7166666666666667
0 0.20625 0.6944444444444444 0.2171875 0.6944444444444444 0.2234375 0.7 0.2234375 0.7027777777777777 0.2140625 0.7027777777777777 0.20625 0.6972222222222222
0 0.2359375 0.7027777777777777 0.2375 0.7055555555555556 0.25 0.7083333333333334 0.2515625 0.7138888888888889 0.2328125 0.7111111111111111 0.228125 0.7055555555555556 0.234375 0.7027777777777777