0 0.9296875 0.8111111111111111 0.9359375 0.8083333333333333 0.9453125 0.8138888888888889 0.95 0.8111111111111111 0.95625 0.8166666666666667 0.9703125 0.8194444444444444 0.9796875 0.8277777777777777 0.9828125 0.825 0.9953125 0.8333333333333334 0.99375 0.8388888888888889 0.9765625 0.8361111111111111 0.9703125 0.8305555555555556 0.9625 0.8305555555555556 0.9546875 0.8222222222222222 0.95 0.825 0.9453125 0.8194444444444444 0.9296875 0.8138888888888889
0 0.41875 0.7361111111111112 0.415625 0.7472222222222222 0.409375 0.7527777777777778 0.40625 0.7527777777777778 0.409375 0.7416666666666667 0.4125 0.7361111111111112 0.4171875 0.7361111111111112
0 0.9296875 0.8111111111111111 0.9375 0.8083333333333333 0.9453125 0.8138888888888889 0.953125 0.8138888888888889 0.9609375 0.8194444444444444 0.9734375 0.8222222222222222 0.9796875 0.8277777777777777 0.98125 0.825 0.9953125 0.8333333333333334 0.99375 0.8388888888888889 0.9859375 0.8388888888888889 0.984375 0.8361111111111111 0.9765625 0.8361111111111111 0.9703125 0.8305555555555556 0.9625 0.8305555555555556 0.9546875 0.8222222222222222 0.946875 0.8222222222222222 0.9359375 0.8138888888888889 0.934375 0.8166666666666667 0.9296875 0.8138888888888889
0 0.83125 0.7666666666666667 0.8390625 0.7666666666666667 0.840625 0.7694444444444445 0.8453125 0.7666666666666667 0.8515625 0.7722222222222223 0.8578125 0.775 0.859375 0.7722222222222223 0.8734375 0.7805555555555556 0.8703125 0.7861111111111111 0.8640625 0.7805555555555556 0.85625 0.7805555555555556 0.8328125 0.7694444444444445
0 0.43125 0.6972222222222222 0.4359375 0.6972222222222222 0.4328125 0.7055555555555556 0.4296875 0.7055555555555556 0.43125 0.7
0 0.340625 0.8944444444444445 0.3625 0.8444444444444444 0.36875 0.8388888888888889 0.371875 0.8388888888888889 0.371875 0.8444444444444444 0.353125 0.8888888888888888 0.3484375 0.8944444444444445 0.3421875 0.8944444444444445
0 0.6125 0.8027777777777778 0.621875 0.8055555555555556 0.6375 0.8305555555555556 0.6359375 0.8388888888888889 0.6296875 0.8361111111111111 0.6203125 0.8194444444444444 0.615625 0.8166666666666667 0.6125 0.8055555555555556
0 0.55625 0.7138888888888889 0.5609375 0.7222222222222222 0.5640625 0.7222222222222222 0.565625 0.7277777777777777 0.5578125 0.7277777777777777 0.5515625 0.7166666666666667 0.5546875 0.7138888888888889
0 0.5296875 0.6805555555555556 0.5328125 0.6805555555555556 0.5359375 0.6888888888888889 0.53125 0.6888888888888889 0.5296875 0.6833333333333333
0 0.7390625 0.7166666666666667 0.7515625 0.725 0.753125 0.7305555555555555 0.734375 0.725 0.73125 0.7194444444444444 0.7375 0.7194444444444444
0 0.771875 0.7388888888888889 0.7796875 0.7388888888888889 0.78125 0.7416666666666667 0.784375 0.7388888888888889 0.7984375 0.75 0.8 0.7472222222222222 0.8015625 0.7527777777777778 0.7984375 0.7555555555555555 0.7734375 0.7416666666666667