0 0.584375 0.6666666666666666 0.590625 0.6694444444444444 0.5890625 0.675 0.584375 0.6722222222222223 0.584375 0.6694444444444444
0 0.3890625 0.75 0.3953125 0.7416666666666667 0.4 0.7416666666666667 0.4 0.7472222222222222 0.3875 0.7694444444444445 0.3828125 0.7722222222222223 0.38125 0.7666666666666667 0.3890625 0.7527777777777778
0 0.021875 0.9111111111111111 0.021875 0.9138888888888889 0.003125 0.9277777777777778 0 0.9277777777777778 0 0.9166666666666666 0.009375 0.9111111111111111 0.0203125 0.9111111111111111
0 0.034375 0.7194444444444444 0.0359375 0.7138888888888889 0.040625 0.7111111111111111 0.0703125 0.7055555555555556 0.071875 0.7027777777777777 0.1 0.6972222222222222 0.1015625 0.6944444444444444 0.1125 0.6944444444444444 0.1109375 0.7 0.0671875 0.7111111111111111 0.065625 0.7138888888888889 0.0359375 0.7194444444444444
0 0.8859375 0.9055555555555556 0.896875 0.9055555555555556 0.909375 0.9166666666666666 0.9234375 0.9222222222222223 0.9453125 0.9416666666666667 0.96875 0.9555555555555556 0.9921875 0.975 0.996875 0.975 0.9984375 0.9777777777777777 0.9984375 0.9888888888888889 0.9953125 0.9888888888888889 0.975 0.9722222222222222 0.9671875 0.9694444444444444 0.959375 0.9611111111111111 0.9484375 0.9555555555555556 0.91875 0.9305555555555556 0.8953125 0.9166666666666666 0.8875 0.9083333333333333
0 0.3765625 0.6666666666666666 0.378125 0.6694444444444444 0.3765625 0.6722222222222223 0.36875 0.6777777777777778 0.365625 0.675 0.36875 0.6694444444444444 0.375 0.6666666666666666
0 0.51640625 0.6694444444444444 0.0046875 0.011111111111111112
0 0.4203125 0.7055555555555556 0.4203125 0.7 0.425 0.6916666666666667 0.428125 0.6972222222222222 0.421875 0.7055555555555556
0 0.6828125 0.7444444444444445 0.6875 0.7444444444444445 0.6921875 0.75 0.703125 0.7555555555555555 0.725 0.775 0.721875 0.7777777777777778 0.7125 0.7722222222222223 0.6828125 0.7472222222222222
0 0.3375 0.7 0.334375 0.7055555555555556 0.3234375 0.7138888888888889 0.3203125 0.7083333333333334 0.33125 0.7 0.3359375 0.7
0 0.2609375 0.7472222222222222 0.2609375 0.7527777777777778 0.225 0.775 0.221875 0.7722222222222223 0.225 0.7666666666666667 0.259375 0.7472222222222222
0 0.4390625 0.675 0.440625 0.6666666666666666 0.4453125 0.6666666666666666 0.440625 0.675
0 0.5375 0.7416666666666667 0.5421875 0.7416666666666667 0.553125 0.7638888888888888 0.5515625 0.7694444444444445 0.546875 0.7666666666666667 0.5375 0.7444444444444445
0 0.51875 0.6888888888888889 0.5234375 0.6916666666666667 0.5234375 0.7 0.5203125 0.7 0.51875 0.6916666666666667
0 0.6 0.9055555555555556 0.6078125 0.9055555555555556 0.6125 0.9111111111111111 0.6328125 0.95 0.6515625 0.9944444444444445 0.6515625 0.9972222222222222 0.6390625 0.9972222222222222 0.625 0.9666666666666667 0.61875 0.9472222222222222 0.6078125 0.9277777777777778 0.6 0.9083333333333333
0 0.609375 0.6888888888888889 0.615625 0.6888888888888889 0.6234375 0.6972222222222222 0.61875 0.7 0.609375 0.6916666666666667
0 0.25 0.9972222222222222 0.2859375 0.9305555555555556 0.3078125 0.8972222222222223 0.3125 0.8944444444444445 0.31875 0.8972222222222223 0.265625 0.9944444444444445 0.2625 0.9972222222222222 0.2515625 0.9972222222222222