0 0.603125 0.8194444444444444 0.6125 0.8222222222222222 0.634375 0.8611111111111112 0.6546875 0.8916666666666667 0.6546875 0.8972222222222223 0.65 0.8972222222222223 0.640625 0.8888888888888888 0.6390625 0.8805555555555555 0.6125 0.8416666666666667 0.603125 0.8222222222222222
0 0.3 0.7388888888888889 0.30625 0.7333333333333333 0.3125 0.7361111111111112 0.303125 0.7444444444444445 0.3 0.7416666666666667
0 0.1328125 0.8805555555555555 0.134375 0.875 0.15625 0.8555555555555555 0.159375 0.8555555555555555 0.1625 0.85 0.16875 0.8472222222222222 0.175 0.85 0.171875 0.8555555555555555 0.1421875 0.8805555555555555 0.134375 0.8805555555555555
0 0.525 0.6805555555555556 0.528125 0.6805555555555556 0.5328125 0.6888888888888889 0.5328125 0.6916666666666667 0.528125 0.6916666666666667 0.525 0.6833333333333333
0 0.340625 0.7055555555555556 0.3421875 0.7111111111111111 0.334375 0.7138888888888889 0.3359375 0.7083333333333334 0.3390625 0.7083333333333334
0 0.29375 0.9111111111111111 0.29375 0.9027777777777778 0.296875 0.8972222222222223 0.3140625 0.8833333333333333 0.315625 0.8833333333333333 0.3140625 0.8916666666666667 0.3046875 0.9083333333333333 0.2953125 0.9111111111111111
0 0.09375 0.9166666666666666 0.0953125 0.9166666666666666 0.0921875 0.9222222222222223 0.084375 0.9305555555555556 0.08125 0.9305555555555556 0.03125 0.975 0.028125 0.975 0.0203125 0.9833333333333333 0.009375 0.9833333333333333 0.0078125 0.9805555555555555 0.015625 0.9722222222222222 0.01875 0.9722222222222222 0.0421875 0.95 0.0453125 0.95 0.0609375 0.9333333333333333 0.0640625 0.9333333333333333 0.08125 0.9166666666666666 0.0921875 0.9138888888888889
0 0.3359375 0.9583333333333334 0.334375 0.9666666666666667 0.3171875 0.975 0.315625 0.9722222222222222 0.3171875 0.9666666666666667 0.3296875 0.9583333333333334 0.334375 0.9583333333333334
0 0.3203125 0.7222222222222222 0.325 0.7194444444444444 0.33125 0.7222222222222222 0.325 0.7277777777777777 0.3203125 0.7277777777777777 0.3203125 0.725
0 0.24375 0.7888888888888889 0.246875 0.7805555555555556 0.2578125 0.7722222222222223 0.2625 0.7722222222222223 0.2640625 0.775 0.2625 0.7777777777777778 0.25 0.7888888888888889 0.2453125 0.7888888888888889
0 0.2265625 0.8 0.2375 0.8 0.2359375 0.8055555555555556 0.2296875 0.8111111111111111 0.2265625 0.8111111111111111 0.2265625 0.8027777777777778
0 0.0078125 0.9805555555555555 0.0859375 0.9138888888888889 0.1109375 0.9138888888888889 0.1125 0.9111111111111111 0.13125 0.9111111111111111 0.1328125 0.9083333333333333 0.153125 0.9083333333333333 0.153125 0.9111111111111111 0.14375 0.9111111111111111 0.1328125 0.9166666666666666 0.128125 0.9138888888888889 0.1234375 0.9166666666666666 0.096875 0.9166666666666666 0.0875 0.9277777777777778 0.059375 0.95 0.05625 0.9555555555555556 0.053125 0.9555555555555556 0.025 0.9805555555555555 0.0078125 0.9833333333333333
0 0.546875 0.7222222222222222 0.5484375 0.7194444444444444 0.553125 0.7222222222222222 0.5609375 0.7361111111111112 0.5609375 0.7416666666666667 0.55625 0.7416666666666667 0.5484375 0.725
0 0.2734375 0.7611111111111111 0.28125 0.7527777777777778 0.290625 0.75 0.2921875 0.7527777777777778 0.290625 0.7555555555555555 0.2796875 0.7638888888888888 0.275 0.7638888888888888