0 0.4296875 0.6611111111111111 0.4265625 0.6694444444444444 0.421875 0.6694444444444444 0.421875 0.6666666666666666 0.428125 0.6611111111111111
0 0.425 0.625 0.4203125 0.6305555555555555 0.4171875 0.6277777777777778 0.4234375 0.625
0 0.75625 0.8138888888888889 0.7609375 0.8138888888888889 0.765625 0.8222222222222222 0.775 0.8277777777777777 0.78125 0.8277777777777777 0.7859375 0.8388888888888889 0.796875 0.8444444444444444 0.8078125 0.8583333333333333 0.821875 0.8638888888888889 0.83125 0.875 0.846875 0.8805555555555555 0.859375 0.8944444444444445 0.871875 0.9 0.875 0.9055555555555556 0.8890625 0.9166666666666666 0.8890625 0.9222222222222223 0.8828125 0.9222222222222223 0.8734375 0.9166666666666666 0.8671875 0.9083333333333333 0.859375 0.9055555555555556 0.846875 0.8916666666666667 0.8421875 0.8916666666666667 0.834375 0.8833333333333333 0.83125 0.8833333333333333 0.828125 0.8777777777777778 0.809375 0.8694444444444445 0.8015625 0.8583333333333333 0.7890625 0.8527777777777777 0.7828125 0.8444444444444444 0.771875 0.8388888888888889 0.759375 0.825 0.75625 0.8166666666666667
0 0.528125 0.7083333333333334 0.534375 0.7138888888888889 0.540625 0.7305555555555555 0.534375 0.7305555555555555 0.5265625 0.7111111111111111
0 0.4125 0.6944444444444444 0.409375 0.7055555555555556 0.403125 0.7111111111111111 0.4 0.7083333333333334 0.4015625 0.7027777777777777 0.40625 0.6944444444444444 0.4109375 0.6944444444444444
0 0.5953125 0.6916666666666667 0.60625 0.6944444444444444 0.609375 0.7027777777777777 0.596875 0.6944444444444444
0 0.3640625 0.6361111111111111 0.3671875 0.6388888888888888 0.36875 0.6361111111111111 0.3765625 0.6361111111111111 0.38125 0.6305555555555555 0.3921875 0.6305555555555555 0.3859375 0.6333333333333333 0.384375 0.6305555555555555 0.38125 0.6361111111111111 0.3484375 0.65 0.340625 0.6583333333333333 0.3390625 0.6555555555555556 0.321875 0.6666666666666666 0.3140625 0.6666666666666666 0.303125 0.675 0.296875 0.6777777777777778 0.2953125 0.675 0.2765625 0.6888888888888889 0.2703125 0.6888888888888889 0.2546875 0.7 0.246875 0.7 0.2421875 0.7055555555555556 0.225 0.7111111111111111 0.2078125 0.7222222222222222 0.2015625 0.7222222222222222 0.1859375 0.7333333333333333 0.178125 0.7333333333333333 0.1734375 0.7388888888888889 0.1671875 0.7388888888888889 0.1625 0.7444444444444445 0.134375 0.7527777777777778 0.1171875 0.7638888888888888 0.109375 0.7638888888888888 0.103125 0.7694444444444445 0.0984375 0.7694444444444445 0.0921875 0.775 0.0875 0.7722222222222223 0.078125 0.7805555555555556 0.065625 0.7833333333333333 0.046875 0.7944444444444444 0.0453125 0.7916666666666666 0.028125 0.8027777777777778 0.0203125 0.8027777777777778 0.0046875 0.8138888888888889 0 0.8138888888888889 0 0.8027777777777778 0.0046875 0.8027777777777778 0.015625 0.7944444444444444 0.0296875 0.7916666666666666 0.046875 0.7805555555555556 0.0484375 0.7833333333333333 0.065625 0.7722222222222223 0.0734375 0.7722222222222223 0.0921875 0.7611111111111111 0.09375 0.7638888888888888 0.1125 0.7527777777777778 0.125 0.75 0.1359375 0.7416666666666667 0.1421875 0.7444444444444445 0.15 0.7361111111111112 0.171875 0.7305555555555555 0.18125 0.7222222222222222 0.1953125 0.7194444444444444 0.2046875 0.7111111111111111 0.20625 0.7138888888888889 0.2125 0.7111111111111111 0.2265625 0.7 0.2296875 0.7027777777777777 0.2484375 0.6916666666666667 0.2515625 0.6944444444444444 0.259375 0.6861111111111111 0.28125 0.6777777777777778 0.2921875 0.6694444444444444 0.3 0.6694444444444444 0.315625 0.6583333333333333 0.325 0.6583333333333333 0.3390625 0.6472222222222223 0.3515625 0.6444444444444445 0.3625 0.6361111111111111
0 0.509375 0.675 0.5140625 0.675 0.5171875 0.6805555555555556 0.515625 0.6861111111111111 0.509375 0.6777777777777778
0 0.478125 0.6083333333333333 0.4828125 0.6111111111111112 0.4875 0.6194444444444445 0.4875 0.625 0.496875 0.6388888888888888 0.496875 0.6444444444444445 0.503125 0.6555555555555556 0.5015625 0.6583333333333333 0.4953125 0.65 0.478125 0.6111111111111112
0 0.56875 0.7972222222222223 0.575 0.7972222222222223 0.5796875 0.8027777777777778 0.5921875 0.8305555555555556 0.6125 0.8666666666666667 0.6078125 0.875 0.603125 0.8694444444444445 0.5859375 0.8388888888888889 0.56875 0.8
0 0.340625 0.8 0.34375 0.8 0.3609375 0.7722222222222223 0.3703125 0.7722222222222223 0.36875 0.7805555555555556 0.3625 0.7944444444444444 0.35 0.8111111111111111 0.34375 0.825 0.3375 0.8277777777777777 0.328125 0.8222222222222222 0.340625 0.8027777777777778
0 0.6453125 0.7277777777777777 0.653125 0.7305555555555555 0.65625 0.7361111111111112 0.6734375 0.75 0.6734375 0.7527777777777778 0.6671875 0.7527777777777778 0.6453125 0.7305555555555555