0 0.6640625 0.7638888888888888 0.6703125 0.7611111111111111 0.6765625 0.7666666666666667 0.6953125 0.7694444444444445 0.7109375 0.7805555555555556 0.7296875 0.7861111111111111 0.74375 0.7972222222222223 0.7515625 0.7972222222222223 0.7640625 0.8027777777777778 0.7703125 0.8138888888888889 0.7640625 0.8111111111111111 0.740625 0.8111111111111111 0.7328125 0.8027777777777778 0.71875 0.8 0.7078125 0.7916666666666666 0.7046875 0.7861111111111111 0.69375 0.7833333333333333 0.6890625 0.7777777777777778 0.678125 0.775 0.675 0.7694444444444445 0.665625 0.7666666666666667
0 0.615625 0.7555555555555555 0.6171875 0.7583333333333333 0.625 0.7583333333333333 0.63125 0.7638888888888888 0.6359375 0.7638888888888888 0.640625 0.7694444444444445 0.6453125 0.7694444444444445 0.6484375 0.775 0.6671875 0.7833333333333333 0.678125 0.7916666666666666 0.68125 0.7972222222222223 0.6890625 0.8 0.690625 0.8027777777777778 0.6890625 0.8055555555555556 0.6609375 0.8027777777777778 0.6515625 0.7972222222222223 0.6390625 0.7833333333333333 0.63125 0.7805555555555556 0.6234375 0.7722222222222223 0.609375 0.7638888888888888 0.6078125 0.7583333333333333 0.6140625 0.7555555555555555
0 0.4484375 0.8083333333333333 0.465625 0.8222222222222222 0.471875 0.8333333333333334 0.465625 0.8333333333333334 0.4640625 0.8305555555555556 0.4359375 0.8333333333333334 0.434375 0.8305555555555556 0.40625 0.8305555555555556 0.4015625 0.8277777777777777 0.4046875 0.8222222222222222 0.4109375 0.8222222222222222 0.434375 0.8055555555555556 0.4453125 0.8055555555555556 0.446875 0.8083333333333333
0 0.5515625 0.7527777777777778 0.571875 0.7555555555555555 0.5796875 0.7638888888888888 0.584375 0.7638888888888888 0.5875 0.7694444444444445 0.590625 0.7694444444444445 0.5984375 0.7805555555555556 0.60625 0.7861111111111111 0.6109375 0.7944444444444444 0.609375 0.8 0.5859375 0.8 0.5734375 0.7805555555555556 0.5515625 0.7555555555555555
0 0.40625 0.75 0.409375 0.7555555555555555 0.4125 0.7555555555555555 0.403125 0.7722222222222223 0.3984375 0.775 0.3875 0.7916666666666666 0.378125 0.7944444444444444 0.3765625 0.7916666666666666 0.3625 0.7916666666666666 0.3609375 0.7888888888888889 0.36875 0.775 0.3796875 0.7694444444444445 0.3890625 0.7583333333333333 0.3984375 0.7527777777777778 0.4046875 0.7527777777777778
0 0.5296875 0.8083333333333333 0.546875 0.8222222222222222 0.5625 0.8305555555555556 0.5671875 0.8361111111111111 0.5640625 0.8388888888888889 0.55625 0.8388888888888889 0.5546875 0.8361111111111111 0.5265625 0.8361111111111111 0.525 0.8333333333333334 0.5078125 0.8333333333333334 0.50625 0.8361111111111111 0.496875 0.8333333333333334 0.4953125 0.8305555555555556 0.5 0.825 0.5109375 0.8194444444444444 0.525 0.8055555555555556 0.528125 0.8083333333333333
0 0.79375 0.8305555555555556 0.8125 0.8416666666666667 0.8203125 0.8416666666666667 0.825 0.8472222222222222 0.8453125 0.8527777777777777 0.85 0.8555555555555555 0.8484375 0.8583333333333333 0.825 0.8555555555555555 0.8234375 0.8527777777777777 0.79375 0.8527777777777777 0.7859375 0.8472222222222222 0.778125 0.8472222222222222 0.7734375 0.8388888888888889 0.7734375 0.8333333333333334 0.7765625 0.8277777777777777 0.790625 0.8277777777777777 0.7921875 0.8305555555555556
0 0.6234375 0.8194444444444444 0.634375 0.8277777777777777 0.6453125 0.8305555555555556 0.653125 0.8388888888888889 0.6578125 0.8388888888888889 0.659375 0.8444444444444444 0.615625 0.8416666666666667 0.6140625 0.8388888888888889 0.5859375 0.8388888888888889 0.584375 0.8361111111111111 0.5875 0.8305555555555556 0.6046875 0.8138888888888889 0.615625 0.8138888888888889 0.61875 0.8194444444444444 0.621875 0.8194444444444444
0 0.2875 0.775 0.2890625 0.7777777777777778 0.290625 0.775 0.3015625 0.775 0.3 0.7833333333333333 0.2921875 0.7944444444444444 0.2828125 0.7972222222222223 0.2796875 0.8027777777777778 0.271875 0.8055555555555556 0.259375 0.8194444444444444 0.2453125 0.825 0.2328125 0.8361111111111111 0.2265625 0.8361111111111111 0.2203125 0.8444444444444444 0.215625 0.8444444444444444 0.2078125 0.8527777777777777 0.1953125 0.8555555555555555 0.1921875 0.8611111111111112 0.1796875 0.8666666666666667 0.171875 0.875 0.1578125 0.8805555555555555 0.1484375 0.8916666666666667 0.1328125 0.8972222222222223 0.121875 0.9083333333333333 0.1140625 0.9111111111111111 0.1078125 0.9194444444444444 0.1 0.9194444444444444 0.0890625 0.9305555555555556 0.0859375 0.9305555555555556 0.0796875 0.9388888888888889 0.0703125 0.9416666666666667 0.0625 0.9527777777777777 0.0546875 0.9527777777777777 0.053125 0.9555555555555556 0.046875 0.9555555555555556 0.0453125 0.9527777777777777 0.0171875 0.9527777777777777 0.015625 0.95 0.009375 0.95 0.0078125 0.9444444444444444 0.015625 0.9361111111111111 0.0203125 0.9388888888888889 0.025 0.9333333333333333 0.028125 0.9333333333333333 0.040625 0.9194444444444444 0.053125 0.9138888888888889 0.0578125 0.9083333333333333 0.0625 0.9083333333333333 0.0765625 0.8972222222222223 0.078125 0.9 0.084375 0.8972222222222223 0.0953125 0.8861111111111111 0.121875 0.875 0.146875 0.8583333333333333 0.1515625 0.8583333333333333 0.159375 0.85 0.1765625 0.8444444444444444 0.1953125 0.8305555555555556 0.2015625 0.8305555555555556 0.215625 0.8194444444444444 0.2234375 0.8166666666666667 0.2265625 0.8111111111111111 0.228125 0.8138888888888889 0.240625 0.8027777777777778 0.2453125 0.8027777777777778 0.2546875 0.7944444444444444 0.2625 0.7944444444444444 0.2703125 0.7861111111111111 0.275 0.7861111111111111 0.2828125 0.7777777777777778 0.2859375 0.7777777777777778
0 0.5 0.7527777777777778 0.51875 0.7527777777777778 0.53125 0.7777777777777778 0.53125 0.7833333333333333 0.534375 0.7916666666666666 0.534375 0.7972222222222223 0.50625 0.7944444444444444 0.5 0.7694444444444445 0.5 0.7555555555555555
0 0.36875 0.8055555555555556 0.378125 0.8194444444444444 0.3828125 0.8222222222222222 0.3828125 0.8305555555555556 0.3484375 0.8305555555555556 0.346875 0.8333333333333334 0.3453125 0.8305555555555556 0.3265625 0.8305555555555556 0.3234375 0.8277777777777777 0.3265625 0.8194444444444444 0.3609375 0.8027777777777778 0.3671875 0.8055555555555556
0 0.4421875 0.7555555555555555 0.4484375 0.75 0.4625 0.75 0.465625 0.7555555555555555 0.465625 0.7638888888888888 0.4625 0.775 0.4625 0.7888888888888889 0.4515625 0.7944444444444444 0.4375 0.7944444444444444 0.4328125 0.7888888888888889 0.4328125 0.7833333333333333 0.4421875 0.7583333333333333
0 0.7203125 0.7694444444444445 0.73125 0.7694444444444445 0.740625 0.7777777777777778 0.765625 0.7805555555555556 0.7703125 0.7861111111111111 0.775 0.7861111111111111 0.78125 0.7916666666666666 0.7953125 0.7944444444444444 0.803125 0.8027777777777778 0.8125 0.8027777777777778 0.825 0.8083333333333333 0.8390625 0.8194444444444444 0.8375 0.8222222222222222 0.825 0.8222222222222222 0.821875 0.8166666666666667 0.7953125 0.8083333333333333 0.7921875 0.8027777777777778 0.7828125 0.8027777777777778 0.775 0.7972222222222223 0.76875 0.7972222222222223 0.75625 0.7861111111111111 0.7375 0.7833333333333333 0.734375 0.7777777777777778 0.728125 0.7777777777777778 0.7203125 0.7722222222222223
0 0.4640625 0.75 0.465625 0.7527777777777778 0.465625 0.7638888888888888 0.4625 0.7722222222222223 0.4625 0.7888888888888889 0.45 0.7944444444444444 0.4453125 0.8027777777777778 0.45625 0.8166666666666667 0.4609375 0.8166666666666667 0.4734375 0.8305555555555556 0.49375 0.8305555555555556 0.5265625 0.8055555555555556 0.5453125 0.8166666666666667 0.5484375 0.8222222222222222 0.553125 0.8222222222222222 0.55625 0.8277777777777777 0.56875 0.8361111111111111 0.5765625 0.8361111111111111 0.5890625 0.8305555555555556 0.603125 0.8138888888888889 0.615625 0.8138888888888889 0.6578125 0.8388888888888889 0.678125 0.8416666666666667 0.6859375 0.8194444444444444 0.690625 0.8138888888888889 0.69375 0.8138888888888889 0.6953125 0.8166666666666667 0.7046875 0.8166666666666667 0.7078125 0.8222222222222222 0.7125 0.8222222222222222 0.725 0.8305555555555556 0.7328125 0.8305555555555556 0.7359375 0.8361111111111111 0.74375 0.8361111111111111 0.75 0.8472222222222222 0.7484375 0.85 0.7375 0.85 0.7359375 0.8527777777777777 0.7328125 0.85 0.6796875 0.8472222222222222 0.678125 0.8444444444444444 0.6453125 0.8444444444444444 0.64375 0.8416666666666667 0.640625 0.8444444444444444 0.6390625 0.8416666666666667 0.6265625 0.8444444444444444 0.6140625 0.8388888888888889 0.5859375 0.8416666666666667 0.584375 0.8388888888888889 0.55625 0.8388888888888889 0.5546875 0.8361111111111111 0.5265625 0.8361111111111111 0.525 0.8333333333333334 0.496875 0.8361111111111111 0.4890625 0.8305555555555556 0.4859375 0.8333333333333334 0.4671875 0.8333333333333334 0.465625 0.8361111111111111 0.4640625 0.8333333333333334 0.40625 0.8305555555555556 0.3984375 0.825 0.390625 0.825 0.4078125 0.8222222222222222 0.4375 0.8027777777777778 0.4390625 0.8 0.4328125 0.7888888888888889 0.4328125 0.7833333333333333 0.4359375 0.7805555555555556 0.440625 0.7583333333333333 0.4484375 0.75 0.4625 0.75
0 0.315625 0.9305555555555556 0.3171875 0.9333333333333333 0.375 0.9305555555555556 0.3765625 0.9333333333333333 0.4046875 0.9333333333333333 0.40625 0.9361111111111111 0.4109375 0.9333333333333333 0.434375 0.9333333333333333 0.4359375 0.9361111111111111 0.45 0.9361111111111111 0.4515625 0.9333333333333333 0.5203125 0.9361111111111111 0.5234375 0.9333333333333333 0.528125 0.9388888888888889 0.5515625 0.9388888888888889 0.553125 0.9361111111111111 0.5546875 0.9388888888888889 0.58125 0.9388888888888889 0.584375 0.9361111111111111 0.5859375 0.9388888888888889 0.6140625 0.9388888888888889 0.615625 0.9416666666666667 0.64375 0.9416666666666667 0.6453125 0.9444444444444444 0.65 0.9416666666666667 0.6734375 0.9416666666666667 0.675 0.9444444444444444 0.703125 0.9444444444444444 0.7046875 0.9472222222222222 0.7328125 0.9472222222222222 0.734375 0.95 0.7625 0.95 0.7640625 0.9527777777777777 0.7921875 0.9527777777777777 0.79375 0.9555555555555556 0.7984375 0.9527777777777777 0.8171875 0.9527777777777777 0.8234375 0.9583333333333334 0.828125 0.9555555555555556 0.8515625 0.9555555555555556 0.853125 0.9583333333333334 0.88125 0.9583333333333334 0.8828125 0.9611111111111111 0.9109375 0.9611111111111111 0.9125 0.9638888888888889 0.9421875 0.9638888888888889 0.9453125 0.9694444444444444 0.971875 0.9666666666666667 0.9734375 0.9694444444444444 0.9828125 0.9694444444444444 0.9859375 0.9722222222222222 0.9859375 0.9972222222222222 0.971875 0.9972222222222222 0.9703125 0.9944444444444445 0.96875 0.9972222222222222 0.9640625 0.9944444444444445 0.9515625 0.9972222222222222 0.940625 0.9916666666666667 0.9125 0.9944444444444445 0.9109375 0.9916666666666667 0.88125 0.9916666666666667 0.8796875 0.9888888888888889 0.7921875 0.9833333333333333 0.790625 0.9805555555555555 0.7625 0.9805555555555555 0.7609375 0.9777777777777777 0.7328125 0.9777777777777777 0.73125 0.975 0.703125 0.9777777777777777 0.6984375 0.9722222222222222 0.684375 0.9722222222222222 0.6828125 0.975 0.6734375 0.975 0.671875 0.9722222222222222 0.6546875 0.9722222222222222 0.653125 0.975 0.64375 0.975 0.6421875 0.9722222222222222 0.6234375 0.9722222222222222 0.621875 0.975 0.59375 0.9722222222222222 0.5921875 0.975 0.584375 0.975 0.5828125 0.9722222222222222 0.553125 0.9722222222222222 0.5515625 0.9694444444444444 0.540625 0.9694444444444444 0.5390625 0.9722222222222222 0.5234375 0.9722222222222222 0.521875 0.9694444444444444 0.49375 0.9722222222222222 0.4921875 0.9694444444444444 0.4640625 0.9694444444444444 0.4625 0.9666666666666667 0.434375 0.9694444444444444 0.4328125 0.9666666666666667 0.4046875 0.9666666666666667 0.403125 0.9638888888888889 0.390625 0.9638888888888889 0.3890625 0.9666666666666667 0.375 0.9666666666666667 0.3734375 0.9638888888888889 0.365625 0.9638888888888889 0.3640625 0.9666666666666667 0.3609375 0.9638888888888889 0.346875 0.9638888888888889 0.3453125 0.9666666666666667 0.34375 0.9638888888888889 0.3296875 0.9638888888888889 0.328125 0.9666666666666667 0.315625 0.9666666666666667 0.3140625 0.9638888888888889 0.2546875 0.9666666666666667 0.253125 0.9638888888888889 0.2515625 0.9666666666666667 0.2453125 0.9666666666666667 0.24375 0.9638888888888889 0.225 0.9638888888888889 0.2203125 0.9611111111111111 0.225 0.95 0.228125 0.95 0.2390625 0.9361111111111111 0.2453125 0.9333333333333333 0.2546875 0.9333333333333333 0.25625 0.9361111111111111 0.2625 0.9333333333333333 0.284375 0.9333333333333333 0.2859375 0.9361111111111111 0.290625 0.9333333333333333 0.3140625 0.9333333333333333
0 0.7046875 0.8194444444444444 0.7078125 0.825 0.7140625 0.825 0.728125 0.8333333333333334 0.734375 0.8333333333333334 0.7375 0.8388888888888889 0.7421875 0.8388888888888889 0.7484375 0.8444444444444444 0.7453125 0.85 0.734375 0.85 0.7328125 0.8472222222222222 0.684375 0.8472222222222222 0.68125 0.8444444444444444 0.68125 0.8388888888888889 0.6890625 0.8194444444444444 0.703125 0.8194444444444444