0 0.73125 0.8611111111111112 0.7390625 0.8611111111111112 0.7484375 0.8666666666666667 0.759375 0.8666666666666667 0.7765625 0.8888888888888888 0.7875 0.8972222222222223 0.796875 0.9111111111111111 0.8 0.9111111111111111 0.8078125 0.9194444444444444 0.8328125 0.95 0.875 0.9861111111111112 0.8453125 0.9888888888888889 0.83125 0.9722222222222222 0.809375 0.9527777777777777 0.7890625 0.9277777777777778 0.7703125 0.9111111111111111 0.74375 0.8777777777777778 0.740625 0.8777777777777778 0.73125 0.8638888888888889
0 0.6890625 0.7361111111111112 0.690625 0.7388888888888889 0.7 0.7388888888888889 0.7046875 0.7444444444444445 0.715625 0.75 0.734375 0.7666666666666667 0.7375 0.7722222222222223 0.75 0.7777777777777778 0.753125 0.7833333333333333 0.753125 0.7916666666666666 0.75 0.8027777777777778 0.7046875 0.7611111111111111 0.7015625 0.7611111111111111 0.684375 0.7444444444444445 0.68125 0.7444444444444445 0.6828125 0.7361111111111112 0.6875 0.7361111111111112
0 0.3609375 0.7930555555555555 0.05625 0.075
0 0.2328125 0.7861111111111111 0.225 0.8 0.1953125 0.8305555555555556 0.184375 0.8305555555555556 0.1828125 0.8277777777777777 0.1828125 0.8222222222222222 0.19375 0.8055555555555556 0.2140625 0.7888888888888889 0.23125 0.7861111111111111
0 0.4375 0.75 0.440625 0.7583333333333333 0.4328125 0.8083333333333333 0.428125 0.8138888888888889 0.4140625 0.8138888888888889 0.4125 0.8166666666666667 0.403125 0.8166666666666667 0.403125 0.8111111111111111 0.4140625 0.7722222222222223 0.4140625 0.7666666666666667 0.4171875 0.7611111111111111 0.4171875 0.7555555555555555 0.421875 0.75 0.4359375 0.75
0 0.471875 0.7472222222222222 0.490625 0.7472222222222222 0.49375 0.75 0.4953125 0.7666666666666667 0.4984375 0.7777777777777778 0.4984375 0.7888888888888889 0.5015625 0.8 0.4984375 0.8083333333333333 0.4734375 0.8083333333333333 0.471875 0.8055555555555556 0.4734375 0.8 0.471875 0.75
0 0.53125 0.7777777777777778 0.5296875 0.7694444444444445 0.53125 0.7638888888888888 0.553125 0.7611111111111111 0.5609375 0.7805555555555556 0.5609375 0.7861111111111111 0.5671875 0.7916666666666666 0.571875 0.8 0.571875 0.8055555555555556 0.5453125 0.8055555555555556 0.540625 0.7972222222222223 0.540625 0.7916666666666666 0.5453125 0.7861111111111111 0.5328125 0.7777777777777778
0 0.2875 0.7722222222222223 0.2828125 0.7833333333333333 0.240625 0.8305555555555556 0.2328125 0.8444444444444444 0.221875 0.8527777777777777 0.209375 0.8527777777777777 0.2078125 0.8555555555555555 0.2015625 0.8555555555555555 0.2046875 0.8472222222222222 0.2171875 0.8361111111111111 0.2609375 0.7805555555555556 0.271875 0.7722222222222223 0.2859375 0.7722222222222223
0 0.4171875 0.7138888888888889 0.4125 0.7388888888888889 0.40625 0.75 0.3984375 0.75 0.396875 0.7416666666666667 0.4046875 0.725 0.415625 0.7138888888888889
0 0.2625 0.8388888888888889 0.265625 0.8305555555555556 0.29375 0.7972222222222223 0.3109375 0.7694444444444445 0.3171875 0.7694444444444445 0.321875 0.7638888888888888 0.3328125 0.7638888888888888 0.334375 0.7694444444444445 0.3171875 0.7944444444444444 0.3125 0.8055555555555556 0.2984375 0.8222222222222222 0.290625 0.8361111111111111 0.2875 0.8388888888888889 0.2640625 0.8388888888888889
0 0.596875 0.7388888888888889 0.6203125 0.7666666666666667 0.628125 0.7861111111111111 0.6390625 0.7916666666666666 0.6421875 0.7972222222222223 0.6421875 0.8027777777777778 0.6171875 0.8027777777777778 0.6046875 0.7833333333333333 0.6015625 0.7833333333333333 0.5796875 0.7472222222222222 0.5796875 0.7416666666666667 0.5953125 0.7388888888888889
0 0.325 0.9166666666666666 0.3328125 0.9222222222222223 0.3390625 0.9222222222222223 0.3421875 0.9277777777777778 0.3421875 0.9333333333333333 0.3375 0.95 0.325 0.9777777777777777 0.321875 0.9916666666666667 0.31875 0.9972222222222222 0.2875 0.9972222222222222 0.303125 0.9666666666666667 0.31875 0.9277777777777778 0.3203125 0.9194444444444444 0.3234375 0.9166666666666666
0 0.3890625 0.7583333333333333 0.3859375 0.7638888888888888 0.3859375 0.775 0.38125 0.7861111111111111 0.3671875 0.8111111111111111 0.365625 0.8222222222222222 0.359375 0.8277777777777777 0.3328125 0.8277777777777777 0.3296875 0.8194444444444444 0.334375 0.8138888888888889 0.3328125 0.8111111111111111 0.3140625 0.8083333333333333 0.3109375 0.8166666666666667 0.30625 0.8222222222222222 0.303125 0.8222222222222222 0.2953125 0.8361111111111111 0.284375 0.8416666666666667 0.2640625 0.8416666666666667 0.259375 0.8388888888888889 0.259375 0.8333333333333334 0.2671875 0.8277777777777777 0.271875 0.8138888888888889 0.2703125 0.8111111111111111 0.2609375 0.8111111111111111 0.253125 0.8194444444444444 0.2484375 0.8305555555555556 0.2375 0.8361111111111111 0.234375 0.8444444444444444 0.228125 0.85 0.215625 0.8527777777777777 0.2140625 0.8555555555555555 0.1984375 0.8555555555555555 0.1984375 0.85 0.2078125 0.8444444444444444 0.221875 0.8222222222222222 0.2171875 0.8166666666666667 0.2125 0.8166666666666667 0.2078125 0.825 0.203125 0.825 0.19375 0.8361111111111111 0.1828125 0.8388888888888889 0.18125 0.8416666666666667 0.184375 0.8472222222222222 0.1890625 0.8472222222222222 0.1921875 0.8527777777777777 0.1859375 0.8611111111111112 0.1796875 0.8611111111111112 0.178125 0.8638888888888889 0.1640625 0.8638888888888889 0.1609375 0.8611111111111112 0.1609375 0.8472222222222222 0.1625 0.8444444444444444 0.1609375 0.8416666666666667 0.165625 0.8305555555555556 0.153125 0.825 0.1546875 0.8166666666666667 0.1515625 0.8138888888888889 0.1578125 0.8166666666666667 0.1671875 0.8138888888888889 0.1625 0.8166666666666667 0.165625 0.8222222222222222 0.18125 0.8222222222222222 0.1984375 0.7972222222222223 0.20625 0.7972222222222223 0.209375 0.7916666666666666 0.221875 0.7861111111111111 0.23125 0.7861111111111111 0.2328125 0.7833333333333333 0.240625 0.7861111111111111 0.2421875 0.7833333333333333 0.259375 0.7805555555555556 0.2703125 0.7722222222222223 0.2859375 0.7722222222222223 0.2875 0.7694444444444445 0.296875 0.7694444444444445 0.3 0.7722222222222223 0.3015625 0.7694444444444445 0.3125 0.7694444444444445 0.321875 0.7638888888888888 0.334375 0.7638888888888888 0.3375 0.7694444444444445 0.35 0.7666666666666667 0.3484375 0.7694444444444445 0.3515625 0.7722222222222223 0.353125 0.7666666666666667 0.3609375 0.7666666666666667 0.3703125 0.7583333333333333 0.3875 0.7583333333333333
0 0.65 0.7388888888888889 0.6625 0.7472222222222222 0.6703125 0.7611111111111111 0.6796875 0.7666666666666667 0.709375 0.7944444444444444 0.715625 0.8027777777777778 0.7109375 0.8055555555555556 0.6875 0.8027777777777778 0.6828125 0.8 0.675 0.7888888888888889 0.671875 0.7888888888888889 0.6390625 0.75 0.6375 0.7444444444444445 0.640625 0.7388888888888889 0.6484375 0.7388888888888889
0 0.365625 0.8361111111111111 0.3671875 0.8388888888888889 0.365625 0.8472222222222222 0.35625 0.8583333333333333 0.346875 0.8583333333333333 0.3390625 0.8666666666666667 0.3265625 0.8666666666666667 0.3234375 0.8722222222222222 0.3125 0.875 0.3078125 0.8972222222222223 0.303125 0.9027777777777778 0.2984375 0.9 0.296875 0.8888888888888888 0.290625 0.8916666666666667 0.290625 0.9 0.29375 0.9055555555555556 0.290625 0.9111111111111111 0.2921875 0.9194444444444444 0.303125 0.9194444444444444 0.3046875 0.9166666666666666 0.3203125 0.9194444444444444 0.3265625 0.9166666666666666 0.3390625 0.9222222222222223 0.3421875 0.9277777777777778 0.3390625 0.9472222222222222 0.334375 0.9611111111111111 0.3265625 0.975 0.3203125 0.9972222222222222 0.26875 0.9972222222222222 0.2625 0.9944444444444445 0.2625 0.9916666666666667 0.2703125 0.9916666666666667 0.2734375 0.9833333333333333 0.271875 0.9777777777777777 0.275 0.9777777777777777 0.278125 0.9722222222222222 0.2765625 0.9638888888888889 0.26875 0.9555555555555556 0.2703125 0.9527777777777777 0.2734375 0.9555555555555556 0.278125 0.9472222222222222 0.2828125 0.9444444444444444 0.2859375 0.9472222222222222 0.290625 0.9388888888888889 0.29375 0.95 0.296875 0.9444444444444444 0.2953125 0.9416666666666667 0.296875 0.9361111111111111 0.2859375 0.9305555555555556 0.2875 0.9222222222222223 0.28125 0.9166666666666666 0.271875 0.9194444444444444 0.2703125 0.9222222222222223 0.271875 0.9333333333333333 0.2640625 0.9333333333333333 0.253125 0.9527777777777777 0.2375 0.9527777777777777 0.246875 0.9416666666666667 0.2484375 0.9361111111111111 0.2453125 0.9305555555555556 0.2375 0.9305555555555556 0.2359375 0.9388888888888889 0.228125 0.9472222222222222 0.2203125 0.9416666666666667 0.2140625 0.9416666666666667 0.2125 0.9444444444444444 0.2140625 0.95 0.209375 0.9527777777777777 0.2078125 0.9611111111111111 0.2 0.9722222222222222 0.196875 0.9666666666666667 0.19375 0.9666666666666667 0.190625 0.9722222222222222 0.203125 0.9861111111111112 0.1953125 0.9888888888888889 0.1921875 0.9972222222222222 0.1890625 0.9916666666666667 0.1859375 0.9916666666666667 0.184375 0.9972222222222222 0.15 0.9972222222222222 0.15625 0.9861111111111112 0.1546875 0.9833333333333333 0.1625 0.9805555555555555 0.1671875 0.9722222222222222 0.1671875 0.9666666666666667 0.171875 0.9638888888888889 0.175 0.9555555555555556 0.1796875 0.9555555555555556 0.1859375 0.95 0.190625 0.9416666666666667 0.1921875 0.9333333333333333 0.203125 0.9305555555555556 0.2046875 0.9277777777777778 0.203125 0.925 0.196875 0.9277777777777778 0.196875 0.9194444444444444 0.2 0.9111111111111111 0.203125 0.9111111111111111 0.20625 0.9166666666666666 0.209375 0.9166666666666666 0.2109375 0.9111111111111111 0.2125 0.9138888888888889 0.215625 0.9083333333333333 0.215625 0.9027777777777778 0.21875 0.9027777777777778 0.221875 0.8944444444444445 0.228125 0.8916666666666667 0.2328125 0.8833333333333333 0.2421875 0.875 0.2515625 0.8583333333333333 0.2578125 0.8527777777777777 0.2828125 0.85 0.284375 0.8472222222222222 0.3015625 0.8472222222222222 0.303125 0.8444444444444444 0.3203125 0.8444444444444444 0.3234375 0.8388888888888889 0.3421875 0.8388888888888889 0.34375 0.8361111111111111 0.3546875 0.8388888888888889 0.35625 0.8361111111111111 0.3640625 0.8361111111111111