0 0.6296875 0.8611111111111112 0.6484375 0.8861111111111111 0.653125 0.8972222222222223 0.659375 0.9027777777777778 0.66875 0.9222222222222223 0.6734375 0.925 0.7015625 0.9777777777777777 0.6890625 0.9777777777777777 0.678125 0.9611111111111111 0.625 0.8666666666666667 0.628125 0.8611111111111112
0 0.8765625 0.8416666666666667 0.8953125 0.8472222222222222 0.9 0.8527777777777777 0.89375 0.8555555555555555 0.8796875 0.8527777777777777 0.8765625 0.8444444444444444
0 0.275 0.7805555555555556 0.28125 0.7833333333333333 0.2796875 0.7888888888888889 0.2609375 0.8 0.25625 0.8 0.246875 0.8083333333333333 0.2375 0.8083333333333333 0.2359375 0.8 0.2390625 0.7944444444444444 0.25 0.7861111111111111 0.2625 0.7861111111111111 0.265625 0.7805555555555556 0.2734375 0.7805555555555556
0 0.4140625 0.6888888888888889 0.4390625 0.6583333333333333 0.440625 0.6611111111111111 0.434375 0.6694444444444444 0.428125 0.6861111111111111 0.425 0.6861111111111111 0.4171875 0.6944444444444444 0.4 0.7277777777777777 0.3921875 0.7361111111111112 0.365625 0.7833333333333333 0.3578125 0.7916666666666666 0.321875 0.8555555555555555 0.3125 0.8666666666666667 0.2828125 0.9138888888888889 0.275 0.9305555555555556 0.265625 0.9416666666666667 0.24375 0.9833333333333333 0.234375 0.9972222222222222 0.2171875 0.9972222222222222 0.234375 0.9722222222222222 0.2578125 0.9305555555555556 0.265625 0.9222222222222223 0.271875 0.9083333333333333 0.28125 0.8972222222222223 0.2859375 0.8861111111111111 0.2953125 0.875 0.3 0.8638888888888889 0.3140625 0.8472222222222222 0.3328125 0.8138888888888889 0.3484375 0.7944444444444444 0.35625 0.7777777777777778 0.378125 0.7472222222222222 0.384375 0.7333333333333333 0.396875 0.7194444444444444 0.4015625 0.7083333333333334 0.4140625 0.6916666666666667
0 0.221875 0.7222222222222222 0.2171875 0.7277777777777777 0.20625 0.7305555555555555 0.2015625 0.7361111111111112 0.190625 0.7361111111111112 0.190625 0.7333333333333333 0.2046875 0.7277777777777777 0.209375 0.7222222222222222 0.2203125 0.7222222222222222
0 0.1484375 0.8916666666666667 0.1421875 0.9027777777777778 0.121875 0.9166666666666666 0.1171875 0.925 0.1 0.9361111111111111 0.09375 0.9333333333333333 0.09375 0.9277777777777778 0.1359375 0.8916666666666667 0.146875 0.8916666666666667
0 0.934375 0.7611111111111111 0.9484375 0.7694444444444445 0.9578125 0.7694444444444445 0.978125 0.7805555555555556 0.9859375 0.7805555555555556 0.9875 0.7888888888888889 0.984375 0.7888888888888889 0.98125 0.7944444444444444 0.9640625 0.7888888888888889 0.9578125 0.7833333333333333 0.953125 0.7861111111111111 0.921875 0.7722222222222223 0.9203125 0.7694444444444445 0.9234375 0.7583333333333333 0.9328125 0.7611111111111111
0 0.25078125 0.8 0.028125 0.022222222222222223
0 0.990625 0.7083333333333334 0.9984375 0.725 0.996875 0.7277777777777777 0.971875 0.725 0.9703125 0.7222222222222222 0.946875 0.7222222222222222 0.940625 0.7111111111111111 0.9421875 0.7055555555555556 0.9625 0.7055555555555556 0.9640625 0.7083333333333334 0.975 0.7083333333333334 0.9765625 0.7055555555555556 0.984375 0.7083333333333334 0.9875 0.7055555555555556 0.9890625 0.7083333333333334
0 0.6234375 0.8638888888888889 0.63125 0.8611111111111112 0.6390625 0.8694444444444445 0.66875 0.9194444444444444 0.675 0.925 0.68125 0.9416666666666667 0.6875 0.9472222222222222 0.703125 0.9777777777777777 0.6953125 0.9777777777777777 0.69375 0.9805555555555555 0.6875 0.9777777777777777 0.6609375 0.9305555555555556 0.646875 0.9111111111111111 0.6234375 0.8666666666666667
0 0.6296875 0.8611111111111112 0.6359375 0.8694444444444445 0.6390625 0.8694444444444445 0.6546875 0.8972222222222223 0.6703125 0.9194444444444444 0.6828125 0.9444444444444444 0.6875 0.9472222222222222 0.7015625 0.9722222222222222 0.703125 0.9777777777777777 0.6953125 0.9777777777777777 0.69375 0.9805555555555555 0.6875 0.9777777777777777 0.6609375 0.9305555555555556 0.640625 0.9 0.634375 0.8833333333333333 0.6234375 0.8666666666666667 0.6234375 0.8638888888888889 0.628125 0.8611111111111112
0 0.440625 0.6777777777777778 0.4421875 0.6861111111111111 0.440625 0.6916666666666667 0.4296875 0.7111111111111111 0.4296875 0.7166666666666667 0.4234375 0.7277777777777777 0.396875 0.8027777777777778 0.390625 0.8138888888888889 0.3828125 0.8416666666666667 0.3703125 0.8722222222222222 0.3640625 0.8805555555555555 0.3625 0.8944444444444445 0.3578125 0.9055555555555556 0.353125 0.9083333333333333 0.3546875 0.9111111111111111 0.353125 0.9166666666666666 0.3515625 0.9138888888888889 0.3484375 0.9166666666666666 0.35 0.925 0.3453125 0.9222222222222223 0.3390625 0.9305555555555556 0.340625 0.9333333333333333 0.3390625 0.9416666666666667 0.334375 0.9444444444444444 0.340625 0.9472222222222222 0.3421875 0.9527777777777777 0.3375 0.9555555555555556 0.33125 0.9527777777777777 0.3265625 0.9611111111111111 0.3265625 0.9694444444444444 0.33125 0.9722222222222222 0.33125 0.975 0.328125 0.9777777777777777 0.328125 0.9861111111111112 0.3234375 0.9972222222222222 0.31875 0.9944444444444445 0.3171875 0.9972222222222222 0.284375 0.9972222222222222 0.2859375 0.9888888888888889 0.2890625 0.9861111111111112 0.30625 0.9472222222222222 0.3140625 0.9361111111111111 0.3421875 0.8805555555555555 0.3453125 0.8694444444444445 0.35625 0.85 0.3609375 0.8333333333333334 0.3828125 0.7916666666666666 0.39375 0.7666666666666667 0.39375 0.7611111111111111 0.4109375 0.7305555555555555 0.4203125 0.7055555555555556 0.4296875 0.6916666666666667 0.434375 0.6777777777777778 0.4390625 0.6777777777777778
0 0.5125 0.6666666666666666 0.515625 0.6666666666666666 0.5625 0.7444444444444445 0.5625 0.75 0.55625 0.75 0.5421875 0.7222222222222222 0.5265625 0.7 0.5125 0.6694444444444444
0 0.378125 0.6611111111111111 0.378125 0.6638888888888889 0.371875 0.6638888888888889 0.3671875 0.6694444444444444 0.3546875 0.675 0.3453125 0.6861111111111111 0.321875 0.7 0.3125 0.7111111111111111 0.2875 0.725 0.2796875 0.7333333333333333 0.2703125 0.7361111111111112 0.2453125 0.7555555555555555 0.2390625 0.7555555555555555 0.2359375 0.7611111111111111 0.2109375 0.775 0.1953125 0.7888888888888889 0.178125 0.7972222222222223 0.175 0.8027777777777778 0.1609375 0.8083333333333333 0.153125 0.8166666666666667 0.15 0.8166666666666667 0.146875 0.8222222222222222 0.121875 0.8333333333333334 0.1046875 0.8472222222222222 0.0921875 0.8527777777777777 0.0765625 0.8666666666666667 0.0609375 0.8722222222222222 0.0546875 0.8805555555555555 0.0296875 0.8916666666666667 0.0140625 0.9055555555555556 0.0125 0.9055555555555556 0.0125 0.8944444444444445 0.0171875 0.8888888888888888 0.0109375 0.8833333333333333 0.0109375 0.8777777777777778 0.025 0.8722222222222222 0.03125 0.8638888888888889 0.046875 0.8583333333333333 0.05625 0.8527777777777777 0.059375 0.8472222222222222 0.071875 0.8444444444444444 0.0859375 0.8361111111111111 0.09375 0.8277777777777777 0.1109375 0.8222222222222222 0.1234375 0.8111111111111111 0.1375 0.8083333333333333 0.1515625 0.7944444444444444 0.1671875 0.7916666666666666 0.178125 0.7777777777777778 0.18125 0.7777777777777778 0.1859375 0.7722222222222223 0.2015625 0.7666666666666667 0.20625 0.7611111111111111 0.2296875 0.7472222222222222 0.234375 0.7472222222222222 0.2375 0.7416666666666667 0.2421875 0.7416666666666667 0.25625 0.7305555555555555 0.2625 0.7305555555555555 0.265625 0.725 0.2703125 0.725 0.284375 0.7138888888888889 0.290625 0.7138888888888889 0.303125 0.7027777777777777 0.3203125 0.6972222222222222 0.3265625 0.6888888888888889 0.3375 0.6861111111111111 0.34375 0.6777777777777778 0.3515625 0.675 0.3546875 0.6694444444444444 0.359375 0.6694444444444444 0.3640625 0.6638888888888889 0.3734375 0.6638888888888889 0.3765625 0.6611111111111111