0 0.5453125 0.7416666666666667 0.553125 0.7444444444444445 0.5640625 0.7666666666666667 0.5625 0.7694444444444445 0.55625 0.7666666666666667 0.5453125 0.7444444444444445
0 0.628125 0.8888888888888888 0.6375 0.8888888888888888 0.6453125 0.8972222222222223 0.65 0.9083333333333333 0.7015625 0.9916666666666667 0.6828125 0.9916666666666667 0.6765625 0.9833333333333333 0.63125 0.9027777777777778 0.628125 0.8916666666666667
0 0.50625 0.6722222222222223 0.5109375 0.675 0.5109375 0.6805555555555556 0.5078125 0.6805555555555556 0.50625 0.675
0 0.025 0.7694444444444445 0.0265625 0.7638888888888888 0.03125 0.7611111111111111 0.0484375 0.7583333333333333 0.053125 0.7527777777777778 0.065625 0.75 0.0671875 0.7472222222222222 0.075 0.7472222222222222 0.075 0.75 0.0609375 0.7555555555555555 0.0515625 0.7638888888888888 0.0265625 0.7694444444444445
0 0.4421875 0.7027777777777777 0.4390625 0.7138888888888889 0.4359375 0.7138888888888889 0.4359375 0.7083333333333334 0.440625 0.7027777777777777
0 0.4703125 0.6805555555555556 0.4734375 0.6777777777777778 0.484375 0.6805555555555556 0.4796875 0.6916666666666667 0.4734375 0.6833333333333333 0.4703125 0.6833333333333333
0 0.18515625 0.7111111111111111 0.028125 0.013888888888888888
0 0.38125 0.6916666666666667 0.3828125 0.6861111111111111 0.3875 0.6833333333333333 0.3890625 0.6861111111111111 0.3859375 0.6916666666666667 0.3828125 0.6916666666666667
0 0.065625 0.9972222222222222 0.1171875 0.95 0.125 0.95 0.121875 0.9583333333333334 0.084375 0.9972222222222222 0.0671875 0.9972222222222222
0 0.3078125 0.7638888888888888 0.309375 0.7638888888888888 0.30625 0.7694444444444445 0.2828125 0.7916666666666666 0.2796875 0.7916666666666666 0.2796875 0.7861111111111111 0.2875 0.7805555555555556 0.3015625 0.7638888888888888 0.30625 0.7638888888888888
0 0.52421875 0.7013888888888888 0.009375 0.016666666666666666
0 0.44765625 0.6819444444444445 0.0046875 0.011111111111111112
0 0.4296875 0.75 0.43125 0.7527777777777778 0.4265625 0.7722222222222223 0.4203125 0.7805555555555556 0.4171875 0.775 0.4234375 0.7555555555555555 0.428125 0.75
0 0.5484375 0.6722222222222223 0.553125 0.675 0.553125 0.6777777777777778 0.54375 0.6777777777777778 0.5375 0.6861111111111111 0.53125 0.6805555555555556 0.53125 0.675 0.546875 0.6722222222222223
0 0.353125 0.7222222222222222 0.3515625 0.7166666666666667 0.35625 0.7111111111111111 0.3609375 0.7111111111111111 0.3609375 0.7138888888888889 0.3546875 0.7194444444444444
0 0.38125 0.9111111111111111 0.3890625 0.9111111111111111 0.3875 0.9277777777777778 0.36875 0.9972222222222222 0.353125 0.9972222222222222 0.375 0.925 0.38125 0.9138888888888889