0 0.45 0.7166666666666667 0.4578125 0.7138888888888889 0.4578125 0.7194444444444444 0.4546875 0.7222222222222222 0.45 0.7222222222222222 0.45 0.7194444444444444
0 0.625 0.7833333333333333 0.63125 0.7833333333333333 0.6796875 0.825 0.678125 0.8305555555555556 0.6734375 0.8305555555555556 0.6421875 0.8027777777777778 0.6359375 0.8 0.625 0.7861111111111111
0 0.228125 0.75 0.25 0.7444444444444445 0.2515625 0.7416666666666667 0.271875 0.7416666666666667 0.2734375 0.7444444444444445 0.2484375 0.7555555555555555 0.2421875 0.7555555555555555 0.240625 0.7583333333333333 0.23125 0.7583333333333333 0.228125 0.7527777777777778
0 0.409375 0.7694444444444445 0.409375 0.775 0.403125 0.7861111111111111 0.3953125 0.7944444444444444 0.3765625 0.825 0.36875 0.8305555555555556 0.3625 0.8305555555555556 0.3609375 0.825 0.38125 0.8027777777777778 0.4 0.775 0.4078125 0.7694444444444445
0 0.54375 0.7138888888888889 0.5484375 0.7138888888888889 0.5609375 0.7277777777777777 0.5609375 0.7305555555555555 0.55625 0.7305555555555555 0.54375 0.7166666666666667
0 0.7890625 0.9333333333333333 0.790625 0.9305555555555556 0.8046875 0.9305555555555556 0.8125 0.9388888888888889 0.83125 0.95 0.865625 0.9833333333333333 0.8765625 0.9888888888888889 0.88125 0.9972222222222222 0.85625 0.9972222222222222 0.790625 0.9361111111111111
0 0.503125 0.7305555555555555 0.509375 0.7333333333333333 0.5125 0.7555555555555555 0.5125 0.7583333333333333 0.5078125 0.7583333333333333 0.503125 0.7333333333333333
0 0.275 0.9638888888888889 0.2765625 0.9694444444444444 0.2578125 0.9972222222222222 0.23125 0.9972222222222222 0.23125 0.9944444444444445 0.2609375 0.9611111111111111 0.2734375 0.9638888888888889
0 0.4421875 0.7305555555555555 0.4421875 0.7361111111111112 0.4328125 0.7444444444444445 0.4296875 0.7444444444444445 0.428125 0.7388888888888889 0.440625 0.7305555555555555
0 0.584375 0.7416666666666667 0.590625 0.7527777777777778 0.584375 0.7527777777777778 0.575 0.7444444444444445 0.5734375 0.7416666666666667 0.575 0.7361111111111112 0.5828125 0.7416666666666667
0 0.3328125 0.7527777777777778 0.340625 0.7444444444444445 0.3453125 0.7444444444444445 0.36875 0.7305555555555555 0.3859375 0.7305555555555555 0.3875 0.7333333333333333 0.3734375 0.7361111111111112 0.3484375 0.7472222222222222 0.3421875 0.7527777777777778 0.334375 0.7527777777777778