0 0.70625 0.7416666666666667 0.7140625 0.7388888888888889 0.71875 0.7444444444444445 0.7328125 0.75 0.7453125 0.7611111111111111 0.7546875 0.7638888888888888 0.7640625 0.775 0.7640625 0.7777777777777778 0.7578125 0.7777777777777778 0.75 0.7694444444444445 0.74375 0.7694444444444445 0.7359375 0.7611111111111111 0.73125 0.7583333333333333 0.7296875 0.7611111111111111 0.721875 0.7527777777777778 0.70625 0.7444444444444445
0 0.715625 0.6722222222222223 0.725 0.6722222222222223 0.7265625 0.675 0.73125 0.6722222222222223 0.734375 0.675 0.734375 0.6777777777777778 0.728125 0.6805555555555556 0.7234375 0.6805555555555556 0.7171875 0.675
0 0.284375 0.7611111111111111 0.290625 0.7555555555555555 0.2984375 0.7555555555555555 0.2953125 0.7638888888888888 0.290625 0.7666666666666667 0.284375 0.7638888888888888
0 0.3859375 0.7194444444444444 0.409375 0.6861111111111111 0.415625 0.6833333333333333 0.4171875 0.6888888888888889 0.409375 0.6944444444444444 0.3875 0.7333333333333333 0.359375 0.7722222222222223 0.35 0.7916666666666666 0.334375 0.8111111111111111 0.3296875 0.8222222222222222 0.321875 0.8277777777777777 0.3171875 0.8388888888888889 0.3109375 0.8444444444444444 0.290625 0.8805555555555555 0.2828125 0.8888888888888888 0.2703125 0.9111111111111111 0.253125 0.9333333333333333 0.2484375 0.9444444444444444 0.24375 0.9472222222222222 0.2296875 0.9722222222222222 0.2234375 0.9777777777777777 0.2125 0.9972222222222222 0.196875 0.9972222222222222 0.2 0.9888888888888889 0.2046875 0.9861111111111112 0.2171875 0.9638888888888889 0.2234375 0.9583333333333334 0.2390625 0.9333333333333333 0.24375 0.9305555555555556 0.246875 0.9222222222222223 0.2640625 0.9 0.2765625 0.8777777777777778 0.2828125 0.8722222222222222 0.2859375 0.8638888888888889 0.3 0.8472222222222222 0.3046875 0.8361111111111111 0.3140625 0.8277777777777777 0.315625 0.8222222222222222 0.33125 0.8027777777777778 0.34375 0.7805555555555556 0.35 0.775 0.3546875 0.7638888888888888 0.359375 0.7611111111111111 0.36875 0.7444444444444445 0.3859375 0.7222222222222222
0 0.5265625 0.6972222222222222 0.53125 0.7055555555555556 0.5296875 0.7111111111111111 0.521875 0.7 0.521875 0.6972222222222222 0.525 0.6972222222222222
0 0.1484375 0.7444444444444445 0.1328125 0.7555555555555555 0.1234375 0.7555555555555555 0.121875 0.7583333333333333 0.1171875 0.7583333333333333 0.121875 0.75 0.146875 0.7444444444444445
0 0.825 0.7138888888888889 0.840625 0.7138888888888889 0.853125 0.7222222222222222 0.8546875 0.7194444444444444 0.8609375 0.7222222222222222 0.859375 0.7277777777777777 0.8484375 0.7277777777777777 0.840625 0.7222222222222222 0.83125 0.7222222222222222 0.825 0.7166666666666667
0 0.7890625 0.6944444444444444 0.8 0.7027777777777777 0.8015625 0.7 0.8078125 0.7027777777777777 0.80625 0.7083333333333334 0.79375 0.7083333333333334 0.7859375 0.7027777777777777 0.7796875 0.7027777777777777 0.7765625 0.6972222222222222 0.7875 0.6944444444444444
0 0.090625 0.9472222222222222 0.0890625 0.9527777777777777 0.065625 0.975 0.0578125 0.9777777777777777 0.053125 0.9861111111111112 0.0390625 0.9972222222222222 0.021875 0.9972222222222222 0.0234375 0.9944444444444445 0.0515625 0.9722222222222222 0.0609375 0.9611111111111111 0.06875 0.9583333333333334 0.0734375 0.95 0.0890625 0.9472222222222222
0 0.2078125 0.7361111111111112 0.21875 0.7277777777777777 0.225 0.7277777777777777 0.228125 0.7222222222222222 0.23125 0.725 0.23125 0.7277777777777777 0.228125 0.7277777777777777 0.2234375 0.7333333333333333 0.2078125 0.7388888888888889
0 0.3359375 0.7166666666666667 0.3375 0.7194444444444444 0.3328125 0.7277777777777777 0.3296875 0.7277777777777777 0.3296875 0.7222222222222222 0.334375 0.7194444444444444
0 0.328125 0.6888888888888889 0.33125 0.6888888888888889 0.3234375 0.7 0.3171875 0.7027777777777777 0.315625 0.7083333333333334 0.3078125 0.7111111111111111 0.2953125 0.7222222222222222 0.2859375 0.725 0.275 0.7361111111111112 0.2671875 0.7388888888888889 0.2625 0.7472222222222222 0.2484375 0.7527777777777778 0.2390625 0.7638888888888888 0.2296875 0.7666666666666667 0.2265625 0.7722222222222223 0.2140625 0.7777777777777778 0.2109375 0.7833333333333333 0.1984375 0.7888888888888889 0.1875 0.8 0.1765625 0.8027777777777778 0.1703125 0.8111111111111111 0.1625 0.8138888888888889 0.1546875 0.8222222222222222 0.15 0.8222222222222222 0.1453125 0.8277777777777777 0.1421875 0.8277777777777777 0.1390625 0.8333333333333334 0.1265625 0.8388888888888889 0.115625 0.85 0.10625 0.8527777777777777 0.103125 0.8583333333333333 0.0984375 0.8583333333333333 0.09375 0.8638888888888889 0.090625 0.8638888888888889 0.0875 0.8694444444444445 0.0734375 0.875 0.0703125 0.8805555555555555 0.053125 0.8888888888888888 0.05 0.8944444444444445 0.0375 0.9 0.034375 0.9055555555555556 0.03125 0.9055555555555556 0.0265625 0.9111111111111111 0.01875 0.9138888888888889 0.0171875 0.8888888888888888 0.0234375 0.8833333333333333 0.0328125 0.8805555555555555 0.0359375 0.875 0.046875 0.8722222222222222 0.0546875 0.8638888888888889 0.06875 0.8583333333333333 0.0703125 0.8527777777777777 0.084375 0.8472222222222222 0.0875 0.8416666666666667 0.1015625 0.8361111111111111 0.1046875 0.8305555555555556 0.11875 0.825 0.125 0.8166666666666667 0.13125 0.8166666666666667 0.14375 0.8055555555555556 0.1484375 0.8055555555555556 0.165625 0.7916666666666666 0.175 0.7888888888888889 0.178125 0.7833333333333333 0.1875 0.7805555555555556 0.19375 0.7722222222222223 0.2046875 0.7694444444444445 0.2125 0.7611111111111111 0.2265625 0.7555555555555555 0.2296875 0.75 0.2453125 0.7444444444444445 0.246875 0.7388888888888889 0.25625 0.7361111111111112 0.2640625 0.7277777777777777 0.2703125 0.7277777777777777 0.284375 0.7138888888888889 0.2984375 0.7111111111111111 0.3 0.7055555555555556 0.3125 0.7 0.321875 0.6916666666666667 0.3265625 0.6916666666666667
0 0.825 0.7138888888888889 0.840625 0.7138888888888889 0.853125 0.7222222222222222 0.85625 0.7194444444444444 0.8625 0.725 0.853125 0.7305555555555555 0.840625 0.7222222222222222 0.83125 0.7222222222222222 0.825 0.7166666666666667
0 0.234375 0.8111111111111111 0.2359375 0.8138888888888889 0.2328125 0.8194444444444444 0.2234375 0.8305555555555556 0.215625 0.8333333333333334 0.2125 0.8388888888888889 0.2046875 0.8388888888888889 0.209375 0.8277777777777777 0.21875 0.8194444444444444 0.228125 0.8166666666666667 0.2328125 0.8111111111111111
0 0.121875 0.7833333333333333 0.121875 0.7888888888888889 0.11875 0.7916666666666666 0.0875 0.8055555555555556 0.0796875 0.8138888888888889 0.071875 0.8138888888888889 0.06875 0.8194444444444444 0.0578125 0.8194444444444444 0.0671875 0.8138888888888889 0.0703125 0.8083333333333333 0.08125 0.8055555555555556 0.090625 0.7972222222222223 0.103125 0.7944444444444444 0.10625 0.7888888888888889 0.1203125 0.7861111111111111
0 0.7046875 0.6583333333333333 0.709375 0.6611111111111111 0.70625 0.6666666666666666 0.7 0.6666666666666666 0.6984375 0.6638888888888889 0.6921875 0.6666666666666666 0.6890625 0.6611111111111111 0.6921875 0.6583333333333333 0.703125 0.6583333333333333
0 0.625 0.6833333333333333 0.634375 0.6944444444444444 0.6375 0.6944444444444444 0.6375 0.6972222222222222 0.6328125 0.6972222222222222 0.6171875 0.6861111111111111 0.6234375 0.6833333333333333
0 0.55625 0.7555555555555555 0.575 0.7861111111111111 0.5765625 0.7944444444444444 0.5703125 0.7972222222222223 0.5515625 0.7611111111111111 0.5546875 0.7555555555555555
0 0.7484375 0.6805555555555556 0.75 0.6833333333333333 0.7625 0.6861111111111111 0.765625 0.6916666666666667 0.759375 0.6944444444444444 0.753125 0.6888888888888889 0.7453125 0.6888888888888889 0.74375 0.6861111111111111 0.746875 0.6833333333333333