0 0.1703125 0.8027777777777778 0.1734375 0.8027777777777778 0.1703125 0.8055555555555556 0.140625 0.8166666666666667 0.1234375 0.8277777777777777 0.10625 0.8333333333333334 0.0953125 0.8416666666666667 0.0765625 0.8472222222222222 0.059375 0.8583333333333333 0.021875 0.875 0.015625 0.875 0.003125 0.8833333333333333 0 0.8833333333333333 0 0.8638888888888889 0.0046875 0.8611111111111112 0.0109375 0.8611111111111112 0.0296875 0.85 0.0359375 0.85 0.0625 0.8361111111111111 0.06875 0.8361111111111111 0.0796875 0.8277777777777777 0.0921875 0.825 0.11875 0.8111111111111111 0.16875 0.8027777777777778
0 0.4734375 0.7833333333333333 0.496875 0.7805555555555556 0.503125 0.7833333333333333 0.50625 0.7888888888888889 0.5109375 0.8138888888888889 0.5109375 0.8277777777777777 0.515625 0.8527777777777777 0.515625 0.8666666666666667 0.51875 0.8777777777777778 0.51875 0.8888888888888888 0.5234375 0.9083333333333333 0.5234375 0.9194444444444444 0.521875 0.9222222222222223 0.4984375 0.9222222222222223 0.496875 0.925 0.4921875 0.9222222222222223 0.4859375 0.925 0.465625 0.925 0.4625 0.9222222222222223 0.4609375 0.9083333333333333 0.4625 0.9055555555555556 0.4625 0.8888888888888888 0.465625 0.8666666666666667 0.465625 0.8444444444444444 0.4671875 0.8416666666666667 0.4671875 0.8305555555555556 0.4734375 0.7861111111111111
0 0.8421875 0.9388888888888889 0.8453125 0.9361111111111111 0.8609375 0.9388888888888889 0.8890625 0.9638888888888889 0.8921875 0.9638888888888889 0.8953125 0.9694444444444444 0.8984375 0.9694444444444444 0.9328125 0.9972222222222222 0.8765625 0.9972222222222222 0.8640625 0.9611111111111111 0.8421875 0.9416666666666667
0 0.7171875 0.7888888888888889 0.71875 0.7861111111111111 0.7484375 0.7861111111111111 0.75 0.7888888888888889 0.7578125 0.7888888888888889 0.7640625 0.7944444444444444 0.7703125 0.7944444444444444 0.784375 0.8055555555555556 0.8171875 0.8194444444444444 0.8609375 0.8444444444444444 0.884375 0.8527777777777777 0.896875 0.8638888888888889 0.9140625 0.8722222222222222 0.91875 0.8777777777777778 0.9234375 0.8777777777777778 0.928125 0.8833333333333333 0.959375 0.8972222222222223 0.9640625 0.9027777777777778 0.9828125 0.9138888888888889 0.9890625 0.9138888888888889 0.99375 0.9194444444444444 0.9921875 0.9222222222222223 0.934375 0.9194444444444444 0.8796875 0.8861111111111111 0.8734375 0.8777777777777778 0.8625 0.875 0.8578125 0.8694444444444445 0.8390625 0.8611111111111112 0.8328125 0.8527777777777777 0.825 0.85 0.8203125 0.8416666666666667 0.8078125 0.8416666666666667 0.71875 0.7888888888888889
0 0.3046875 0.9666666666666667 0.3109375 0.9972222222222222 0.2609375 0.9972222222222222 0.2609375 0.9944444444444445 0.2734375 0.9833333333333333 0.278125 0.9833333333333333 0.2953125 0.9666666666666667 0.303125 0.9666666666666667
0 0.0734375 0.9972222222222222 0.084375 0.9861111111111112 0.1078125 0.975 0.115625 0.975 0.1125 0.9972222222222222 0.075 0.9972222222222222
0 0.3046875 0.9666666666666667 0.3109375 0.9972222222222222 0.2609375 0.9972222222222222 0.2640625 0.9916666666666667 0.278125 0.9833333333333333 0.290625 0.9694444444444444 0.303125 0.9666666666666667
0 0.3796875 0.8166666666666667 0.3828125 0.8 0.390625 0.7861111111111111 0.4046875 0.7861111111111111 0.40625 0.7833333333333333 0.4125 0.7861111111111111 0.415625 0.8027777777777778 0.4015625 0.8333333333333334 0.396875 0.85 0.3921875 0.8527777777777777 0.390625 0.8583333333333333 0.38125 0.8638888888888889 0.3765625 0.8722222222222222 0.375 0.8805555555555555 0.3765625 0.8888888888888888 0.375 0.8944444444444445 0.3625 0.9194444444444444 0.3578125 0.9222222222222223 0.353125 0.9194444444444444 0.303125 0.9194444444444444 0.3015625 0.9166666666666666 0.303125 0.9083333333333333 0.328125 0.875 0.3296875 0.8694444444444445 0.3484375 0.8416666666666667 0.3609375 0.8277777777777777 0.3640625 0.8305555555555556 0.3625 0.8333333333333334 0.3625 0.8472222222222222 0.3703125 0.8583333333333333 0.3796875 0.8583333333333333 0.3875 0.85 0.390625 0.8444444444444444 0.38125 0.8305555555555556 0.3796875 0.825 0.38125 0.8194444444444444
0 0.3265625 0.7861111111111111 0.328125 0.7888888888888889 0.3296875 0.7861111111111111 0.340625 0.7888888888888889 0.33125 0.8 0.31875 0.8083333333333333 0.2984375 0.8305555555555556 0.2625 0.8611111111111112 0.259375 0.8666666666666667 0.253125 0.8694444444444445 0.2421875 0.8833333333333333 0.209375 0.9111111111111111 0.203125 0.9194444444444444 0.190625 0.9222222222222223 0.1890625 0.925 0.1390625 0.925 0.14375 0.9166666666666666 0.1546875 0.9111111111111111 0.1796875 0.8888888888888888 0.2015625 0.875 0.2046875 0.8694444444444445 0.21875 0.8611111111111112 0.2578125 0.8277777777777777 0.2734375 0.8194444444444444 0.2875 0.8055555555555556 0.3125 0.7888888888888889 0.325 0.7861111111111111
0 0.584375 0.7833333333333333 0.5921875 0.7916666666666666 0.6140625 0.825 0.678125 0.9027777777777778 0.6828125 0.9111111111111111 0.68125 0.9166666666666666 0.621875 0.9166666666666666 0.5546875 0.7888888888888889 0.55625 0.7833333333333333 0.5828125 0.7833333333333333
0 0 0.9166666666666666 0.0375 0.9 0.05625 0.8888888888888888 0.0609375 0.8833333333333333 0.065625 0.8833333333333333 0.0921875 0.8666666666666667 0.1078125 0.8611111111111112 0.196875 0.8083333333333333 0.2078125 0.8055555555555556 0.2203125 0.7972222222222223 0.246875 0.7944444444444444 0.2484375 0.7916666666666666 0.2515625 0.7944444444444444 0.2328125 0.8083333333333333 0.2203125 0.8138888888888889 0.215625 0.8194444444444444 0.19375 0.8305555555555556 0.1640625 0.8527777777777777 0.159375 0.8527777777777777 0.1453125 0.8638888888888889 0.1234375 0.875 0.11875 0.8805555555555555 0.109375 0.8833333333333333 0.0953125 0.8944444444444445 0.08125 0.9 0.0765625 0.9055555555555556 0.0578125 0.9138888888888889 0.046875 0.9222222222222223 0.0421875 0.9222222222222223 0.0359375 0.9277777777777778 0.0296875 0.9277777777777778 0.028125 0.9305555555555556 0 0.9305555555555556 0 0.9194444444444444
0 0.640625 0.7833333333333333 0.659375 0.7833333333333333 0.6609375 0.7861111111111111 0.66875 0.7861111111111111 0.6703125 0.7833333333333333 0.6796875 0.7888888888888889 0.6953125 0.7916666666666666 0.7 0.8 0.7109375 0.7972222222222223 0.7140625 0.7861111111111111 0.7515625 0.7861111111111111 0.7625 0.7916666666666666 0.775 0.7916666666666666 0.778125 0.8 0.7859375 0.7972222222222223 0.7890625 0.7833333333333333 0.80625 0.7833333333333333 0.8078125 0.7861111111111111 0.81875 0.7861111111111111 0.8265625 0.7916666666666666 0.834375 0.7916666666666666 0.8421875 0.8 0.8609375 0.8027777777777778 0.8734375 0.8138888888888889 0.8953125 0.8166666666666667 0.9078125 0.825 0.928125 0.8305555555555556 0.94375 0.8416666666666667 0.9609375 0.8444444444444444 0.9703125 0.85 0.975 0.8583333333333333 0.971875 0.8611111111111112 0.971875 0.8666666666666667 0.9609375 0.8666666666666667 0.959375 0.8638888888888889 0.9515625 0.8638888888888889 0.9453125 0.8583333333333333 0.9421875 0.8611111111111112 0.9390625 0.8555555555555555 0.9328125 0.8555555555555555 0.93125 0.8583333333333333 0.9171875 0.8444444444444444 0.8984375 0.8388888888888889 0.8890625 0.8305555555555556 0.8859375 0.8333333333333334 0.8828125 0.8277777777777777 0.8703125 0.825 0.865625 0.8194444444444444 0.85625 0.8194444444444444 0.8546875 0.825 0.8578125 0.8305555555555556 0.8609375 0.8305555555555556 0.865625 0.8416666666666667 0.875 0.85 0.8859375 0.8472222222222222 0.8875 0.8555555555555555 0.8921875 0.8555555555555555 0.896875 0.8611111111111112 0.9 0.8611111111111112 0.903125 0.8666666666666667 0.9140625 0.8694444444444445 0.9171875 0.875 0.925 0.875 0.9265625 0.8722222222222222 0.9375 0.875 0.9453125 0.8694444444444445 0.9453125 0.8777777777777778 0.959375 0.8972222222222223 0.99375 0.9194444444444444 0.99375 0.925 0.9875 0.9194444444444444 0.9828125 0.9222222222222223 0.9640625 0.9222222222222223 0.9625 0.9194444444444444 0.9609375 0.9222222222222223 0.9546875 0.9222222222222223 0.953125 0.9194444444444444 0.940625 0.9222222222222223 0.928125 0.9138888888888889 0.915625 0.9111111111111111 0.9078125 0.9027777777777778 0.9 0.9 0.890625 0.8916666666666667 0.884375 0.8916666666666667 0.8796875 0.8861111111111111 0.871875 0.8861111111111111 0.86875 0.8805555555555555 0.8625 0.8777777777777778 0.8578125 0.8694444444444445 0.846875 0.8666666666666667 0.840625 0.8611111111111112 0.834375 0.8611111111111112 0.821875 0.8472222222222222 0.8140625 0.8472222222222222 0.7875 0.8277777777777777 0.76875 0.8222222222222222 0.75625 0.8111111111111111 0.746875 0.8055555555555556 0.740625 0.8055555555555556 0.7359375 0.8 0.7234375 0.7944444444444444 0.7125 0.7944444444444444 0.709375 0.8 0.709375 0.8055555555555556 0.725 0.825 0.7453125 0.8305555555555556 0.75 0.8333333333333334 0.7484375 0.8361111111111111 0.75 0.8388888888888889 0.7546875 0.8361111111111111 0.7578125 0.8388888888888889 0.75625 0.8444444444444444 0.7578125 0.8472222222222222 0.7640625 0.8472222222222222 0.7671875 0.8527777777777777 0.778125 0.8583333333333333 0.7828125 0.8694444444444445 0.80625 0.8722222222222222 0.8078125 0.8833333333333333 0.8109375 0.8888888888888888 0.8203125 0.8916666666666667 0.825 0.9 0.828125 0.9 0.8359375 0.9083333333333333 0.8375 0.9138888888888889 0.7828125 0.9138888888888889 0.76875 0.9055555555555556 0.759375 0.8944444444444445 0.7109375 0.8527777777777777 0.7078125 0.8527777777777777 0.6953125 0.8388888888888889 0.68125 0.8305555555555556 0.678125 0.8333333333333334 0.678125 0.8277777777777777 0.675 0.8222222222222222 0.6640625 0.8138888888888889 0.640625 0.7861111111111111
0 0.8046875 0.7805555555555556 0.8140625 0.7861111111111111 0.821875 0.7861111111111111 0.8234375 0.7888888888888889 0.8453125 0.7944444444444444 0.8515625 0.8 0.8609375 0.8 0.8765625 0.8111111111111111 0.8921875 0.8138888888888889 0.9046875 0.8222222222222222 0.925 0.8277777777777777 0.9421875 0.8388888888888889 0.95 0.8388888888888889 0.9703125 0.85 0.9765625 0.85 0.9984375 0.8638888888888889 0.9984375 0.8833333333333333 0.9796875 0.875 0.9734375 0.875 0.946875 0.8583333333333333 0.928125 0.8527777777777777 0.921875 0.8472222222222222 0.9109375 0.8444444444444444 0.9 0.8361111111111111 0.8890625 0.8333333333333334 0.865625 0.8194444444444444 0.8421875 0.8138888888888889 0.8328125 0.8055555555555556 0.7921875 0.7916666666666666 0.7890625 0.7888888888888889 0.7890625 0.7833333333333333 0.7921875 0.7805555555555556 0.803125 0.7805555555555556
0 0.6984375 0.975 0.7234375 0.9972222222222222 0.671875 0.9972222222222222 0.6703125 0.9944444444444445 0.66875 0.9972222222222222 0.6671875 0.9944444444444445 0.6703125 0.9944444444444445 0.6734375 0.9888888888888889 0.6734375 0.9805555555555555 0.678125 0.9666666666666667 0.6859375 0.9666666666666667 0.696875 0.975
0 0.4953125 0.9694444444444444 0.515625 0.9972222222222222 0.471875 0.9972222222222222 0.4859375 0.9722222222222222 0.49375 0.9694444444444444
0 0.6421875 0.7861111111111111 0.64375 0.7833333333333333 0.6765625 0.7861111111111111 0.6796875 0.7916666666666666 0.6984375 0.8027777777777778 0.7109375 0.8166666666666667 0.71875 0.8194444444444444 0.7515625 0.8444444444444444 0.76875 0.8527777777777777 0.7828125 0.8694444444444445 0.834375 0.9055555555555556 0.8390625 0.9138888888888889 0.7828125 0.9138888888888889 0.7765625 0.9111111111111111 0.7578125 0.8944444444444445 0.7546875 0.8888888888888888 0.7515625 0.8888888888888888 0.6984375 0.8416666666666667 0.6953125 0.8361111111111111 0.6921875 0.8361111111111111 0.675 0.8194444444444444 0.665625 0.8138888888888889 0.64375 0.7888888888888889