0 0.6359375 0.8305555555555556 0.640625 0.8277777777777777 0.6484375 0.8333333333333334 0.659375 0.85 0.68125 0.8694444444444445 0.6859375 0.8777777777777778 0.69375 0.8833333333333333 0.715625 0.9111111111111111 0.7234375 0.9166666666666666 0.7546875 0.9527777777777777 0.765625 0.9611111111111111 0.7703125 0.9694444444444444 0.790625 0.9888888888888889 0.79375 0.9944444444444445 0.7921875 0.9972222222222222 0.7734375 0.9944444444444445 0.76875 0.9861111111111112 0.75625 0.975 0.7203125 0.9305555555555556 0.678125 0.8861111111111111 0.6375 0.8333333333333334
0 0.478125 0.75 0.4796875 0.7555555555555555 0.478125 0.7611111111111111 0.471875 0.7694444444444445 0.4671875 0.7611111111111111 0.471875 0.75 0.4765625 0.75
0 0.5453125 0.7527777777777778 0.5484375 0.7555555555555555 0.55 0.7694444444444445 0.5375 0.7694444444444445 0.534375 0.7638888888888888 0.5359375 0.7527777777777778 0.54375 0.7527777777777778
0 0.3609375 0.8972222222222223 0.4 0.8388888888888889 0.4078125 0.8305555555555556 0.41875 0.825 0.4375 0.7888888888888889 0.44375 0.7805555555555556 0.4484375 0.7805555555555556 0.446875 0.7888888888888889 0.4390625 0.8 0.43125 0.8166666666666667 0.4296875 0.825 0.38125 0.9083333333333333 0.375 0.9138888888888889 0.3296875 0.9944444444444445 0.325 0.9972222222222222 0.29375 0.9972222222222222 0.3203125 0.9555555555555556 0.3609375 0.9
0 0.5453125 0.75 0.55 0.7527777777777778 0.55625 0.7666666666666667 0.5625 0.7694444444444445 0.56875 0.7638888888888888 0.5640625 0.7583333333333333 0.565625 0.75 0.5796875 0.75 0.58125 0.7527777777777778 0.6125 0.75 0.6359375 0.7638888888888888 0.640625 0.7611111111111111 0.6390625 0.7555555555555555 0.6484375 0.7527777777777778 0.690625 0.7722222222222223 0.6921875 0.7777777777777778 0.6875 0.7805555555555556 0.671875 0.7805555555555556 0.6703125 0.7833333333333333 0.5953125 0.7805555555555556 0.59375 0.7777777777777778 0.5875 0.7805555555555556 0.58125 0.775 0.5796875 0.7777777777777778 0.5671875 0.7777777777777778 0.5578125 0.7722222222222223 0.5375 0.7722222222222223 0.5296875 0.7638888888888888 0.5296875 0.7555555555555555 0.5359375 0.75 0.54375 0.75
0 0.509375 0.75 0.5125 0.7555555555555555 0.5125 0.7666666666666667 0.5109375 0.7694444444444445 0.5 0.7694444444444445 0.4984375 0.7666666666666667 0.5 0.7527777777777778 0.5078125 0.75
0 0.5671875 0.7555555555555555 0.56875 0.7527777777777778 0.5828125 0.7527777777777778 0.5921875 0.7611111111111111 0.5953125 0.7666666666666667 0.5953125 0.7722222222222223 0.5828125 0.7722222222222223 0.5734375 0.7666666666666667 0.56875 0.7583333333333333
0 0.4953125 0.8 0.496875 0.8027777777777778 0.503125 0.8027777777777778 0.5140625 0.8138888888888889 0.525 0.8138888888888889 0.53125 0.8194444444444444 0.7015625 0.8222222222222222 0.703125 0.825 0.7015625 0.8333333333333334 0.696875 0.8305555555555556 0.690625 0.8305555555555556 0.6890625 0.8333333333333334 0.6828125 0.8333333333333334 0.68125 0.8305555555555556 0.64375 0.8305555555555556 0.6421875 0.8277777777777777 0.6359375 0.8305555555555556 0.5453125 0.8305555555555556 0.54375 0.8277777777777777 0.525 0.8277777777777777 0.5234375 0.8305555555555556 0.4546875 0.8277777777777777 0.45 0.8305555555555556 0.4484375 0.8277777777777777 0.43125 0.8277777777777777 0.4328125 0.8194444444444444 0.44375 0.8194444444444444 0.4453125 0.8222222222222222 0.4484375 0.8166666666666667 0.4671875 0.8194444444444444 0.471875 0.8138888888888889 0.4734375 0.8027777777777778 0.49375 0.8
0 0.49375 0.8 0.4953125 0.8027777777777778 0.51875 0.8 0.525 0.8166666666666667 0.540625 0.8166666666666667 0.5421875 0.8194444444444444 0.54375 0.8166666666666667 0.5578125 0.8166666666666667 0.5671875 0.8222222222222222 0.5703125 0.8194444444444444 0.571875 0.8222222222222222 0.665625 0.8222222222222222 0.6671875 0.8194444444444444 0.6703125 0.8222222222222222 0.6765625 0.8194444444444444 0.678125 0.8222222222222222 0.684375 0.8166666666666667 0.6859375 0.8166666666666667 0.6828125 0.8194444444444444 0.684375 0.8222222222222222 0.6875 0.8222222222222222 0.6921875 0.8166666666666667 0.6984375 0.8194444444444444 0.7015625 0.825 0.696875 0.8305555555555556 0.6890625 0.8305555555555556 0.6875 0.8333333333333334 0.684375 0.8305555555555556 0.6546875 0.8305555555555556 0.65 0.8361111111111111 0.659375 0.85 0.68125 0.8694444444444445 0.6859375 0.8777777777777778 0.690625 0.8805555555555555 0.7125 0.9083333333333333 0.7234375 0.9166666666666666 0.74375 0.9388888888888889 0.753125 0.9527777777777777 0.7875 0.9861111111111112 0.7921875 0.9916666666666667 0.7921875 0.9972222222222222 0.7890625 0.9944444444444445 0.7828125 0.9972222222222222 0.771875 0.9916666666666667 0.7203125 0.9305555555555556 0.715625 0.9277777777777778 0.7109375 0.9194444444444444 0.703125 0.9138888888888889 0.678125 0.8833333333333333 0.6734375 0.8805555555555555 0.634375 0.8305555555555556 0.6 0.8305555555555556 0.5984375 0.8333333333333334 0.5921875 0.8333333333333334 0.590625 0.8305555555555556 0.5625 0.8305555555555556 0.5609375 0.8277777777777777 0.540625 0.8277777777777777 0.5390625 0.825 0.525 0.825 0.5234375 0.8277777777777777 0.475 0.8277777777777777 0.4703125 0.8305555555555556 0.4671875 0.825 0.446875 0.825 0.4484375 0.8194444444444444 0.4609375 0.8222222222222222 0.4703125 0.8166666666666667 0.471875 0.8083333333333333 0.478125 0.8083333333333333 0.4796875 0.8055555555555556 0.475 0.8027777777777778 0.48125 0.8027777777777778 0.4859375 0.8083333333333333 0.4921875 0.8027777777777778
0 0.6046875 0.7527777777777778 0.6109375 0.75 0.6359375 0.7638888888888888 0.6390625 0.7694444444444445 0.6375 0.7722222222222223 0.625 0.7722222222222223 0.61875 0.7694444444444445 0.60625 0.7555555555555555
0 0.640625 0.7555555555555555 0.646875 0.7527777777777778 0.6734375 0.7666666666666667 0.6796875 0.7666666666666667 0.68125 0.7722222222222223 0.671875 0.775 0.6703125 0.7722222222222223 0.6625 0.7722222222222223 0.6421875 0.7583333333333333