0 0.3828125 0.7416666666666667 0.378125 0.7555555555555555 0.346875 0.7916666666666666 0.3375 0.7916666666666666 0.3375 0.7888888888888889 0.346875 0.775 0.3578125 0.7666666666666667 0.36875 0.7527777777777778 0.38125 0.7444444444444445
0 0.5453125 0.7361111111111112 0.565625 0.7416666666666667 0.578125 0.7527777777777778 0.584375 0.7527777777777778 0.5953125 0.7611111111111111 0.603125 0.7611111111111111 0.6046875 0.7583333333333333 0.6125 0.7666666666666667 0.6296875 0.7638888888888888 0.6421875 0.7722222222222223 0.6609375 0.7777777777777778 0.6703125 0.7861111111111111 0.66875 0.7916666666666666 0.6703125 0.8 0.675 0.8 0.6796875 0.8055555555555556 0.6890625 0.8055555555555556 0.6953125 0.8138888888888889 0.703125 0.8166666666666667 0.7078125 0.8222222222222222 0.7125 0.8222222222222222 0.7296875 0.8361111111111111 0.7359375 0.8361111111111111 0.75625 0.85 0.7609375 0.85 0.7703125 0.8583333333333333 0.775 0.8583333333333333 0.7796875 0.8638888888888889 0.7875 0.8638888888888889 0.7953125 0.8722222222222222 0.8140625 0.8833333333333333 0.81875 0.8833333333333333 0.8375 0.8972222222222223 0.84375 0.8972222222222223 0.8546875 0.9055555555555556 0.859375 0.9055555555555556 0.86875 0.9138888888888889 0.875 0.9138888888888889 0.896875 0.9305555555555556 0.903125 0.9305555555555556 0.921875 0.9444444444444444 0.965625 0.9638888888888889 0.978125 0.975 0.9921875 0.9805555555555555 0.9984375 0.9861111111111112 0.9984375 0.9972222222222222 0.984375 0.9944444444444445 0.971875 0.9833333333333333 0.946875 0.9722222222222222 0.9375 0.9638888888888889 0.91875 0.9555555555555556 0.85625 0.9166666666666666 0.834375 0.9083333333333333 0.8203125 0.8972222222222223 0.815625 0.8972222222222223 0.796875 0.8861111111111111 0.7921875 0.8805555555555555 0.7359375 0.85 0.73125 0.8444444444444444 0.715625 0.8388888888888889 0.6984375 0.825 0.69375 0.825 0.6640625 0.8055555555555556 0.6328125 0.7916666666666666 0.628125 0.7861111111111111 0.61875 0.7833333333333333 0.6 0.7694444444444445 0.5890625 0.7666666666666667 0.546875 0.7361111111111112
0 0.39375 0.6916666666666667 0.3953125 0.6944444444444444 0.39375 0.6972222222222222 0.3859375 0.6972222222222222 0.3875 0.6916666666666667 0.3921875 0.6916666666666667
0 0.5796875 0.8083333333333333 0.590625 0.825 0.5890625 0.8305555555555556 0.58125 0.8277777777777777 0.5703125 0.8138888888888889 0.56875 0.8083333333333333 0.5703125 0.8027777777777778 0.578125 0.8083333333333333
0 0.2375 0.8916666666666667 0.2421875 0.8972222222222223 0.234375 0.9111111111111111 0.2078125 0.9361111111111111 0.2 0.9472222222222222 0.16875 0.9777777777777777 0.15625 0.9944444444444445 0.1515625 0.9972222222222222 0.1265625 0.9972222222222222 0.1296875 0.9916666666666667 0.178125 0.9472222222222222 0.20625 0.9166666666666666 0.23125 0.8944444444444445 0.2359375 0.8944444444444445
0 0.1265625 0.9972222222222222 0.1640625 0.9583333333333334 0.18125 0.9444444444444444 0.1921875 0.9305555555555556 0.20625 0.9194444444444444 0.209375 0.9138888888888889 0.2375 0.8916666666666667 0.2421875 0.8972222222222223 0.240625 0.9027777777777778 0.1578125 0.9916666666666667 0.15 0.9972222222222222 0.128125 0.9972222222222222
0 0.421875 0.7027777777777777 0.4015625 0.7305555555555555 0.39375 0.7305555555555555 0.396875 0.725 0.4109375 0.7083333333333334 0.4203125 0.7027777777777777
0 0.3375 0.7916666666666666 0.3421875 0.7805555555555556 0.375 0.7472222222222222 0.3796875 0.7472222222222222 0.3796875 0.7527777777777778 0.371875 0.7638888888888888 0.3640625 0.7694444444444445 0.3453125 0.7916666666666666 0.3390625 0.7916666666666666
0 0.2546875 0.7222222222222222 0.25 0.7305555555555555 0.2375 0.7361111111111112 0.2109375 0.7416666666666667 0.203125 0.7472222222222222 0.18125 0.75 0.15625 0.7611111111111111 0.128125 0.7666666666666667 0.1265625 0.7694444444444445 0.11875 0.7694444444444445 0.1078125 0.775 0.096875 0.775 0.0953125 0.7777777777777778 0.0875 0.7777777777777778 0.0859375 0.7805555555555556 0.059375 0.7861111111111111 0.05 0.7916666666666666 0.0421875 0.7916666666666666 0.040625 0.7944444444444444 0.03125 0.7944444444444444 0.0125 0.8027777777777778 0.003125 0.8027777777777778 0.0015625 0.8055555555555556 0 0.8055555555555556 0 0.7944444444444444 0.00625 0.7944444444444444 0.0078125 0.7916666666666666 0.0265625 0.7888888888888889 0.0453125 0.7805555555555556 0.0546875 0.7805555555555556 0.05625 0.7777777777777778 0.0640625 0.7777777777777778 0.065625 0.775 0.0734375 0.775 0.084375 0.7694444444444445 0.0921875 0.7694444444444445 0.09375 0.7666666666666667 0.1140625 0.7638888888888888 0.13125 0.7555555555555555 0.1703125 0.7472222222222222 0.171875 0.7444444444444445 0.18125 0.7444444444444445 0.190625 0.7388888888888889 0.209375 0.7361111111111112 0.2109375 0.7333333333333333 0.234375 0.7305555555555555 0.253125 0.7222222222222222
0 0.5390625 0.7666666666666667 0.54375 0.7666666666666667 0.55 0.7722222222222223 0.553125 0.7777777777777778 0.553125 0.7833333333333333 0.546875 0.7805555555555556 0.540625 0.7694444444444445
0 0.6265625 0.8888888888888888 0.6390625 0.8888888888888888 0.6890625 0.9555555555555556 0.6875 0.9611111111111111 0.678125 0.9611111111111111 0.671875 0.9555555555555556 0.6515625 0.9305555555555556 0.6265625 0.8916666666666667
0 0.6265625 0.8888888888888888 0.6390625 0.8888888888888888 0.6890625 0.9555555555555556 0.6875 0.9611111111111111 0.678125 0.9611111111111111 0.671875 0.9555555555555556 0.64375 0.9194444444444444 0.6265625 0.8916666666666667
0 0.6828125 0.8555555555555555 0.6953125 0.8611111111111112 0.715625 0.8777777777777778 0.728125 0.8833333333333333 0.7421875 0.8833333333333333 0.7453125 0.8861111111111111 0.740625 0.8861111111111111 0.7390625 0.8888888888888888 0.740625 0.8916666666666667 0.7546875 0.9027777777777778 0.7546875 0.9055555555555556 0.746875 0.9055555555555556 0.715625 0.8861111111111111 0.6765625 0.8833333333333333 0.675 0.8805555555555555 0.6765625 0.8777777777777778 0.6921875 0.8777777777777778 0.6953125 0.8722222222222222 0.6828125 0.8583333333333333