0 0.575 0.7444444444444445 0.5796875 0.7444444444444445 0.5859375 0.7527777777777778 0.5859375 0.7611111111111111 0.5828125 0.7611111111111111 0.575 0.7472222222222222
0 0.74375 0.9222222222222223 0.75625 0.9388888888888889 0.7625 0.9416666666666667 0.765625 0.9472222222222222 0.7640625 0.9583333333333334 0.759375 0.9583333333333334 0.7359375 0.9333333333333333 0.73125 0.9222222222222223 0.734375 0.9166666666666666 0.7390625 0.9166666666666666 0.7421875 0.9222222222222223
0 0.4296875 0.7722222222222223 0.4328125 0.7694444444444445 0.4359375 0.7722222222222223 0.434375 0.7777777777777778 0.428125 0.7777777777777778 0.4296875 0.775
0 0.478125 0.7138888888888889 0.4765625 0.7222222222222222 0.471875 0.7194444444444444 0.4765625 0.7138888888888889
0 0.5953125 0.7777777777777778 0.603125 0.7805555555555556 0.6171875 0.8 0.6171875 0.8055555555555556 0.6078125 0.8027777777777778 0.5953125 0.7805555555555556
0 0.3734375 0.8444444444444444 0.3859375 0.8333333333333334 0.4015625 0.8083333333333333 0.4109375 0.8 0.415625 0.8 0.415625 0.8055555555555556 0.409375 0.8166666666666667 0.3765625 0.8611111111111112 0.365625 0.8638888888888889 0.365625 0.8583333333333333 0.3734375 0.8472222222222222
0 0.4609375 0.7361111111111112 0.45625 0.7527777777777778 0.45 0.7527777777777778 0.45 0.7472222222222222 0.453125 0.7416666666666667 0.459375 0.7388888888888889
0 0.559375 0.7222222222222222 0.5703125 0.725 0.5796875 0.7444444444444445 0.590625 0.7583333333333333 0.5984375 0.7583333333333333 0.6015625 0.7638888888888888 0.6125 0.7694444444444445 0.6171875 0.7777777777777778 0.6421875 0.8027777777777778 0.6546875 0.8194444444444444 0.653125 0.8277777777777777 0.6453125 0.8277777777777777 0.621875 0.8027777777777778 0.6109375 0.8 0.6125 0.7944444444444444 0.6078125 0.7861111111111111 0.5984375 0.7833333333333333 0.59375 0.775 0.5921875 0.7638888888888888 0.584375 0.7638888888888888 0.578125 0.7555555555555555 0.571875 0.7388888888888889 0.5625 0.7333333333333333 0.559375 0.725
0 0.478125 0.7138888888888889 0.45625 0.7527777777777778 0.45 0.7527777777777778 0.45 0.7472222222222222 0.4546875 0.7388888888888889 0.4578125 0.7388888888888889 0.465625 0.725 0.46875 0.725 0.4765625 0.7138888888888889
0 0.4015625 0.7305555555555555 0.4015625 0.7333333333333333 0.3984375 0.7333333333333333 0.3921875 0.7416666666666667 0.371875 0.75 0.3625 0.7583333333333333 0.3515625 0.7611111111111111 0.3484375 0.7666666666666667 0.3390625 0.7722222222222223 0.3328125 0.7722222222222223 0.3265625 0.7805555555555556 0.315625 0.7833333333333333 0.3109375 0.7888888888888889 0.30625 0.7888888888888889 0.303125 0.7944444444444444 0.2875 0.8 0.2734375 0.8111111111111111 0.2625 0.8138888888888889 0.2609375 0.8194444444444444 0.2453125 0.825 0.2375 0.8333333333333334 0.2171875 0.8416666666666667 0.209375 0.85 0.196875 0.8527777777777777 0.19375 0.8583333333333333 0.175 0.8666666666666667 0.171875 0.8722222222222222 0.1609375 0.875 0.15625 0.8805555555555555 0.1515625 0.8805555555555555 0.1484375 0.8861111111111111 0.13125 0.8916666666666667 0.1234375 0.9 0.1078125 0.9055555555555556 0.1046875 0.9111111111111111 0.084375 0.9194444444444444 0.08125 0.925 0.0765625 0.925 0.0703125 0.9305555555555556 0.065625 0.9305555555555556 0.0578125 0.9388888888888889 0.040625 0.9444444444444444 0.0390625 0.95 0.0328125 0.95 0.0234375 0.9555555555555556 0.0171875 0.9555555555555556 0.0171875 0.9472222222222222 0.0296875 0.9444444444444444 0.0375 0.9388888888888889 0.040625 0.9333333333333333 0.0578125 0.9277777777777778 0.0609375 0.9222222222222223 0.0703125 0.9166666666666666 0.0828125 0.9138888888888889 0.084375 0.9083333333333333 0.090625 0.9083333333333333 0.115625 0.8916666666666667 0.1265625 0.8888888888888888 0.1296875 0.8833333333333333 0.14375 0.8777777777777778 0.1578125 0.8666666666666667 0.16875 0.8638888888888889 0.1765625 0.8555555555555555 0.1890625 0.8527777777777777 0.196875 0.8444444444444444 0.2125 0.8388888888888889 0.2265625 0.8277777777777777 0.2375 0.825 0.240625 0.8194444444444444 0.25625 0.8138888888888889 0.2640625 0.8055555555555556 0.275 0.8027777777777778 0.2875 0.7916666666666666 0.3 0.7888888888888889 0.3078125 0.7805555555555556 0.3234375 0.775 0.33125 0.7666666666666667 0.3421875 0.7638888888888888 0.35 0.7555555555555555 0.36875 0.75 0.371875 0.7444444444444445 0.3921875 0.7361111111111112 0.3953125 0.7305555555555555 0.4 0.7305555555555555
0 0.571875 0.7138888888888889 0.5765625 0.7138888888888889 0.5828125 0.7222222222222222 0.58125 0.725 0.578125 0.725 0.5734375 0.7194444444444444 0.571875 0.7222222222222222 0.578125 0.7444444444444445 0.58125 0.7444444444444445 0.5921875 0.7583333333333333 0.5984375 0.7583333333333333 0.6015625 0.7638888888888888 0.6125 0.7694444444444445 0.621875 0.7833333333333333 0.6515625 0.8138888888888889 0.6546875 0.8222222222222222 0.6546875 0.8277777777777777 0.6453125 0.8277777777777777 0.621875 0.8027777777777778 0.61875 0.8055555555555556 0.6078125 0.8027777777777778 0.596875 0.7861111111111111 0.5890625 0.7666666666666667 0.5859375 0.7666666666666667 0.58125 0.7611111111111111 0.571875 0.7388888888888889 0.5609375 0.7333333333333333 0.559375 0.7222222222222222 0.5703125 0.725 0.571875 0.7166666666666667
0 0.6 0.7611111111111111 0.6046875 0.7666666666666667 0.6125 0.7694444444444445 0.6359375 0.8 0.6390625 0.8 0.6515625 0.8138888888888889 0.6546875 0.8194444444444444 0.6546875 0.8277777777777777 0.640625 0.825 0.63125 0.8111111111111111 0.628125 0.8111111111111111 0.6203125 0.8 0.615625 0.7972222222222223 0.6140625 0.7916666666666666 0.596875 0.7694444444444445 0.5953125 0.7638888888888888 0.5984375 0.7611111111111111