0 0.58125 0.6416666666666667 0.5796875 0.6583333333333333 0.5671875 0.6666666666666666 0.55625 0.6666666666666666 0.553125 0.6611111111111111 0.54375 0.6555555555555556 0.54375 0.6527777777777778 0.5609375 0.6444444444444445 0.5796875 0.6416666666666667
0 0.3796875 0.7166666666666667 0.38125 0.7194444444444444 0.3796875 0.725 0.3734375 0.7333333333333333 0.3703125 0.7305555555555555 0.3703125 0.725 0.378125 0.7166666666666667
0 0.7296875 0.6555555555555556 0.73125 0.6611111111111111 0.721875 0.6722222222222223 0.7234375 0.6777777777777778 0.728125 0.675 0.753125 0.6777777777777778 0.7546875 0.6861111111111111 0.7453125 0.6916666666666667 0.7390625 0.6916666666666667 0.7375 0.6888888888888889 0.715625 0.6916666666666667 0.7125 0.6972222222222222 0.7171875 0.7 0.71875 0.7055555555555556 0.6890625 0.7083333333333334 0.690625 0.7 0.6953125 0.6916666666666667 0.7046875 0.6888888888888889 0.7125 0.6694444444444444 0.725 0.6583333333333333 0.728125 0.6583333333333333
0 0.58125 0.6416666666666667 0.58125 0.6555555555555556 0.5796875 0.6583333333333333 0.58125 0.6722222222222223 0.5734375 0.6722222222222223 0.5703125 0.6666666666666666 0.55625 0.6666666666666666 0.5515625 0.6583333333333333 0.5484375 0.6583333333333333 0.54375 0.6527777777777778 0.553125 0.6472222222222223 0.5796875 0.6416666666666667
0 0.525 0.8305555555555556 0.53125 0.8472222222222222 0.5328125 0.8638888888888889 0.521875 0.8638888888888889 0.5171875 0.8444444444444444 0.5171875 0.8333333333333334 0.5234375 0.8305555555555556
0 0.3234375 0.8305555555555556 0.3234375 0.8361111111111111 0.3140625 0.8555555555555555 0.2921875 0.8944444444444445 0.2796875 0.8944444444444445 0.278125 0.8888888888888888 0.3140625 0.8305555555555556 0.321875 0.8305555555555556
0 0.396875 0.6777777777777778 0.4046875 0.6777777777777778 0.4015625 0.6833333333333333 0.396875 0.6833333333333333 0.396875 0.6805555555555556
0 0.2125 0.7194444444444444 0.2421875 0.7027777777777777 0.246875 0.7027777777777777 0.253125 0.6972222222222222 0.2578125 0.6972222222222222 0.26875 0.6888888888888889 0.275 0.6888888888888889 0.2953125 0.675 0.3140625 0.6694444444444444 0.3125 0.675 0.30625 0.675 0.2875 0.6888888888888889 0.2828125 0.6888888888888889 0.2578125 0.7055555555555556 0.2421875 0.7111111111111111 0.225 0.725 0.2140625 0.7277777777777777 0.2125 0.7222222222222222
0 0.65 0.7 0.659375 0.6916666666666667 0.6640625 0.6916666666666667 0.6703125 0.6805555555555556 0.684375 0.6666666666666666 0.6984375 0.6666666666666666 0.6953125 0.675 0.6671875 0.7055555555555556 0.6515625 0.7083333333333334 0.65 0.7027777777777777
0 0.53125 0.9083333333333333 0.54375 0.9083333333333333 0.55625 0.9527777777777777 0.55625 0.9583333333333334 0.55 0.9555555555555556 0.54375 0.9583333333333334 0.540625 0.9555555555555556 0.5328125 0.925 0.53125 0.9111111111111111
0 0.696875 0.6194444444444445 0.6984375 0.6222222222222222 0.696875 0.625 0.690625 0.6277777777777778 0.6703125 0.6277777777777778 0.6671875 0.625 0.678125 0.6194444444444445 0.6953125 0.6194444444444445
0 0.6609375 0.6583333333333333 0.675 0.6583333333333333 0.675 0.6638888888888889 0.6609375 0.6777777777777778 0.6609375 0.6611111111111111
0 0.65 0.7055555555555556 0.6515625 0.6972222222222222 0.6671875 0.6861111111111111 0.684375 0.6666666666666666 0.6984375 0.6666666666666666 0.6953125 0.675 0.6671875 0.7055555555555556 0.6625 0.7083333333333334 0.653125 0.7083333333333334 0.6515625 0.7055555555555556