0 0.4140625 0.7777777777777778 0.4140625 0.7722222222222223 0.4171875 0.7666666666666667 0.4375 0.7388888888888889 0.4421875 0.7388888888888889 0.4421875 0.7444444444444445 0.4234375 0.7722222222222223 0.41875 0.7777777777777778 0.415625 0.7777777777777778
0 0.3703125 0.8444444444444444 0.371875 0.8472222222222222 0.3625 0.8638888888888889 0.353125 0.875 0.3171875 0.9305555555555556 0.3109375 0.9361111111111111 0.290625 0.9694444444444444 0.26875 0.9972222222222222 0.2484375 0.9972222222222222 0.25 0.9916666666666667 0.25625 0.9861111111111112 0.2890625 0.9388888888888889 0.3125 0.9111111111111111 0.3203125 0.8972222222222223 0.34375 0.8694444444444445 0.3546875 0.8527777777777777 0.359375 0.8472222222222222 0.36875 0.8444444444444444
0 0.646875 0.8583333333333333 0.653125 0.8583333333333333 0.6609375 0.8638888888888889 0.6640625 0.8694444444444445 0.671875 0.8722222222222222 0.6796875 0.8833333333333333 0.696875 0.8972222222222223 0.725 0.9305555555555556 0.790625 0.9972222222222222 0.7671875 0.9972222222222222 0.7640625 0.9944444444444445 0.75 0.975 0.7421875 0.9694444444444444 0.7203125 0.9416666666666667 0.7015625 0.925 0.65625 0.8694444444444445 0.646875 0.8611111111111112
0 0.646875 0.8583333333333333 0.653125 0.8583333333333333 0.6609375 0.8638888888888889 0.6640625 0.8694444444444445 0.671875 0.8722222222222222 0.68125 0.8861111111111111 0.69375 0.8944444444444445 0.7484375 0.9555555555555556 0.790625 0.9972222222222222 0.7671875 0.9972222222222222 0.753125 0.9777777777777777 0.696875 0.9194444444444444 0.65625 0.8694444444444445 0.646875 0.8611111111111112
0 0.2265625 0.7916666666666666 0.234375 0.7833333333333333 0.240625 0.7833333333333333 0.2609375 0.7722222222222223 0.2671875 0.7722222222222223 0.3234375 0.7444444444444445 0.334375 0.7444444444444445 0.334375 0.7472222222222222 0.33125 0.7472222222222222 0.3265625 0.7527777777777778 0.315625 0.7555555555555555 0.309375 0.7611111111111111 0.253125 0.7861111111111111 0.246875 0.7861111111111111 0.2375 0.7916666666666666 0.228125 0.7916666666666666
0 0.075 0.8583333333333333 0.0734375 0.8638888888888889 0.065625 0.8694444444444445 0.028125 0.8861111111111111 0.021875 0.8861111111111111 0.0078125 0.8944444444444445 0 0.8944444444444445 0 0.8861111111111111 0.0125 0.8833333333333333 0.025 0.875 0.03125 0.875 0.065625 0.8583333333333333 0.0734375 0.8583333333333333
0 0.459375 0.7166666666666667 0.453125 0.7305555555555555 0.4484375 0.7305555555555555 0.45 0.7222222222222222 0.4578125 0.7166666666666667
0 0.5296875 0.7444444444444445 0.5515625 0.7472222222222222 0.571875 0.7666666666666667 0.575 0.775 0.5671875 0.775 0.553125 0.7583333333333333 0.53125 0.7472222222222222
0 0.259375 0.7444444444444445 0.253125 0.75 0.2328125 0.75 0.203125 0.7638888888888888 0.1890625 0.7638888888888888 0.1796875 0.7694444444444445 0.16875 0.7694444444444445 0.1671875 0.7722222222222223 0.159375 0.7722222222222223 0.1484375 0.7777777777777778 0.1359375 0.7777777777777778 0.125 0.7833333333333333 0.1140625 0.7833333333333333 0.103125 0.7888888888888889 0.075 0.7944444444444444 0.0734375 0.7972222222222223 0.0625 0.7972222222222223 0.0515625 0.8027777777777778 0.0328125 0.8027777777777778 0.021875 0.8083333333333333 0.01875 0.8083333333333333 0.0171875 0.8027777777777778 0.0203125 0.7972222222222223 0.04375 0.7972222222222223 0.0453125 0.7944444444444444 0.0640625 0.7916666666666666 0.0828125 0.7833333333333333 0.134375 0.7722222222222223 0.1359375 0.7694444444444445 0.1625 0.7666666666666667 0.171875 0.7611111111111111 0.1875 0.7583333333333333 0.1921875 0.7527777777777778 0.209375 0.7527777777777778 0.2203125 0.7472222222222222 0.2578125 0.7444444444444445
0 0.5515625 0.75 0.559375 0.7527777777777778 0.575 0.7722222222222223 0.575 0.775 0.56875 0.775 0.5578125 0.7638888888888888 0.5515625 0.7527777777777778
0 0.01875 0.8055555555555556 0.0203125 0.7972222222222223 0.040625 0.7972222222222223 0.0421875 0.7944444444444444 0.0625 0.7916666666666666 0.0640625 0.7888888888888889 0.071875 0.7888888888888889 0.0734375 0.7861111111111111 0.08125 0.7861111111111111 0.0921875 0.7805555555555556 0.134375 0.7722222222222223 0.1421875 0.7666666666666667 0.16875 0.7638888888888888 0.1703125 0.7611111111111111 0.1890625 0.7555555555555555 0.1921875 0.75 0.234375 0.7472222222222222 0.2359375 0.7444444444444445 0.246875 0.7444444444444445 0.2484375 0.7416666666666667 0.2625 0.7416666666666667 0.2625 0.7472222222222222 0.2578125 0.75 0.2375 0.75 0.2359375 0.7527777777777778 0.228125 0.7527777777777778 0.203125 0.7638888888888888 0.1875 0.7638888888888888 0.178125 0.7694444444444445 0.16875 0.7694444444444445 0.1671875 0.7722222222222223 0.159375 0.7722222222222223 0.1484375 0.7777777777777778 0.125 0.7805555555555556 0.1234375 0.7833333333333333 0.1046875 0.7861111111111111 0.103125 0.7888888888888889 0.0921875 0.7888888888888889 0.084375 0.7944444444444444 0.0640625 0.7972222222222223 0.053125 0.8027777777777778 0.0203125 0.8055555555555556