0 0.384375 0.7333333333333333 0.396875 0.7333333333333333 0.4171875 0.7527777777777778 0.4171875 0.7555555555555555 0.4125 0.7583333333333333 0.4046875 0.7583333333333333 0.39375 0.75 0.384375 0.7388888888888889 0.384375 0.7361111111111112
0 0.18125 0.725 0.1828125 0.7277777777777777 0.1890625 0.7277777777777777 0.1875 0.7333333333333333 0.159375 0.7527777777777778 0.140625 0.7555555555555555 0.1375 0.75 0.1625 0.7361111111111112 0.1671875 0.7305555555555555 0.1796875 0.7277777777777777
0 0.390625 0.7305555555555555 0.409375 0.7416666666666667 0.4140625 0.7388888888888889 0.4171875 0.7416666666666667 0.41875 0.7361111111111112 0.434375 0.7361111111111112 0.4484375 0.7472222222222222 0.4609375 0.7527777777777778 0.4625 0.7555555555555555 0.4609375 0.7611111111111111 0.4484375 0.7611111111111111 0.4421875 0.7555555555555555 0.428125 0.7555555555555555 0.4265625 0.7527777777777778 0.4234375 0.7527777777777778 0.41875 0.7583333333333333 0.4015625 0.7583333333333333 0.390625 0.7527777777777778 0.3875 0.7472222222222222 0.384375 0.7472222222222222 0.3796875 0.7416666666666667 0.38125 0.7388888888888889 0.3796875 0.7333333333333333 0.3890625 0.7305555555555555
0 0.34375 0.7305555555555555 0.35625 0.7305555555555555 0.3625 0.7361111111111112 0.3703125 0.75 0.36875 0.7555555555555555 0.3546875 0.7555555555555555 0.35 0.7527777777777778 0.34375 0.7333333333333333
0 0.5234375 0.7777777777777778 0.5421875 0.7833333333333333 0.5640625 0.8 0.571875 0.8 0.5765625 0.8083333333333333 0.59375 0.8194444444444444 0.6171875 0.8416666666666667 0.6203125 0.8416666666666667 0.6328125 0.8555555555555555 0.64375 0.8583333333333333 0.6578125 0.8777777777777778 0.6859375 0.8972222222222223 0.6890625 0.9027777777777778 0.6921875 0.9027777777777778 0.6984375 0.9111111111111111 0.7015625 0.9111111111111111 0.7140625 0.925 0.7203125 0.9277777777777778 0.74375 0.9527777777777777 0.746875 0.9527777777777777 0.759375 0.9666666666666667 0.765625 0.9694444444444444 0.771875 0.9777777777777777 0.775 0.9777777777777777 0.790625 0.9972222222222222 0.76875 0.9972222222222222 0.75625 0.9805555555555555 0.74375 0.9722222222222222 0.740625 0.9666666666666667 0.7265625 0.9555555555555556 0.71875 0.9444444444444444 0.703125 0.9305555555555556 0.7 0.9305555555555556 0.6890625 0.9166666666666666 0.646875 0.8805555555555555 0.64375 0.875 0.640625 0.875 0.5765625 0.8166666666666667 0.5328125 0.7861111111111111 0.525 0.7777777777777778
0 0.3171875 0.7277777777777777 0.321875 0.7416666666666667 0.3203125 0.7527777777777778 0.303125 0.7527777777777778 0.3015625 0.75 0.3015625 0.7333333333333333 0.3046875 0.7277777777777777 0.315625 0.7277777777777777
0 0.23125 0.725 0.234375 0.7277777777777777 0.2328125 0.7333333333333333 0.2140625 0.7527777777777778 0.19375 0.7527777777777778 0.19375 0.75 0.2171875 0.7277777777777777 0.2296875 0.725
0 0.2765625 0.7277777777777777 0.278125 0.7305555555555555 0.2765625 0.7361111111111112 0.26875 0.7527777777777778 0.25 0.7527777777777778 0.25 0.7472222222222222 0.2609375 0.7277777777777777 0.265625 0.725 0.275 0.7277777777777777
0 0.421875 0.7361111111111112 0.4328125 0.7361111111111112 0.4609375 0.7555555555555555 0.4609375 0.7583333333333333 0.45625 0.7611111111111111 0.4546875 0.7583333333333333 0.446875 0.7583333333333333 0.4296875 0.7472222222222222 0.421875 0.7388888888888889
0 0.525 0.7777777777777778 0.553125 0.7916666666666666 0.5609375 0.8 0.5703125 0.8 0.575 0.8083333333333333 0.5921875 0.8194444444444444 0.60625 0.8333333333333334 0.609375 0.8333333333333334 0.6125 0.8388888888888889 0.6234375 0.8444444444444444 0.6328125 0.8555555555555555 0.6421875 0.8583333333333333 0.6515625 0.8722222222222222 0.6640625 0.8833333333333333 0.675 0.8888888888888888 0.7015625 0.9138888888888889 0.7046875 0.9138888888888889 0.7140625 0.925 0.7171875 0.925 0.74375 0.9527777777777777 0.746875 0.9527777777777777 0.75625 0.9638888888888889 0.7796875 0.9833333333333333 0.7875 0.9916666666666667 0.7890625 0.9972222222222222 0.76875 0.9972222222222222 0.7640625 0.9944444444444445 0.7578125 0.9833333333333333 0.7484375 0.9777777777777777 0.7125 0.9388888888888889 0.7 0.9305555555555556 0.6890625 0.9166666666666666 0.646875 0.8805555555555555 0.64375 0.875 0.6328125 0.8694444444444445 0.58125 0.8194444444444444 0.578125 0.8194444444444444 0.5484375 0.7944444444444444 0.540625 0.7916666666666666 0.5328125 0.7833333333333333 0.5296875 0.7833333333333333 0.5265625 0.7777777777777778
0 0.3125 0.7694444444444445 0.3203125 0.7666666666666667 0.3203125 0.7777777777777778 0.3171875 0.7888888888888889 0.3 0.8194444444444444 0.209375 0.9472222222222222 0.2 0.9527777777777777 0.190625 0.9666666666666667 0.1859375 0.9694444444444444 0.171875 0.9944444444444445 0.1671875 0.9972222222222222 0.14375 0.9972222222222222 0.1484375 0.9861111111111112 0.16875 0.9638888888888889 0.1734375 0.9555555555555556 0.178125 0.9527777777777777 0.1828125 0.9444444444444444 0.203125 0.925 0.24375 0.8722222222222222 0.259375 0.8555555555555555 0.29375 0.8055555555555556 0.3 0.8 0.3125 0.7722222222222223