0 0.7109375 0.7361111111111112 0.7125 0.7388888888888889 0.7203125 0.7388888888888889 0.7265625 0.7444444444444445 0.7640625 0.7583333333333333 0.76875 0.7638888888888888 0.771875 0.7638888888888888 0.775 0.7777777777777778 0.79375 0.7833333333333333 0.7984375 0.7888888888888889 0.8265625 0.8 0.8328125 0.8055555555555556 0.8328125 0.8111111111111111 0.815625 0.8083333333333333 0.778125 0.7916666666666666 0.759375 0.7777777777777778 0.753125 0.7777777777777778 0.7546875 0.775 0.753125 0.7722222222222223 0.75 0.7722222222222223 0.7453125 0.7666666666666667 0.728125 0.7611111111111111 0.7234375 0.7555555555555555 0.7125 0.7527777777777778 0.7078125 0.7472222222222222 0.7 0.7444444444444445 0.7015625 0.7361111111111112 0.709375 0.7361111111111112
0 0.478125 0.7027777777777777 0.4796875 0.7027777777777777 0.4765625 0.7083333333333334 0.4640625 0.7194444444444444 0.45625 0.7222222222222222 0.446875 0.7333333333333333 0.44375 0.7333333333333333 0.4359375 0.7472222222222222 0.428125 0.7527777777777778 0.4234375 0.7527777777777778 0.428125 0.7416666666666667 0.4421875 0.7333333333333333 0.4515625 0.7194444444444444 0.4640625 0.7083333333333334 0.4765625 0.7027777777777777
0 0.5515625 0.7361111111111112 0.5578125 0.7361111111111112 0.5640625 0.7444444444444445 0.5640625 0.75 0.5578125 0.75 0.5515625 0.7388888888888889
0 0.7046875 0.9333333333333333 0.709375 0.9333333333333333 0.721875 0.95 0.73125 0.9666666666666667 0.73125 0.9694444444444444 0.7265625 0.9694444444444444 0.7125 0.95 0.70625 0.9361111111111111
0 0.7703125 0.7833333333333333 0.771875 0.7805555555555556 0.7875 0.7833333333333333 0.83125 0.8055555555555556 0.8328125 0.8083333333333333 0.83125 0.8111111111111111 0.825 0.8111111111111111 0.8234375 0.8083333333333333 0.796875 0.8 0.771875 0.7861111111111111
0 0.4078125 0.775 0.4109375 0.7777777777777778 0.403125 0.7916666666666666 0.3828125 0.8166666666666667 0.3734375 0.825 0.365625 0.825 0.3640625 0.8222222222222222 0.371875 0.8083333333333333 0.390625 0.7861111111111111 0.4 0.7777777777777778 0.40625 0.7777777777777778
0 0.275 0.9388888888888889 0.0375 0.03888888888888889
0 0.425 0.7527777777777778 0.425 0.7472222222222222 0.434375 0.7361111111111112 0.4390625 0.7361111111111112 0.4390625 0.7416666666666667 0.4359375 0.7472222222222222 0.4265625 0.7527777777777778
0 0.4515625 0.6916666666666667 0.4515625 0.6944444444444444 0.4328125 0.6972222222222222 0.4140625 0.7083333333333334 0.378125 0.7222222222222222 0.371875 0.7277777777777777 0.365625 0.7277777777777777 0.346875 0.7361111111111112 0.3296875 0.7472222222222222 0.2921875 0.7583333333333333 0.2671875 0.7722222222222223 0.253125 0.775 0.2390625 0.7833333333333333 0.2328125 0.7833333333333333 0.2140625 0.7916666666666666 0.2078125 0.7972222222222223 0.2 0.7972222222222223 0.1609375 0.8166666666666667 0.1546875 0.8166666666666667 0.14375 0.825 0.13125 0.8277777777777777 0.125 0.8333333333333334 0.1078125 0.8388888888888889 0.0953125 0.8472222222222222 0.08125 0.85 0.075 0.8555555555555555 0.0140625 0.8805555555555555 0.0015625 0.8888888888888888 0 0.8888888888888888 0 0.8777777777777778 0.003125 0.875 0.040625 0.8583333333333333 0.046875 0.8583333333333333 0.071875 0.8444444444444444 0.084375 0.8416666666666667 0.090625 0.8361111111111111 0.1078125 0.8305555555555556 0.1265625 0.8194444444444444 0.1328125 0.8194444444444444 0.1515625 0.8083333333333333 0.165625 0.8055555555555556 0.2171875 0.7805555555555556 0.24375 0.7722222222222223 0.25 0.7666666666666667 0.25625 0.7666666666666667 0.3 0.7472222222222222 0.328125 0.7388888888888889 0.334375 0.7333333333333333 0.346875 0.7305555555555555 0.365625 0.7194444444444444 0.3734375 0.7194444444444444 0.3921875 0.7083333333333334 0.4078125 0.7055555555555556 0.4203125 0.6972222222222222 0.45 0.6916666666666667
0 0.4796875 0.7027777777777777 0.4765625 0.7083333333333334 0.446875 0.7333333333333333 0.4421875 0.7333333333333333 0.45625 0.7138888888888889 0.4734375 0.7027777777777777 0.478125 0.7027777777777777
0 0.58125 0.7777777777777778 0.5890625 0.7777777777777778 0.5953125 0.7833333333333333 0.6234375 0.8194444444444444 0.63125 0.8333333333333334 0.6296875 0.8388888888888889 0.6234375 0.8388888888888889 0.6140625 0.8305555555555556 0.603125 0.8111111111111111 0.5828125 0.7833333333333333 0.5828125 0.7805555555555556
0 0.6171875 0.7722222222222223 0.625 0.7722222222222223 0.634375 0.7861111111111111 0.634375 0.7888888888888889 0.628125 0.7888888888888889 0.61875 0.7805555555555556 0.6171875 0.775