0 0.45625 0.6916666666666667 0.4609375 0.6888888888888889 0.4625 0.7 0.4421875 0.7444444444444445 0.4203125 0.8111111111111111 0.4015625 0.8583333333333333 0.396875 0.8777777777777778 0.3859375 0.9027777777777778 0.3828125 0.9166666666666666 0.3796875 0.9194444444444444 0.378125 0.9277777777777778 0.3703125 0.9444444444444444 0.35625 0.9916666666666667 0.3546875 0.9944444444444445 0.3390625 0.9944444444444445 0.340625 0.9833333333333333 0.35625 0.9444444444444444 0.365625 0.9138888888888889 0.384375 0.8722222222222222 0.4046875 0.8138888888888889 0.4140625 0.7972222222222223 0.43125 0.7472222222222222 0.434375 0.7444444444444445 0.45625 0.6944444444444444
0 0.63125 0.7083333333333334 0.6359375 0.7083333333333334 0.6484375 0.7166666666666667 0.6546875 0.725 0.6578125 0.725 0.66875 0.7361111111111112 0.6765625 0.7388888888888889 0.6828125 0.7472222222222222 0.690625 0.75 0.7125 0.7694444444444445 0.759375 0.8 0.76875 0.8111111111111111 0.7890625 0.825 0.803125 0.8388888888888889 0.815625 0.8444444444444444 0.853125 0.8722222222222222 0.85625 0.8805555555555555 0.840625 0.8777777777777778 0.815625 0.8555555555555555 0.8078125 0.8527777777777777 0.78125 0.8305555555555556 0.778125 0.8305555555555556 0.753125 0.8055555555555556 0.7421875 0.8 0.734375 0.7916666666666666 0.715625 0.7805555555555556 0.690625 0.7583333333333333 0.6765625 0.75 0.6734375 0.7444444444444445 0.653125 0.7305555555555555 0.646875 0.7222222222222222 0.6328125 0.7111111111111111
0 0.628125 0.7027777777777777 0.6390625 0.7083333333333334 0.6546875 0.725 0.6984375 0.7555555555555555 0.7125 0.7694444444444445 0.7203125 0.7722222222222223 0.7328125 0.7833333333333333 0.75625 0.7972222222222223 0.775 0.8166666666666667 0.778125 0.8166666666666667 0.8078125 0.8416666666666667 0.825 0.85 0.8296875 0.8555555555555555 0.8484375 0.8666666666666667 0.859375 0.8805555555555555 0.8578125 0.8833333333333333 0.8546875 0.8805555555555555 0.8453125 0.8805555555555555 0.821875 0.8611111111111112 0.7953125 0.8444444444444444 0.784375 0.8333333333333334 0.7671875 0.8222222222222222 0.765625 0.8166666666666667 0.759375 0.8111111111111111 0.734375 0.7944444444444444 0.7234375 0.7833333333333333 0.715625 0.7805555555555556 0.690625 0.7583333333333333 0.6796875 0.7527777777777778 0.6703125 0.7416666666666667 0.65625 0.7333333333333333 0.646875 0.7222222222222222 0.64375 0.7222222222222222 0.640625 0.7166666666666667 0.63125 0.7111111111111111 0.628125 0.7055555555555556
0 0.03125 0.8333333333333334 0.025 0.8444444444444444 0.003125 0.8555555555555555 0 0.8555555555555555 0 0.8444444444444444 0.0046875 0.8444444444444444 0.021875 0.8333333333333334 0.0296875 0.8333333333333334
0 0.540625 0.6944444444444444 0.5453125 0.6944444444444444 0.6140625 0.8194444444444444 0.6296875 0.8416666666666667 0.65 0.8833333333333333 0.7015625 0.975 0.7125 0.9972222222222222 0.6953125 0.9972222222222222 0.68125 0.9694444444444444 0.678125 0.9583333333333334 0.646875 0.9055555555555556 0.6359375 0.8777777777777778 0.5640625 0.7444444444444445 0.5421875 0.6972222222222222
0 0.128125 0.7833333333333333 0.128125 0.7916666666666666 0.1203125 0.8 0.1015625 0.8055555555555556 0.096875 0.8111111111111111 0.0859375 0.8138888888888889 0.0671875 0.8277777777777777 0.0578125 0.8222222222222222 0.0578125 0.8194444444444444 0.0640625 0.8138888888888889 0.1265625 0.7833333333333333
0 0.1390625 0.6527777777777778 0.1453125 0.6638888888888889 0.1484375 0.6638888888888889 0.1484375 0.6666666666666666 0.1359375 0.6666666666666666 0.13125 0.6722222222222223 0.1296875 0.6694444444444444 0.121875 0.6694444444444444 0.103125 0.6777777777777778 0.084375 0.6777777777777778 0.0828125 0.6805555555555556 0.0796875 0.6805555555555556 0.0765625 0.675 0.0765625 0.6583333333333333 0.0828125 0.6555555555555556 0.1375 0.6527777777777778
0 0.1328125 0.6972222222222222 0.1359375 0.7027777777777777 0.1328125 0.7111111111111111 0.1203125 0.7111111111111111 0.11875 0.7138888888888889 0.09375 0.7194444444444444 0.0921875 0.7222222222222222 0.06875 0.7277777777777777 0.059375 0.7333333333333333 0.0359375 0.7361111111111112 0.0109375 0.7472222222222222 0.0015625 0.7472222222222222 0 0.75 0 0.7361111111111112 0.0296875 0.7277777777777777 0.03125 0.725 0.0421875 0.725 0.04375 0.7222222222222222 0.0546875 0.725 0.0765625 0.7138888888888889 0.0859375 0.7138888888888889 0.0953125 0.7083333333333334 0.10625 0.7083333333333334 0.1140625 0.7027777777777777 0.13125 0.7
0 0.1296875 0.7055555555555556 0.1328125 0.7111111111111111 0.13125 0.7138888888888889 0.13125 0.7277777777777777 0.1265625 0.7388888888888889 0.1296875 0.7444444444444445 0.1296875 0.7666666666666667 0.1265625 0.775 0.128125 0.7888888888888889 0.125 0.8 0.1171875 0.8083333333333333 0.10625 0.8083333333333333 0.0921875 0.825 0.078125 0.8305555555555556 0.065625 0.8416666666666667 0.059375 0.8416666666666667 0.05 0.85 0.0484375 0.8472222222222222 0.040625 0.85 0.0078125 0.8722222222222222 0 0.8722222222222222 0 0.8138888888888889 0.0078125 0.8027777777777778 0.0109375 0.8055555555555556 0.0125 0.8 0.0046875 0.7833333333333333 0 0.7805555555555556 0 0.7388888888888889 0.0078125 0.7333333333333333 0.021875 0.7333333333333333 0.0375 0.725 0.0484375 0.725 0.05 0.7222222222222222 0.0578125 0.725 0.0671875 0.7194444444444444 0.0875 0.7166666666666667 0.0953125 0.7111111111111111 0.109375 0.7111111111111111 0.1109375 0.7083333333333334 0.128125 0.7055555555555556
0 0.128125 0.7833333333333333 0.128125 0.7916666666666666 0.125 0.7944444444444444 0.1203125 0.7944444444444444 0.1046875 0.8055555555555556 0.0828125 0.8138888888888889 0.071875 0.8222222222222222 0.059375 0.8222222222222222 0.0640625 0.8138888888888889 0.1265625 0.7833333333333333
0 0.628125 0.7 0.671875 0.7388888888888889 0.675 0.7388888888888889 0.69375 0.7555555555555555 0.7015625 0.7583333333333333 0.7046875 0.7638888888888888 0.7078125 0.7638888888888888 0.715625 0.7722222222222223 0.7234375 0.775 0.728125 0.7805555555555556 0.7515625 0.7944444444444444 0.7625 0.8055555555555556 0.765625 0.8055555555555556 0.7734375 0.8166666666666667 0.7765625 0.8166666666666667 0.784375 0.825 0.7921875 0.8277777777777777 0.803125 0.8388888888888889 0.846875 0.8666666666666667 0.853125 0.8722222222222222 0.85625 0.8805555555555555 0.840625 0.8777777777777778 0.815625 0.8555555555555555 0.8109375 0.8555555555555555 0.7890625 0.8361111111111111 0.778125 0.8305555555555556 0.753125 0.8055555555555556 0.7046875 0.7722222222222223 0.6984375 0.7638888888888888 0.6953125 0.7638888888888888 0.684375 0.7527777777777778 0.6765625 0.75 0.6703125 0.7416666666666667 0.653125 0.7305555555555555 0.6375 0.7138888888888889 0.6296875 0.7111111111111111 0.6265625 0.7027777777777777
0 0.5421875 0.6944444444444444 0.546875 0.6972222222222222 0.559375 0.7166666666666667 0.5921875 0.775 0.596875 0.7888888888888889 0.6296875 0.8416666666666667 0.646875 0.8722222222222222 0.65 0.8833333333333333 0.7140625 0.9972222222222222 0.6953125 0.9972222222222222 0.68125 0.9666666666666667 0.64375 0.9 0.640625 0.8888888888888888 0.628125 0.8638888888888889 0.55625 0.7305555555555555 0.5546875 0.7222222222222222 0.5421875 0.6972222222222222