0 0.859375 0.6583333333333333 0.8609375 0.6611111111111111 0.88125 0.6611111111111111 0.8828125 0.6638888888888889 0.9015625 0.6638888888888889 0.903125 0.6666666666666666 0.94375 0.6694444444444444 0.9453125 0.6722222222222223 0.9671875 0.675 0.96875 0.6777777777777778 0.9890625 0.6777777777777778 0.990625 0.6805555555555556 0.9984375 0.6805555555555556 0.9984375 0.6888888888888889 0.996875 0.6861111111111111 0.940625 0.6805555555555556 0.9296875 0.675 0.88125 0.6694444444444444 0.8796875 0.6666666666666666 0.8609375 0.6666666666666666 0.859375 0.6638888888888889 0.8546875 0.6666666666666666 0.8515625 0.6638888888888889 0.8578125 0.6583333333333333
0 0.7859375 0.8166666666666667 0.8203125 0.8416666666666667 0.8328125 0.8472222222222222 0.86875 0.875 0.8765625 0.8777777777777778 0.884375 0.8861111111111111 0.896875 0.8916666666666667 0.9046875 0.9 0.928125 0.9138888888888889 0.9359375 0.9222222222222223 0.9671875 0.9416666666666667 0.9828125 0.9555555555555556 0.9953125 0.9611111111111111 0.9984375 0.9638888888888889 0.9984375 0.9777777777777777 0.99375 0.9777777777777777 0.9890625 0.9722222222222222 0.98125 0.9694444444444444 0.9703125 0.9583333333333334 0.9625 0.9555555555555556 0.93125 0.9305555555555556 0.9234375 0.9277777777777778 0.9125 0.9166666666666666 0.88125 0.8972222222222223 0.859375 0.8777777777777778 0.8265625 0.8583333333333333 0.796875 0.8333333333333334 0.7921875 0.8333333333333334 0.7859375 0.8277777777777777 0.784375 0.8194444444444444
0 0.784375 0.8166666666666667 0.7953125 0.8222222222222222 0.803125 0.8305555555555556 0.815625 0.8361111111111111 0.828125 0.8472222222222222 0.8359375 0.85 0.8484375 0.8611111111111112 0.85625 0.8638888888888889 0.9203125 0.9111111111111111 0.928125 0.9138888888888889 0.9359375 0.9222222222222223 0.9671875 0.9416666666666667 0.9828125 0.9555555555555556 0.9984375 0.9638888888888889 0.9984375 0.9777777777777777 0.99375 0.9777777777777777 0.9703125 0.9583333333333334 0.9625 0.9555555555555556 0.946875 0.9416666666666667 0.9234375 0.9277777777777778 0.909375 0.9138888888888889 0.9015625 0.9111111111111111 0.896875 0.9055555555555556 0.8703125 0.8888888888888888 0.859375 0.8777777777777778 0.84375 0.8694444444444445 0.83125 0.8583333333333333 0.8265625 0.8583333333333333 0.8234375 0.8527777777777777 0.7859375 0.8277777777777777 0.784375 0.8194444444444444
0 0.0875 0.8305555555555556 0.0875 0.8333333333333334 0.084375 0.8333333333333334 0.08125 0.8388888888888889 0.04375 0.8694444444444445 0.003125 0.9166666666666666 0 0.9166666666666666 0 0.8916666666666667 0.034375 0.8638888888888889 0.0375 0.8638888888888889 0.0671875 0.8333333333333334 0.0859375 0.8305555555555556
0 0.853125 0.7666666666666667 0.8734375 0.7722222222222223 0.903125 0.7888888888888889 0.9265625 0.7972222222222223 0.9328125 0.8027777777777778 0.9515625 0.8083333333333333 0.9578125 0.8138888888888889 0.9765625 0.8194444444444444 0.9984375 0.8305555555555556 0.9984375 0.8444444444444444 0.9859375 0.8361111111111111 0.965625 0.8305555555555556 0.9609375 0.825 0.9375 0.8166666666666667 0.93125 0.8111111111111111 0.9125 0.8055555555555556 0.878125 0.7833333333333333 0.85625 0.775 0.853125 0.7694444444444445
0 0.1234375 0.8166666666666667 0.125 0.8083333333333333 0.1390625 0.8027777777777778 0.14375 0.7972222222222223 0.1625 0.7916666666666666 0.1640625 0.7888888888888889 0.171875 0.7888888888888889 0.1796875 0.7833333333333333 0.1875 0.7833333333333333 0.1953125 0.7777777777777778 0.209375 0.7777777777777778 0.234375 0.7666666666666667 0.2484375 0.7527777777777778 0.2515625 0.7527777777777778 0.2546875 0.7472222222222222 0.2625 0.7444444444444445 0.284375 0.725 0.2921875 0.7222222222222222 0.296875 0.7166666666666667 0.3234375 0.7 0.3390625 0.6833333333333333 0.3515625 0.675 0.3578125 0.6777777777777778 0.3546875 0.6833333333333333 0.2515625 0.7638888888888888 0.24375 0.7805555555555556 0.24375 0.8111111111111111 0.2390625 0.8194444444444444 0.228125 0.8222222222222222 0.2296875 0.8138888888888889 0.228125 0.8027777777777778 0.2171875 0.8083333333333333 0.20625 0.8083333333333333 0.1953125 0.8166666666666667 0.15625 0.8166666666666667 0.1546875 0.8194444444444444 0.1296875 0.8194444444444444 0.125 0.8166666666666667
0 0.3171875 0.7583333333333333 0.328125 0.7527777777777778 0.3359375 0.7527777777777778 0.3375 0.7555555555555555 0.3359375 0.7611111111111111 0.3203125 0.775 0.315625 0.775 0.3171875 0.7611111111111111
0 0.284375 0.6888888888888889 0.28125 0.6944444444444444 0.2625 0.7055555555555556 0.25 0.7111111111111111 0.2421875 0.7111111111111111 0.234375 0.7166666666666667 0.225 0.7166666666666667 0.2125 0.7222222222222222 0.209375 0.7277777777777777 0.2046875 0.725 0.20625 0.7222222222222222 0.2234375 0.7166666666666667 0.234375 0.7055555555555556 0.24375 0.7027777777777777 0.2546875 0.6944444444444444 0.2609375 0.6916666666666667 0.2796875 0.6916666666666667 0.2828125 0.6888888888888889
0 0.1828125 0.75 0.184375 0.7527777777777778 0.1875 0.75 0.1984375 0.75 0.2 0.7527777777777778 0.1984375 0.7583333333333333 0.1859375 0.7638888888888888 0.1765625 0.7638888888888888 0.15625 0.775 0.1453125 0.7722222222222223 0.14375 0.7694444444444445 0.1453125 0.7666666666666667 0.1625 0.7527777777777778 0.18125 0.75
0 0.9859375 0.7638888888888888 0.9875 0.7611111111111111 0.9984375 0.7611111111111111 0.9984375 0.7694444444444445 0.9875 0.7666666666666667
0 0.5109375 0.6777777777777778 0.515625 0.6805555555555556 0.5359375 0.7166666666666667 0.6640625 0.9583333333333334 0.6640625 0.9666666666666667 0.6609375 0.9694444444444444 0.6578125 0.9694444444444444 0.6484375 0.9583333333333334 0.5328125 0.725 0.515625 0.6944444444444444 0.5109375 0.6805555555555556