0 0.53125 0.7833333333333333 0.54375 0.8 0.5921875 0.8055555555555556 0.59375 0.8083333333333333 0.6015625 0.8083333333333333 0.6109375 0.8166666666666667 0.625 0.8166666666666667 0.6265625 0.8194444444444444 0.6390625 0.8194444444444444 0.640625 0.8222222222222222 0.61875 0.8222222222222222 0.6109375 0.8166666666666667 0.59375 0.8138888888888889 0.5921875 0.8111111111111111 0.575 0.8111111111111111 0.5734375 0.8083333333333333 0.5578125 0.8083333333333333 0.55625 0.8055555555555556 0.534375 0.8027777777777778 0.5265625 0.7861111111111111 0.5296875 0.7833333333333333
0 0.3265625 0.7694444444444445 0.3265625 0.775 0.3171875 0.7861111111111111 0.315625 0.7777777777777778 0.325 0.7694444444444445
0 0.534375 0.7861111111111111 0.540625 0.7972222222222223 0.5453125 0.8 0.59375 0.8055555555555556 0.5953125 0.8083333333333333 0.603125 0.8083333333333333 0.6140625 0.8166666666666667 0.6296875 0.8166666666666667 0.6421875 0.8222222222222222 0.615625 0.8222222222222222 0.6015625 0.8138888888888889 0.5421875 0.8055555555555556 0.540625 0.8027777777777778 0.534375 0.8027777777777778 0.528125 0.7916666666666666 0.5296875 0.7833333333333333 0.5328125 0.7861111111111111
0 0.51875 0.7583333333333333 0.525 0.7694444444444445 0.525 0.775 0.5203125 0.775 0.515625 0.7666666666666667 0.5140625 0.7611111111111111 0.5171875 0.7583333333333333
0 0.328125 0.7611111111111111 0.3328125 0.7527777777777778 0.3375 0.7527777777777778 0.3328125 0.7638888888888888 0.3296875 0.7638888888888888
0 0.171875 0.9972222222222222 0.209375 0.9444444444444444 0.2203125 0.9444444444444444 0.2203125 0.9472222222222222 0.1984375 0.9805555555555555 0.19375 0.9916666666666667 0.1890625 0.9972222222222222 0.1734375 0.9972222222222222
0 0.3546875 0.7222222222222222 0.3546875 0.7277777777777777 0.35 0.7333333333333333 0.3484375 0.7333333333333333 0.3484375 0.7277777777777777 0.353125 0.7222222222222222
0 0.171875 0.9972222222222222 0.209375 0.9444444444444444 0.2203125 0.9444444444444444 0.2203125 0.9472222222222222 0.196875 0.9833333333333333 0.1921875 0.9944444444444445 0.1890625 0.9972222222222222 0.1734375 0.9972222222222222
0 0.3375 0.7472222222222222 0.340625 0.7388888888888889 0.3453125 0.7388888888888889 0.3453125 0.7416666666666667 0.34375 0.7472222222222222 0.340625 0.75 0.3390625 0.7472222222222222
0 0.3109375 0.7944444444444444 0.3125 0.7972222222222223 0.3109375 0.8027777777777778 0.3015625 0.8138888888888889 0.2984375 0.8083333333333333 0.3046875 0.7972222222222223 0.309375 0.7944444444444444
0 0.2890625 0.8305555555555556 0.2890625 0.8361111111111111 0.284375 0.8444444444444444 0.275 0.8583333333333333 0.26875 0.8611111111111112 0.265625 0.8555555555555555 0.2703125 0.8472222222222222 0.2796875 0.8333333333333334 0.2875 0.8305555555555556
0 0.478125 0.6972222222222222 0.48125 0.6972222222222222 0.4875 0.7055555555555556 0.50625 0.7388888888888889 0.509375 0.7388888888888889 0.5140625 0.7472222222222222 0.5125 0.7527777777777778 0.5078125 0.75 0.4859375 0.7166666666666667 0.478125 0.7
0 0.2328125 0.9083333333333333 0.2375 0.8972222222222223 0.2515625 0.8777777777777778 0.259375 0.8777777777777778 0.2515625 0.8972222222222223 0.24375 0.9083333333333333 0.2375 0.9111111111111111 0.234375 0.9083333333333333
0 0.5109375 0.7416666666666667 0.5125 0.75 0.5078125 0.75 0.5046875 0.7444444444444445 0.50625 0.7388888888888889 0.509375 0.7416666666666667