0 0.3171875 0.8083333333333333 0.31875 0.8111111111111111 0.3171875 0.8166666666666667 0.309375 0.8194444444444444 0.3046875 0.825 0.290625 0.8305555555555556 0.2546875 0.8527777777777777 0.2484375 0.8527777777777777 0.225 0.8666666666666667 0.2109375 0.8694444444444445 0.209375 0.8722222222222222 0.175 0.8722222222222222 0.171875 0.8694444444444445 0.171875 0.8638888888888889 0.1765625 0.8583333333333333 0.1828125 0.8583333333333333 0.2515625 0.825 0.271875 0.8222222222222222 0.2890625 0.8138888888888889 0.315625 0.8083333333333333
0 0.496875 0.7833333333333333 0.4984375 0.7861111111111111 0.5046875 0.7861111111111111 0.50625 0.7916666666666666 0.4953125 0.7972222222222223 0.490625 0.8027777777777778 0.4671875 0.8111111111111111 0.4609375 0.8166666666666667 0.4484375 0.8194444444444444 0.4234375 0.8388888888888889 0.4140625 0.8444444444444444 0.4046875 0.8444444444444444 0.39375 0.8527777777777777 0.375 0.8611111111111112 0.3703125 0.8666666666666667 0.3640625 0.8694444444444445 0.321875 0.8694444444444445 0.3203125 0.8638888888888889 0.3359375 0.85 0.3453125 0.8472222222222222 0.365625 0.8305555555555556 0.375 0.8305555555555556 0.3765625 0.8277777777777777 0.3828125 0.8277777777777777 0.4140625 0.8138888888888889 0.4234375 0.8138888888888889 0.4296875 0.8083333333333333 0.4421875 0.8027777777777778 0.45 0.8027777777777778 0.4609375 0.7944444444444444 0.4671875 0.7944444444444444 0.4765625 0.7888888888888889 0.4953125 0.7861111111111111
0 0.225 0.7777777777777778 0.225 0.7638888888888888 0.2265625 0.7611111111111111 0.2296875 0.7638888888888888 0.2359375 0.7611111111111111 0.240625 0.7555555555555555 0.2453125 0.7555555555555555 0.253125 0.7472222222222222 0.2578125 0.7472222222222222 0.2640625 0.7416666666666667 0.278125 0.7416666666666667 0.2828125 0.7444444444444445 0.284375 0.75 0.278125 0.7527777777777778 0.275 0.7583333333333333 0.271875 0.7583333333333333 0.246875 0.7805555555555556 0.23125 0.7805555555555556 0.2265625 0.7777777777777778
0 0.209375 0.8861111111111111 0.2140625 0.8888888888888888 0.2140625 0.8916666666666667 0.2078125 0.9027777777777778 0.203125 0.9055555555555556 0.19375 0.9194444444444444 0.1703125 0.9444444444444444 0.165625 0.9527777777777777 0.153125 0.9638888888888889 0.1375 0.9861111111111112 0.1265625 0.9972222222222222 0.1 0.9972222222222222 0.103125 0.9916666666666667 0.1234375 0.9722222222222222 0.1640625 0.925 0.1796875 0.9111111111111111 0.196875 0.8888888888888888 0.2078125 0.8861111111111111
0 0.296875 0.7805555555555556 0.296875 0.775 0.303125 0.7638888888888888 0.31875 0.7527777777777778 0.328125 0.7388888888888889 0.3390625 0.7388888888888889 0.340625 0.7416666666666667 0.33125 0.7694444444444445 0.31875 0.7805555555555556 0.3078125 0.7805555555555556 0.30625 0.7833333333333333 0.3 0.7833333333333333 0.2984375 0.7805555555555556
0 0.340625 0.7388888888888889 0.340625 0.7444444444444445 0.334375 0.7583333333333333 0.3328125 0.7666666666666667 0.328125 0.775 0.3203125 0.7805555555555556 0.3078125 0.7833333333333333 0.2890625 0.7944444444444444 0.2625 0.8 0.2484375 0.8083333333333333 0.2390625 0.8083333333333333 0.2375 0.8111111111111111 0.20625 0.8111111111111111 0.2 0.8166666666666667 0.1859375 0.8166666666666667 0.1828125 0.8111111111111111 0.184375 0.8027777777777778 0.1875 0.8 0.2125 0.7972222222222223 0.2234375 0.7888888888888889 0.2359375 0.7916666666666666 0.246875 0.7861111111111111 0.259375 0.7861111111111111 0.271875 0.7805555555555556 0.29375 0.7777777777777778 0.3015625 0.7638888888888888 0.3203125 0.75 0.328125 0.7388888888888889 0.3390625 0.7388888888888889
0 0.49375 0.7388888888888889 0.5140625 0.7472222222222222 0.5203125 0.7555555555555555 0.5390625 0.7694444444444445 0.54375 0.7777777777777778 0.54375 0.7805555555555556 0.5375 0.7833333333333333 0.5265625 0.7805555555555556 0.51875 0.7694444444444445 0.5015625 0.7555555555555555 0.49375 0.7416666666666667
0 0.2078125 0.8861111111111111 0.2140625 0.8888888888888888 0.209375 0.9 0.2046875 0.9027777777777778 0.2 0.9111111111111111 0.18125 0.9305555555555556 0.1625 0.9555555555555556 0.1453125 0.9722222222222222 0.1296875 0.9944444444444445 0.125 0.9972222222222222 0.1015625 0.9972222222222222 0.1015625 0.9944444444444445 0.1140625 0.9833333333333333 0.159375 0.9305555555555556 0.1828125 0.9083333333333333 0.1921875 0.8944444444444445 0.20625 0.8861111111111111
0 0.590625 0.8805555555555555 0.6015625 0.8833333333333333 0.6078125 0.8888888888888888 0.6921875 0.9944444444444445 0.6921875 0.9972222222222222 0.671875 0.9972222222222222 0.66875 0.9944444444444445 0.621875 0.9277777777777778 0.6 0.9027777777777778 0.590625 0.8833333333333333
0 0.4 0.7416666666666667 0.4078125 0.7472222222222222 0.409375 0.7555555555555555 0.4078125 0.775 0.403125 0.7805555555555556 0.3859375 0.7805555555555556 0.38125 0.775 0.3859375 0.7555555555555555 0.390625 0.7472222222222222 0.3984375 0.7444444444444445
0 0.4015625 0.7416666666666667 0.4078125 0.7472222222222222 0.4078125 0.7694444444444445 0.4109375 0.7888888888888889 0.4078125 0.7944444444444444 0.403125 0.7916666666666666 0.4015625 0.7944444444444444 0.39375 0.7944444444444444 0.384375 0.8027777777777778 0.378125 0.8027777777777778 0.3765625 0.8055555555555556 0.3765625 0.8166666666666667 0.3796875 0.8222222222222222 0.39375 0.8194444444444444 0.396875 0.8138888888888889 0.3984375 0.8166666666666667 0.40625 0.8166666666666667 0.4234375 0.8083333333333333 0.4421875 0.8055555555555556 0.453125 0.8 0.45625 0.7916666666666666 0.4640625 0.7944444444444444 0.4734375 0.7888888888888889 0.4765625 0.7916666666666666 0.478125 0.7888888888888889 0.4875 0.7888888888888889 0.496875 0.7833333333333333 0.5109375 0.7861111111111111 0.5078125 0.7916666666666666 0.4921875 0.8027777777777778 0.4875 0.8027777777777778 0.48125 0.8083333333333333 0.4734375 0.8083333333333333 0.4578125 0.8194444444444444 0.4453125 0.8222222222222222 0.440625 0.8277777777777777 0.4328125 0.8305555555555556 0.428125 0.8361111111111111 0.4234375 0.8361111111111111 0.4140625 0.8444444444444444 0.4 0.8472222222222222 0.3625 0.8694444444444445 0.321875 0.8694444444444445 0.31875 0.8638888888888889 0.3328125 0.85 0.3421875 0.8472222222222222 0.35625 0.8333333333333334 0.3640625 0.8305555555555556 0.365625 0.8277777777777777 0.3640625 0.8222222222222222 0.365625 0.8138888888888889 0.359375 0.8083333333333333 0.353125 0.8083333333333333 0.3515625 0.8027777777777778 0.359375 0.7888888888888889 0.3734375 0.7861111111111111 0.38125 0.7805555555555556 0.384375 0.775 0.38125 0.7694444444444445 0.3859375 0.7555555555555555 0.3859375 0.75 0.4 0.7416666666666667
0 0.4609375 0.8638888888888889 0.4859375 0.8416666666666667 0.50625 0.8305555555555556 0.525 0.825 0.5328125 0.8138888888888889 0.559375 0.7944444444444444 0.5703125 0.7944444444444444 0.575 0.8055555555555556 0.575 0.8111111111111111 0.571875 0.8166666666666667 0.5578125 0.8305555555555556 0.534375 0.8444444444444444 0.521875 0.8583333333333333 0.5 0.8694444444444445 0.49375 0.8694444444444445 0.4921875 0.8666666666666667 0.4625 0.8666666666666667
0 0.6796875 0.8 0.68125 0.8027777777777778 0.6875 0.8027777777777778 0.6921875 0.8083333333333333 0.6875 0.8166666666666667 0.6609375 0.8361111111111111 0.646875 0.8611111111111112 0.6375 0.8666666666666667 0.63125 0.8638888888888889 0.60625 0.8638888888888889 0.603125 0.8583333333333333 0.6046875 0.85 0.61875 0.8361111111111111 0.63125 0.8333333333333334 0.6390625 0.8277777777777777 0.646875 0.8111111111111111 0.6625 0.7972222222222223 0.678125 0.8