0 0.5109375 0.5083333333333333 0.515625 0.5111111111111111 0.5328125 0.5444444444444444 0.5328125 0.5472222222222223 0.528125 0.5472222222222223 0.5109375 0.5111111111111111
0 0.4015625 0.625 0.3734375 0.6777777777777778 0.3578125 0.7 0.3546875 0.7083333333333334 0.2484375 0.8833333333333333 0.2390625 0.8944444444444445 0.2375 0.8583333333333333 0.25625 0.825 0.278125 0.7972222222222223 0.2875 0.7777777777777778 0.309375 0.75 0.325 0.7222222222222222 0.3234375 0.7194444444444444 0.30625 0.7388888888888889 0.2875 0.7694444444444445 0.28125 0.775 0.2578125 0.8111111111111111 0.2421875 0.8277777777777777 0.2375 0.8361111111111111 0.234375 0.8388888888888889 0.221875 0.8361111111111111 0.2203125 0.8333333333333334 0.228125 0.8194444444444444 0.3734375 0.6277777777777778 0.3796875 0.6222222222222222 0.4 0.6222222222222222
0 0.3078125 0.5527777777777778 0.309375 0.5527777777777778 0.30625 0.5583333333333333 0.2953125 0.5638888888888889 0.3015625 0.5722222222222222 0.3 0.5805555555555556 0.2859375 0.5805555555555556 0.2828125 0.575 0.278125 0.575 0.2734375 0.5805555555555556 0.2734375 0.5916666666666667 0.271875 0.5944444444444444 0.259375 0.5888888888888889 0.246875 0.5888888888888889 0.2421875 0.5833333333333334 0.2453125 0.5833333333333334 0.2484375 0.5777777777777777 0.2671875 0.5805555555555556 0.26875 0.5722222222222222 0.275 0.5666666666666667 0.284375 0.5694444444444444 0.2859375 0.5666666666666667 0.2828125 0.5638888888888889 0.2890625 0.5583333333333333 0.30625 0.5527777777777778
0 0.7234375 0.6083333333333333 0.7171875 0.6194444444444445 0.690625 0.6388888888888888 0.6703125 0.6722222222222223 0.6625 0.7 0.6625 0.7111111111111111 0.6609375 0.7138888888888889 0.6640625 0.7472222222222222 0.68125 0.7916666666666666 0.7 0.825 0.7515625 0.8861111111111111 0.7671875 0.9083333333333333 0.8171875 0.9611111111111111 0.8296875 0.9777777777777777 0.8453125 0.9916666666666667 0.846875 0.9972222222222222 0.8171875 0.9972222222222222 0.8078125 0.9833333333333333 0.7875 0.9638888888888889 0.7546875 0.9194444444444444 0.7234375 0.8833333333333333 0.715625 0.8694444444444445 0.709375 0.8638888888888889 0.68125 0.825 0.6609375 0.7888888888888889 0.646875 0.7583333333333333 0.65 0.7444444444444445 0.65 0.7361111111111112 0.646875 0.7277777777777777 0.6484375 0.7027777777777777 0.6609375 0.6666666666666666 0.6796875 0.6388888888888888 0.6875 0.6333333333333333 0.69375 0.6333333333333333 0.6984375 0.6222222222222222 0.721875 0.6083333333333333
0 0.0484375 0.7111111111111111 0.0453125 0.7194444444444444 0.0359375 0.7222222222222222 0.0140625 0.7361111111111112 0.009375 0.7361111111111112 0.003125 0.7416666666666667 0 0.7416666666666667 0 0.7333333333333333 0.025 0.7194444444444444 0.0296875 0.7194444444444444 0.0359375 0.7138888888888889 0.046875 0.7111111111111111
0 0.5109375 0.5083333333333333 0.51875 0.5027777777777778 0.546875 0.5 0.5578125 0.5083333333333333 0.5734375 0.5111111111111111 0.5671875 0.5138888888888888 0.53125 0.5138888888888888 0.5296875 0.5111111111111111 0.521875 0.5138888888888888 0.5203125 0.5111111111111111 0.5125 0.5111111111111111
0 0.759375 0.9694444444444444 0.7640625 0.9666666666666667 0.7671875 0.9694444444444444 0.778125 0.9694444444444444 0.79375 0.9972222222222222 0.76875 0.9972222222222222 0.759375 0.9805555555555555 0.7578125 0.975 0.759375 0.9722222222222222
0 0.171875 0.6444444444444445 0.1734375 0.6472222222222223 0.16875 0.6527777777777778 0.159375 0.6555555555555556 0.1375 0.6694444444444444 0.125 0.6694444444444444 0.125 0.6666666666666666 0.1703125 0.6444444444444445
0 0.5609375 0.5916666666666667 0.5671875 0.6 0.5671875 0.6055555555555555 0.5625 0.6055555555555555 0.5578125 0.6 0.5546875 0.5916666666666667 0.55625 0.5888888888888889 0.559375 0.5916666666666667
0 0.5734375 0.6222222222222222 0.58125 0.625 0.6015625 0.6583333333333333 0.6015625 0.6611111111111111 0.5921875 0.6611111111111111 0.5734375 0.625
0 0.5875 0.5805555555555556 0.5921875 0.5833333333333334 0.59375 0.5861111111111111 0.5921875 0.5888888888888889 0.509375 0.5861111111111111 0.5078125 0.5833333333333334 0.4375 0.5833333333333334 0.4390625 0.5777777777777777 0.55 0.5777777777777777 0.5515625 0.5805555555555556 0.5859375 0.5805555555555556
0 0.6234375 0.7055555555555556 0.6421875 0.7361111111111112 0.646875 0.7388888888888889 0.6453125 0.75 0.6390625 0.7472222222222222 0.625 0.725 0.61875 0.7083333333333334 0.621875 0.7055555555555556
0 0.390625 0.5222222222222223 0.3828125 0.5361111111111111 0.2328125 0.6166666666666667 0.228125 0.6138888888888889 0.225 0.6027777777777777 0.225 0.5777777777777777 0.2328125 0.5694444444444444 0.24375 0.5638888888888889 0.2734375 0.5666666666666667 0.3 0.5527777777777778 0.3359375 0.5416666666666666 0.3625 0.5277777777777778 0.36875 0.5277777777777778 0.378125 0.5222222222222223 0.3890625 0.5222222222222223