0 0.5421875 0.6694444444444444 0.55 0.675 0.55 0.6777777777777778 0.5453125 0.6777777777777778 0.5421875 0.6722222222222223
0 0.38125 0.6916666666666667 0.3859375 0.6805555555555556 0.390625 0.6805555555555556 0.390625 0.6861111111111111 0.3875 0.6916666666666667 0.3828125 0.6916666666666667
0 0.4078125 0.6555555555555556 0.40625 0.6638888888888889 0.403125 0.6666666666666666 0.4 0.6666666666666666 0.4 0.6611111111111111 0.40625 0.6555555555555556
0 0.8359375 0.9 0.8421875 0.9 0.8625 0.9138888888888889 0.89375 0.9416666666666667 0.9015625 0.9444444444444444 0.9125 0.9555555555555556 0.93125 0.9666666666666667 0.9484375 0.9833333333333333 0.96875 0.9972222222222222 0.953125 0.9972222222222222 0.9484375 0.9916666666666667 0.9453125 0.9916666666666667 0.8875 0.9444444444444444 0.8765625 0.9388888888888889 0.840625 0.9083333333333333 0.8375 0.9027777777777778
0 0.4953125 0.7361111111111112 0.5 0.7361111111111112 0.509375 0.7555555555555555 0.509375 0.7611111111111111 0.5046875 0.7638888888888888 0.4953125 0.7388888888888889
0 0.2578125 0.8472222222222222 0.2625 0.85 0.2625 0.8527777777777777 0.2546875 0.8666666666666667 0.1921875 0.95 0.1796875 0.9638888888888889 0.1671875 0.9638888888888889 0.1671875 0.9583333333333334 0.215625 0.8972222222222223 0.2203125 0.8944444444444445 0.2453125 0.8583333333333333 0.253125 0.85 0.25625 0.85
0 0.35 0.7388888888888889 0.021875 0.027777777777777776
0 0.6109375 0.7166666666666667 0.615625 0.7166666666666667 0.628125 0.7305555555555555 0.621875 0.7305555555555555 0.6109375 0.7194444444444444
0 0.571875 0.6972222222222222 0.584375 0.7027777777777777 0.5875 0.7083333333333334 0.584375 0.7111111111111111 0.5734375 0.7
0 0.396875 0.6222222222222222 0.390625 0.6277777777777778 0.38125 0.6305555555555555 0.3765625 0.6361111111111111 0.359375 0.6416666666666667 0.35 0.65 0.3390625 0.6527777777777778 0.3203125 0.6666666666666666 0.2984375 0.675 0.2765625 0.6888888888888889 0.2421875 0.7027777777777777 0.23125 0.7111111111111111 0.2140625 0.7166666666666667 0.1796875 0.7361111111111112 0.1625 0.7416666666666667 0.1390625 0.7555555555555555 0.1265625 0.7583333333333333 0.1203125 0.7638888888888888 0.103125 0.7694444444444445 0.06875 0.7888888888888889 0.0625 0.7888888888888889 0.04375 0.7972222222222223 0.0375 0.8027777777777778 0.0140625 0.8111111111111111 0.0015625 0.8194444444444444 0 0.8194444444444444 0 0.8083333333333333 0.0015625 0.8055555555555556 0.0078125 0.8055555555555556 0.0140625 0.8 0.0375 0.7916666666666666 0.05625 0.7805555555555556 0.0703125 0.7777777777777778 0.115625 0.7527777777777778 0.134375 0.7472222222222222 0.1453125 0.7388888888888889 0.159375 0.7361111111111112 0.1984375 0.7138888888888889 0.2171875 0.7083333333333334 0.228125 0.7 0.2578125 0.6888888888888889 0.2703125 0.6805555555555556 0.2765625 0.6805555555555556 0.2890625 0.6722222222222223 0.2921875 0.6666666666666666 0.296875 0.6694444444444444 0.3078125 0.6666666666666666 0.3328125 0.65 0.3953125 0.6222222222222222
0 0.3484375 0.7888888888888889 0.3515625 0.7944444444444444 0.3515625 0.8 0.346875 0.8027777777777778 0.3453125 0.7972222222222223 0.3453125 0.7916666666666666 0.346875 0.7916666666666666
0 0.4765625 0.6708333333333333 0.00625 0.013888888888888888
0 0.48125 0.6888888888888889 0.484375 0.6888888888888889 0.4875 0.6972222222222222 0.4859375 0.7083333333333334 0.4828125 0.7027777777777777 0.48125 0.6916666666666667
0 0.5421875 0.8694444444444445 0.5484375 0.8666666666666667 0.5546875 0.875 0.575 0.9333333333333333 0.5984375 0.9888888888888889 0.6 0.9972222222222222 0.584375 0.9972222222222222 0.5703125 0.9611111111111111 0.56875 0.95 0.559375 0.9277777777777778 0.559375 0.9222222222222223 0.546875 0.8888888888888888 0.54375 0.8722222222222222
0 0.765625 0.7388888888888889 0.7796875 0.7388888888888889 0.796875 0.75 0.796875 0.7527777777777778 0.7875 0.7527777777777778 0.78125 0.7472222222222222 0.775 0.7472222222222222 0.765625 0.7416666666666667
0 0.64375 0.7527777777777778 0.6546875 0.7555555555555555 0.6859375 0.7805555555555556 0.6859375 0.7833333333333333 0.678125 0.7833333333333333 0.6453125 0.7555555555555555