0 0.6078125 0.7555555555555555 0.6125 0.7527777777777778 0.61875 0.7611111111111111 0.6171875 0.7666666666666667 0.6140625 0.7666666666666667 0.6078125 0.7583333333333333
0 0.4203125 0.8194444444444444 0.4203125 0.8111111111111111 0.425 0.7944444444444444 0.453125 0.7444444444444445 0.459375 0.7472222222222222 0.4578125 0.7555555555555555 0.4390625 0.7861111111111111 0.428125 0.8138888888888889 0.421875 0.8194444444444444
0 0.390625 0.8777777777777778 0.39375 0.8805555555555555 0.39375 0.8916666666666667 0.3703125 0.9444444444444444 0.35625 0.9694444444444444 0.3515625 0.9861111111111112 0.34375 0.9972222222222222 0.3265625 0.9972222222222222 0.3265625 0.9944444444444445 0.3625 0.925 0.36875 0.9083333333333333 0.384375 0.8805555555555555 0.3890625 0.8777777777777778
0 0.7296875 0.8972222222222223 0.759375 0.9305555555555556 0.775 0.9527777777777777 0.8015625 0.9805555555555555 0.8109375 0.9972222222222222 0.7953125 0.9972222222222222 0.7875 0.9916666666666667 0.78125 0.9805555555555555 0.765625 0.9638888888888889 0.7359375 0.925 0.725 0.9055555555555556 0.725 0.9 0.728125 0.8972222222222223
0 0.8234375 0.7805555555555556 0.859375 0.7916666666666666 0.8609375 0.7944444444444444 0.896875 0.8027777777777778 0.903125 0.8083333333333333 0.9328125 0.8194444444444444 0.959375 0.8361111111111111 0.9984375 0.8527777777777777 0.9984375 0.8666666666666667 0.99375 0.8666666666666667 0.971875 0.8527777777777777 0.959375 0.85 0.9390625 0.8361111111111111 0.921875 0.8305555555555556 0.90625 0.8194444444444444 0.9 0.8194444444444444 0.88125 0.8083333333333333 0.8734375 0.8083333333333333 0.859375 0.8 0.8515625 0.8 0.85 0.7972222222222223 0.8421875 0.7972222222222223 0.8296875 0.7916666666666666 0.8234375 0.7833333333333333
0 0.8140625 0.775 0.8203125 0.775 0.8234375 0.7805555555555556 0.8296875 0.7805555555555556 0.8453125 0.7888888888888889 0.853125 0.7888888888888889 0.8546875 0.7916666666666666 0.8796875 0.7972222222222223 0.88125 0.8 0.890625 0.8 0.915625 0.8111111111111111 0.921875 0.8166666666666667 0.928125 0.8166666666666667 0.9546875 0.8333333333333334 0.9984375 0.8527777777777777 0.9984375 0.8666666666666667 0.953125 0.8472222222222222 0.9375 0.8361111111111111 0.925 0.8333333333333334 0.8921875 0.8138888888888889 0.8859375 0.8138888888888889 0.8796875 0.8083333333333333 0.8734375 0.8083333333333333 0.871875 0.8055555555555556 0.8296875 0.7916666666666666 0.825 0.7888888888888889 0.815625 0.775
0 0.153125 0.8388888888888889 0.1578125 0.8416666666666667 0.15625 0.8472222222222222 0.14375 0.8527777777777777 0.1359375 0.8611111111111112 0.1125 0.875 0.1078125 0.8805555555555555 0.090625 0.8888888888888888 0.0859375 0.8944444444444445 0.0765625 0.9 0.0703125 0.9 0.05625 0.9111111111111111 0.0390625 0.9194444444444444 0.034375 0.925 0.021875 0.9305555555555556 0.0140625 0.9305555555555556 0.0125 0.9333333333333333 0.0015625 0.9333333333333333 0.04375 0.9027777777777778 0.0640625 0.8944444444444445 0.08125 0.8805555555555555 0.1125 0.8638888888888889 0.1171875 0.8583333333333333 0.1453125 0.8416666666666667 0.1515625 0.8416666666666667
0 0.6859375 0.7111111111111111 0.7 0.7138888888888889 0.70625 0.7222222222222222 0.70625 0.725 0.6984375 0.725 0.6859375 0.7138888888888889
0 0.725 0.8972222222222223 0.7296875 0.8972222222222223 0.7359375 0.9027777777777778 0.8109375 0.9944444444444445 0.8109375 0.9972222222222222 0.7953125 0.9972222222222222 0.7875 0.9916666666666667 0.78125 0.9805555555555555 0.7671875 0.9666666666666667 0.7484375 0.9388888888888889 0.7359375 0.925 0.7265625 0.9111111111111111 0.725 0.9
0 0.6609375 0.8138888888888889 0.665625 0.8166666666666667 0.6703125 0.825 0.6703125 0.8305555555555556 0.6671875 0.8333333333333334 0.6609375 0.8305555555555556 0.6578125 0.825 0.6578125 0.8166666666666667 0.659375 0.8166666666666667
0 0.3921875 0.8805555555555555 0.39375 0.8916666666666667 0.365625 0.9527777777777777 0.3625 0.9555555555555556 0.35 0.9888888888888889 0.34375 0.9972222222222222 0.3265625 0.9972222222222222 0.3265625 0.9944444444444445 0.3625 0.925 0.36875 0.9083333333333333 0.3828125 0.8833333333333333 0.390625 0.8805555555555555
0 0.7328125 0.7361111111111112 0.7484375 0.7388888888888889 0.759375 0.7472222222222222 0.76875 0.75 0.7734375 0.7555555555555555 0.7734375 0.7583333333333333 0.765625 0.7583333333333333 0.746875 0.75 0.7328125 0.7388888888888889