0 0.809375 0.8416666666666667 0.8109375 0.8388888888888889 0.8203125 0.8416666666666667 0.825 0.8472222222222222 0.8375 0.8527777777777777 0.8578125 0.8694444444444445 0.8734375 0.8777777777777778 0.88125 0.8861111111111111 0.8890625 0.8888888888888888 0.9046875 0.9027777777777778 0.9125 0.9055555555555556 0.9203125 0.9138888888888889 0.9359375 0.9222222222222223 0.94375 0.9305555555555556 0.946875 0.9305555555555556 0.9484375 0.9361111111111111 0.93125 0.9333333333333333 0.915625 0.9194444444444444 0.9078125 0.9166666666666666 0.8921875 0.9027777777777778 0.8609375 0.8833333333333333 0.853125 0.875 0.8265625 0.8583333333333333 0.8109375 0.8444444444444444
0 0.43125 0.6583333333333333 0.4296875 0.6638888888888889 0.4234375 0.6666666666666666 0.4125 0.6805555555555556 0.409375 0.6916666666666667 0.396875 0.7027777777777777 0.3828125 0.725 0.3640625 0.7472222222222222 0.33125 0.7944444444444444 0.325 0.8 0.3171875 0.8138888888888889 0.3109375 0.8194444444444444 0.26875 0.8805555555555555 0.240625 0.9138888888888889 0.2203125 0.9444444444444444 0.215625 0.9472222222222222 0.1859375 0.9916666666666667 0.1796875 0.9972222222222222 0.1640625 0.9972222222222222 0.209375 0.9333333333333333 0.26875 0.8611111111111112 0.2953125 0.8222222222222222 0.3125 0.8027777777777778 0.340625 0.7638888888888888 0.3453125 0.7611111111111111 0.3546875 0.7444444444444445 0.3640625 0.7361111111111112 0.3921875 0.6972222222222222 0.4015625 0.6888888888888889 0.4078125 0.6777777777777778 0.4109375 0.6777777777777778 0.4234375 0.6638888888888889 0.4296875 0.6611111111111111
0 0.0171875 0.8666666666666667 0.021875 0.8722222222222222 0.034375 0.8722222222222222 0.0453125 0.8666666666666667 0.0609375 0.8666666666666667 0.053125 0.8805555555555555 0.028125 0.8944444444444445 0.0234375 0.8944444444444445 0.0171875 0.9 0 0.9 0 0.8722222222222222 0.015625 0.8666666666666667
0 0.2109375 0.6944444444444444 0.20625 0.7 0.1875 0.7083333333333334 0.1734375 0.7083333333333334 0.1765625 0.7055555555555556 0.2015625 0.6944444444444444 0.209375 0.6944444444444444
0 0.865625 0.7777777777777778 0.86875 0.775 0.878125 0.7777777777777778 0.884375 0.7833333333333333 0.903125 0.7888888888888889 0.915625 0.7972222222222223 0.9390625 0.8055555555555556 0.9453125 0.8111111111111111 0.9640625 0.8166666666666667 0.9765625 0.825 0.9984375 0.8333333333333334 0.9984375 0.8444444444444444 0.9921875 0.8444444444444444 0.9734375 0.8333333333333334 0.95625 0.8277777777777777 0.95 0.8222222222222222 0.93125 0.8166666666666667 0.9203125 0.8083333333333333 0.9140625 0.8083333333333333 0.8875 0.7944444444444444 0.8671875 0.7888888888888889 0.865625 0.7805555555555556
0 0.1703125 0.825 0.171875 0.8277777777777777 0.1671875 0.8361111111111111 0.1515625 0.8444444444444444 0.140625 0.8555555555555555 0.134375 0.8555555555555555 0.1328125 0.8583333333333333 0.128125 0.8527777777777777 0.1296875 0.8472222222222222 0.140625 0.8416666666666667 0.1609375 0.825 0.16875 0.825
0 0.43125 0.6666666666666666 0.4359375 0.675 0.409375 0.7277777777777777 0.4015625 0.7388888888888889 0.39375 0.7583333333333333 0.3875 0.7666666666666667 0.384375 0.775 0.3859375 0.7833333333333333 0.375 0.8 0.375 0.8055555555555556 0.3625 0.8277777777777777 0.3625 0.8333333333333334 0.34375 0.8666666666666667 0.34375 0.8611111111111112 0.3546875 0.8444444444444444 0.3578125 0.8361111111111111 0.3578125 0.8305555555555556 0.3671875 0.8166666666666667 0.36875 0.8111111111111111 0.3671875 0.8083333333333333 0.3609375 0.8138888888888889 0.353125 0.8333333333333334 0.35 0.8361111111111111 0.3421875 0.8555555555555555 0.33125 0.875 0.334375 0.8777777777777778 0.3328125 0.8861111111111111 0.334375 0.8888888888888888 0.3265625 0.9027777777777778 0.31875 0.9083333333333333 0.3140625 0.9222222222222223 0.3046875 0.925 0.3015625 0.9305555555555556 0.2984375 0.9472222222222222 0.3 0.9527777777777777 0.296875 0.9611111111111111 0.2921875 0.9666666666666667 0.2921875 0.9722222222222222 0.2859375 0.9722222222222222 0.284375 0.975 0.2859375 0.9805555555555555 0.2890625 0.9777777777777777 0.2859375 0.9833333333333333 0.2859375 0.9888888888888889 0.2828125 0.9916666666666667 0.2734375 0.9916666666666667 0.265625 0.9972222222222222 0.2390625 0.9972222222222222 0.2390625 0.9944444444444445 0.2703125 0.9388888888888889 0.3 0.8916666666666667 0.3265625 0.8416666666666667 0.378125 0.7583333333333333 0.4046875 0.7083333333333334 0.4296875 0.6694444444444444
0 0.5359375 0.7166666666666667 0.540625 0.7194444444444444 0.5484375 0.7333333333333333 0.5484375 0.7388888888888889 0.540625 0.7361111111111112 0.5359375 0.7194444444444444
0 0.6 0.8416666666666667 0.6109375 0.8444444444444444 0.6546875 0.9222222222222223 0.653125 0.9277777777777778 0.64375 0.9277777777777778 0.6 0.8444444444444444
0 0.115625 0.9333333333333333 0.1171875 0.9277777777777778 0.1453125 0.9027777777777778 0.15 0.8944444444444445 0.1484375 0.8916666666666667 0.15 0.8861111111111111 0.184375 0.8694444444444445 0.190625 0.8722222222222222 0.190625 0.8888888888888888 0.1890625 0.8916666666666667 0.171875 0.8944444444444445 0.1265625 0.9361111111111111 0.11875 0.9361111111111111 0.1171875 0.9333333333333333
0 0.64375 0.7222222222222222 0.6515625 0.7222222222222222 0.671875 0.7388888888888889 0.671875 0.7416666666666667 0.6671875 0.7416666666666667 0.64375 0.725
0 0 0.8277777777777777 0.03125 0.8138888888888889 0.0375 0.8083333333333333 0.05 0.8055555555555556 0.071875 0.7916666666666666 0.1 0.7833333333333333 0.109375 0.775 0.1203125 0.775 0.1265625 0.7694444444444445 0.13125 0.7694444444444445 0.1359375 0.7611111111111111 0.1734375 0.7444444444444445 0.1890625 0.7333333333333333 0.1953125 0.7333333333333333 0.2015625 0.7277777777777777 0.225 0.7194444444444444 0.240625 0.7083333333333334 0.2515625 0.7055555555555556 0.2640625 0.6944444444444444 0.271875 0.6944444444444444 0.2734375 0.7 0.271875 0.7083333333333334 0.2640625 0.7083333333333334 0.246875 0.7222222222222222 0.2421875 0.7222222222222222 0.2140625 0.7416666666666667 0.203125 0.7444444444444445 0.16875 0.7666666666666667 0.1640625 0.7666666666666667 0.13125 0.7861111111111111 0.115625 0.7916666666666666 0.1 0.8027777777777778 0.0890625 0.8055555555555556 0.0375 0.8361111111111111 0.0265625 0.8388888888888889 0.0109375 0.85 0 0.8527777777777777 0 0.8444444444444444 0.0078125 0.8416666666666667 0.0125 0.8361111111111111 0.0234375 0.8333333333333334 0.0265625 0.8277777777777777 0.025 0.825 0.01875 0.825 0.0078125 0.8333333333333334 0 0.8333333333333334 0 0.8305555555555556