0 0.55 0.5583333333333333 0.5609375 0.5638888888888889 0.565625 0.5694444444444444 0.565625 0.575 0.5546875 0.575 0.5484375 0.5694444444444444 0.5453125 0.5638888888888889 0.5484375 0.5583333333333333
0 0.490625 0.5555555555555556 0.496875 0.5611111111111111 0.4953125 0.5722222222222222 0.4828125 0.5722222222222222 0.4828125 0.5611111111111111 0.4890625 0.5555555555555556
0 0.6765625 0.5694444444444444 0.6921875 0.5694444444444444 0.709375 0.5777777777777777 0.7109375 0.5805555555555556 0.7046875 0.5833333333333334 0.703125 0.5805555555555556 0.6859375 0.5777777777777777 0.678125 0.5722222222222222
0 0.34375 0.575 0.3484375 0.5666666666666667 0.3640625 0.5583333333333333 0.371875 0.5583333333333333 0.3703125 0.5638888888888889 0.359375 0.5722222222222222 0.3453125 0.575
0 0.6421875 0.5638888888888889 0.6578125 0.5666666666666667 0.675 0.5777777777777777 0.675 0.5805555555555556 0.6640625 0.5805555555555556 0.646875 0.5722222222222222 0.6421875 0.5666666666666667
0 0.046875 0.6861111111111111 0.0484375 0.6888888888888889 0.071875 0.6916666666666667 0.0703125 0.6972222222222222 0.05625 0.7055555555555556 0.025 0.7027777777777777 0.0234375 0.7 0.0046875 0.6972222222222222 0.003125 0.6916666666666667 0.0078125 0.6916666666666667 0.0140625 0.6861111111111111 0.025 0.6861111111111111 0.0265625 0.6833333333333333 0.0296875 0.6861111111111111 0.0453125 0.6861111111111111
0 0.5328125 0.5805555555555556 0.553125 0.6166666666666667 0.55625 0.6277777777777778 0.5671875 0.6472222222222223 0.5703125 0.6583333333333333 0.58125 0.6777777777777778 0.584375 0.6888888888888889 0.609375 0.7388888888888889 0.6203125 0.7666666666666667 0.64375 0.8138888888888889 0.646875 0.825 0.678125 0.8888888888888888 0.725 0.9944444444444445 0.7234375 0.9972222222222222 0.7015625 0.9972222222222222 0.6953125 0.9861111111111112 0.684375 0.9555555555555556 0.659375 0.9 0.65 0.8722222222222222 0.625 0.8166666666666667 0.61875 0.7972222222222223 0.5875 0.725 0.5765625 0.6944444444444444 0.5390625 0.6083333333333333 0.534375 0.5916666666666667 0.5296875 0.5833333333333334 0.53125 0.5833333333333334
0 0.3984375 0.5583333333333333 0.396875 0.5694444444444444 0.3890625 0.5694444444444444 0.3875 0.5722222222222222 0.3796875 0.5722222222222222 0.378125 0.5694444444444444 0.38125 0.5638888888888889 0.3890625 0.5583333333333333 0.396875 0.5583333333333333
0 0.0609375 0.625 0.0625 0.625 0.0609375 0.6277777777777778 0.05625 0.6305555555555555 0.0375 0.6361111111111111 0.0359375 0.6388888888888888 0.028125 0.6388888888888888 0.021875 0.6444444444444445 0.009375 0.6472222222222223 0.0015625 0.6527777777777778 0 0.6527777777777778 0 0.6333333333333333 0.0015625 0.6305555555555555 0.059375 0.625
0 0.165625 0.6472222222222223 0.171875 0.6388888888888888 0.178125 0.6388888888888888 0.196875 0.6277777777777778 0.2015625 0.6222222222222222 0.215625 0.6194444444444445 0.2171875 0.6222222222222222 0.215625 0.625 0.2109375 0.625 0.1796875 0.6444444444444445 0.1671875 0.6472222222222223 0.1390625 0.6666666666666666 0.11875 0.675 0.0671875 0.7055555555555556 0.0546875 0.7083333333333334 0.05 0.7138888888888889 0.025 0.725 0.009375 0.7361111111111112 0 0.7388888888888889 0 0.7305555555555555 0.0265625 0.7194444444444444 0.04375 0.7055555555555556 0.0625 0.7 0.0671875 0.6944444444444444 0.065625 0.6916666666666667 0.08125 0.6888888888888889 0.0875 0.6833333333333333 0.0921875 0.6833333333333333 0.1015625 0.675 0.1328125 0.6611111111111111 0.146875 0.65 0.153125 0.65 0.1546875 0.6472222222222223 0.1625 0.6472222222222223 0.1640625 0.65
0 0.3109375 0.5638888888888889 0.3140625 0.5694444444444444 0.296875 0.575 0.28125 0.5888888888888889 0.275 0.5888888888888889 0.275 0.5777777777777777 0.2765625 0.575 0.309375 0.5638888888888889
0 0.221875 0.8 0.225 0.8027777777777778 0.2171875 0.8166666666666667 0.2046875 0.8277777777777777 0.1921875 0.8472222222222222 0.16875 0.8722222222222222 0.1625 0.8833333333333333 0.153125 0.8916666666666667 0.1296875 0.925 0.1078125 0.9472222222222222 0.0890625 0.975 0.0765625 0.9861111111111112 0.071875 0.9944444444444445 0.065625 0.9972222222222222 0.0453125 0.9972222222222222 0.0484375 0.9888888888888889 0.10625 0.9222222222222223 0.1109375 0.9138888888888889 0.115625 0.9111111111111111 0.1296875 0.8916666666666667 0.134375 0.8888888888888888 0.153125 0.8638888888888889 0.1625 0.8555555555555555 0.1671875 0.8472222222222222 0.175 0.8416666666666667 0.1953125 0.8138888888888889 0.20625 0.8027777777777778 0.2203125 0.8
0 0.4140625 0.5694444444444444 0.421875 0.5555555555555556 0.4328125 0.5555555555555556 0.4328125 0.5611111111111111 0.4265625 0.5694444444444444 0.4203125 0.5694444444444444 0.41875 0.5722222222222222 0.415625 0.5694444444444444
0 0.19375 0.6027777777777777 0.1953125 0.6055555555555555 0.196875 0.6027777777777777 0.2125 0.6027777777777777 0.2203125 0.6083333333333333 0.2203125 0.6138888888888889 0.215625 0.625 0.2109375 0.625 0.20625 0.6305555555555555 0.18125 0.6444444444444445 0.1640625 0.65 0.1390625 0.6666666666666666 0.134375 0.6666666666666666 0.0671875 0.7055555555555556 0.0546875 0.7083333333333334 0.05 0.7138888888888889 0.003125 0.7388888888888889 0 0.7388888888888889 0.0015625 0.7277777777777777 0.0078125 0.7277777777777777 0.01875 0.7194444444444444 0.025 0.7194444444444444 0.0375 0.7083333333333334 0.0328125 0.7027777777777777 0 0.6972222222222222 0 0.6777777777777778 0.015625 0.6722222222222223 0.021875 0.6666666666666666 0.04375 0.6611111111111111 0.0703125 0.6472222222222223 0.078125 0.6472222222222223 0.090625 0.6388888888888888 0.10625 0.6361111111111111 0.1125 0.6305555555555555 0.11875 0.6305555555555555 0.125 0.625 0.1515625 0.6166666666666667 0.159375 0.6111111111111112 0.16875 0.6111111111111112 0.184375 0.6027777777777777 0.1921875 0.6027777777777777
0 0.45625 0.5652777777777778 0.01875 0.019444444444444445
0 0.1890625 0.6111111111111112 0.1984375 0.6055555555555555 0.21875 0.6055555555555555 0.2203125 0.6083333333333333 0.21875 0.6138888888888889 0.19375 0.6138888888888889 0.190625 0.6111111111111112
0 0.1546875 0.6361111111111111 0.15625 0.6388888888888888 0.171875 0.6388888888888888 0.171875 0.6416666666666667 0.165625 0.6472222222222223 0.1484375 0.6472222222222223 0.146875 0.65 0.1421875 0.6472222222222223 0.1234375 0.6472222222222223 0.1171875 0.6444444444444445 0.1171875 0.6416666666666667 0.1296875 0.6361111111111111 0.153125 0.6361111111111111
0 0.51875 0.5555555555555556 0.525 0.5583333333333333 0.53125 0.5722222222222222 0.5296875 0.575 0.5203125 0.575 0.5171875 0.5722222222222222 0.515625 0.5666666666666667 0.515625 0.5583333333333333 0.5171875 0.5583333333333333
0 0.55625 0.5583333333333333 0.5640625 0.5638888888888889 0.5703125 0.5583333333333333 0.60625 0.5583333333333333 0.6078125 0.5611111111111111 0.6234375 0.5611111111111111 0.6328125 0.5666666666666667 0.634375 0.5638888888888889 0.6515625 0.5638888888888889 0.6625 0.5694444444444444 0.6921875 0.5694444444444444 0.7 0.575 0.70625 0.575 0.7109375 0.5805555555555556 0.69375 0.5805555555555556 0.684375 0.575 0.678125 0.575 0.6765625 0.5805555555555556 0.6609375 0.5805555555555556 0.65 0.575 0.6375 0.5777777777777777 0.6359375 0.5805555555555556 0.6203125 0.5777777777777777 0.61875 0.575 0.5890625 0.5777777777777777 0.5828125 0.5722222222222222 0.553125 0.575 0.5421875 0.5611111111111111 0.54375 0.5583333333333333 0.5546875 0.5583333333333333
0 0.5765625 0.5611111111111111 0.5890625 0.5611111111111111 0.6015625 0.5722222222222222 0.6015625 0.575 0.5921875 0.5777777777777777 0.5765625 0.5638888888888889
0 0.6078125 0.5611111111111111 0.628125 0.5666666666666667 0.6375 0.575 0.6375 0.5777777777777777 0.6265625 0.5777777777777777 0.6078125 0.5638888888888889