0 0.2578125 0.775 0.2625 0.7638888888888888 0.2734375 0.7555555555555555 0.2765625 0.75 0.2953125 0.7444444444444445 0.29375 0.75 0.2796875 0.7638888888888888 0.275 0.7722222222222223 0.2609375 0.7805555555555556 0.259375 0.7777777777777778
0 0.3703125 0.725 0.375 0.7277777777777777 0.371875 0.7416666666666667 0.3640625 0.7555555555555555 0.3515625 0.7583333333333333 0.35 0.7611111111111111 0.3453125 0.7583333333333333 0.3484375 0.7472222222222222 0.35625 0.7333333333333333 0.3640625 0.7305555555555555 0.36875 0.725
0 0.30625 0.7527777777777778 0.3140625 0.7444444444444445 0.3171875 0.7444444444444445 0.3203125 0.7388888888888889 0.3359375 0.7361111111111112 0.334375 0.7444444444444445 0.3140625 0.7694444444444445 0.3078125 0.7694444444444445 0.2984375 0.775 0.296875 0.7666666666666667 0.30625 0.7555555555555555
0 0.965625 0.7666666666666667 0.9765625 0.775 0.98125 0.7722222222222223 0.9921875 0.7805555555555556 0.9953125 0.7777777777777778 0.9984375 0.7805555555555556 0.9984375 0.7972222222222223 0.996875 0.7944444444444444 0.99375 0.7972222222222223 0.9875 0.7944444444444444 0.98125 0.7888888888888889 0.9796875 0.7916666666666666 0.971875 0.7861111111111111 0.959375 0.7861111111111111 0.95 0.7777777777777778 0.9484375 0.7805555555555556 0.940625 0.7777777777777778 0.9390625 0.775 0.940625 0.7694444444444445 0.9640625 0.7666666666666667
0 0.56875 0.7527777777777778 0.5890625 0.7805555555555556 0.5921875 0.7805555555555556 0.634375 0.8416666666666667 0.64375 0.85 0.6671875 0.8833333333333333 0.6703125 0.8833333333333333 0.6921875 0.9222222222222223 0.7015625 0.9305555555555556 0.7203125 0.9583333333333334 0.7140625 0.9611111111111111 0.7 0.9583333333333334 0.6859375 0.9333333333333333 0.6359375 0.8638888888888889 0.6234375 0.8416666666666667 0.61875 0.8388888888888889 0.615625 0.8305555555555556 0.603125 0.8166666666666667 0.5828125 0.7833333333333333 0.571875 0.7722222222222223 0.5671875 0.7555555555555555
0 0.4078125 0.7194444444444444 0.409375 0.7222222222222222 0.4078125 0.7333333333333333 0.409375 0.7388888888888889 0.4078125 0.7444444444444445 0.3953125 0.75 0.39375 0.75 0.39375 0.7333333333333333 0.396875 0.7277777777777777 0.396875 0.7222222222222222 0.3984375 0.7194444444444444 0.40625 0.7194444444444444
0 0.56875 0.75 0.575 0.7611111111111111 0.584375 0.7694444444444445 0.6078125 0.8055555555555556 0.6265625 0.825 0.65 0.8611111111111112 0.6703125 0.8833333333333333 0.6859375 0.9055555555555556 0.6953125 0.925 0.7015625 0.9305555555555556 0.7203125 0.9583333333333334 0.7046875 0.9611111111111111 0.7015625 0.9555555555555556 0.6984375 0.9555555555555556 0.6859375 0.9333333333333333 0.659375 0.8972222222222223 0.6546875 0.8861111111111111 0.6515625 0.8861111111111111 0.64375 0.8722222222222222 0.61875 0.8388888888888889 0.60625 0.8166666666666667 0.603125 0.8166666666666667 0.596875 0.8027777777777778 0.59375 0.8027777777777778 0.5796875 0.7777777777777778 0.5703125 0.7694444444444445 0.5671875 0.7638888888888888 0.5671875 0.7527777777777778
0 0.3890625 0.75 0.3875 0.7444444444444445 0.3828125 0.75 0.378125 0.7416666666666667 0.3765625 0.7472222222222222 0.36875 0.75 0.3640625 0.7583333333333333 0.3515625 0.7583333333333333 0.35 0.7611111111111111 0.3421875 0.7611111111111111 0.340625 0.7583333333333333 0.3296875 0.7611111111111111 0.328125 0.7583333333333333 0.30625 0.775 0.29375 0.775 0.2875 0.7666666666666667 0.2828125 0.7666666666666667 0.271875 0.7777777777777778 0.2609375 0.7805555555555556 0.259375 0.7694444444444445 0.2625 0.7583333333333333 0.271875 0.7555555555555555 0.2796875 0.7472222222222222 0.2890625 0.7472222222222222 0.2953125 0.7416666666666667 0.31875 0.7416666666666667 0.321875 0.7361111111111112 0.3609375 0.7305555555555555 0.3703125 0.7222222222222222 0.378125 0.7222222222222222 0.390625 0.7138888888888889 0.39375 0.7166666666666667 0.3953125 0.7138888888888889 0.409375 0.7138888888888889 0.409375 0.7388888888888889 0.4078125 0.7444444444444445 0.390625 0.75
0 0.56875 0.75 0.5984375 0.7888888888888889 0.6078125 0.8055555555555556 0.6109375 0.8055555555555556 0.6171875 0.8166666666666667 0.6203125 0.8166666666666667 0.6265625 0.825 0.65 0.8611111111111112 0.6703125 0.8833333333333333 0.6859375 0.9055555555555556 0.6921875 0.9194444444444444 0.709375 0.9444444444444444 0.71875 0.9527777777777777 0.7203125 0.9583333333333334 0.7140625 0.9611111111111111 0.7 0.9583333333333334 0.6859375 0.9333333333333333 0.64375 0.8722222222222222 0.6359375 0.8638888888888889 0.578125 0.7777777777777778 0.56875 0.7694444444444445 0.5671875 0.7527777777777778
0 0.5796875 0.675 0.5859375 0.6805555555555556 0.5875 0.6777777777777778 0.5984375 0.6861111111111111 0.603125 0.6861111111111111 0.6015625 0.6944444444444444 0.5921875 0.6944444444444444 0.590625 0.6916666666666667 0.5875 0.6944444444444444 0.5734375 0.6833333333333333 0.5671875 0.6833333333333333 0.5640625 0.6805555555555556 0.5671875 0.675 0.578125 0.675
0 0.3109375 0.9972222222222222 0.3171875 0.9833333333333333 0.3171875 0.9777777777777777 0.325 0.9638888888888889 0.325 0.9583333333333334 0.3421875 0.9194444444444444 0.34375 0.9111111111111111 0.353125 0.8916666666666667 0.3609375 0.8666666666666667 0.3671875 0.8555555555555555 0.371875 0.8388888888888889 0.384375 0.8111111111111111 0.384375 0.8055555555555556 0.390625 0.7916666666666666 0.390625 0.7861111111111111 0.3953125 0.7805555555555556 0.396875 0.7805555555555556 0.3984375 0.7944444444444444 0.3953125 0.8 0.390625 0.8194444444444444 0.38125 0.8416666666666667 0.378125 0.8555555555555555 0.3671875 0.8777777777777778 0.3671875 0.8833333333333333 0.3546875 0.9138888888888889 0.3515625 0.9305555555555556 0.3453125 0.9416666666666667 0.3265625 0.9972222222222222 0.3125 0.9972222222222222