0 0.5171875 0.7888888888888889 0.521875 0.7888888888888889 0.5328125 0.8055555555555556 0.5390625 0.8055555555555556 0.546875 0.8111111111111111 0.5609375 0.8111111111111111 0.5640625 0.8166666666666667 0.5796875 0.8166666666666667 0.5859375 0.8222222222222222 0.5953125 0.825 0.5984375 0.8305555555555556 0.60625 0.8305555555555556 0.6140625 0.8361111111111111 0.6265625 0.8361111111111111 0.628125 0.8388888888888889 0.6078125 0.8388888888888889 0.6046875 0.8333333333333334 0.584375 0.8277777777777777 0.5796875 0.8222222222222222 0.5640625 0.8222222222222222 0.5609375 0.8166666666666667 0.546875 0.8166666666666667 0.5390625 0.8111111111111111 0.5234375 0.8083333333333333 0.51875 0.8 0.5171875 0.7916666666666666
0 0.3078125 0.7638888888888888 0.30625 0.7555555555555555 0.315625 0.7472222222222222 0.3171875 0.7527777777777778 0.309375 0.7611111111111111
0 0.521875 0.7888888888888889 0.5296875 0.8027777777777778 0.534375 0.8055555555555556 0.546875 0.8111111111111111 0.5609375 0.8111111111111111 0.565625 0.8166666666666667 0.58125 0.8166666666666667 0.5859375 0.8222222222222222 0.5921875 0.8222222222222222 0.596875 0.8277777777777777 0.6078125 0.8333333333333334 0.628125 0.8361111111111111 0.6296875 0.8416666666666667 0.628125 0.8388888888888889 0.60625 0.8388888888888889 0.596875 0.8305555555555556 0.590625 0.8305555555555556 0.5765625 0.8222222222222222 0.5625 0.8222222222222222 0.5578125 0.8166666666666667 0.5453125 0.8166666666666667 0.5390625 0.8111111111111111 0.5234375 0.8083333333333333 0.5171875 0.7944444444444444 0.5203125 0.7888888888888889
0 0.509375 0.7611111111111111 0.5140625 0.7694444444444445 0.515625 0.7777777777777778 0.509375 0.7777777777777778 0.5046875 0.7638888888888888 0.5078125 0.7611111111111111
0 0.3203125 0.7444444444444445 0.3203125 0.7388888888888889 0.3234375 0.7333333333333333 0.328125 0.7333333333333333 0.328125 0.7361111111111112 0.321875 0.7444444444444445
0 0.203125 0.9111111111111111 0.2046875 0.9111111111111111 0.1984375 0.9222222222222223 0.19375 0.925 0.1828125 0.9444444444444444 0.1796875 0.9444444444444444 0.171875 0.9583333333333334 0.15625 0.9583333333333334 0.1546875 0.9555555555555556 0.1578125 0.95 0.1609375 0.95 0.165625 0.9444444444444444 0.1828125 0.9194444444444444 0.19375 0.9083333333333333 0.2015625 0.9083333333333333
0 0.346875 0.7055555555555556 0.346875 0.7111111111111111 0.3421875 0.7166666666666667 0.340625 0.7166666666666667 0.340625 0.7111111111111111 0.3453125 0.7055555555555556
0 0.203125 0.9111111111111111 0.2046875 0.9111111111111111 0.196875 0.925 0.19375 0.925 0.175 0.9555555555555556 0.171875 0.9583333333333334 0.15625 0.9583333333333334 0.1546875 0.9555555555555556 0.1578125 0.95 0.1609375 0.95 0.1828125 0.9194444444444444 0.19375 0.9083333333333333 0.2015625 0.9083333333333333
0 0.3359375 0.7194444444444444 0.3375 0.7222222222222222 0.3328125 0.7305555555555555 0.3296875 0.725 0.334375 0.7194444444444444
0 0.3 0.7722222222222223 0.3015625 0.775 0.3 0.7805555555555556 0.290625 0.7888888888888889 0.2875 0.7833333333333333 0.2984375 0.7722222222222223
0 0.253125 0.8305555555555556 0.2578125 0.8194444444444444 0.26875 0.8055555555555556 0.278125 0.8055555555555556 0.2765625 0.8111111111111111 0.2625 0.8305555555555556 0.25625 0.8333333333333334 0.2546875 0.8305555555555556
0 0.471875 0.6944444444444444 0.484375 0.7166666666666667 0.49375 0.7277777777777777 0.496875 0.7388888888888889 0.5015625 0.7416666666666667 0.5046875 0.75 0.503125 0.7555555555555555 0.4984375 0.7527777777777778 0.4765625 0.7138888888888889 0.4703125 0.7 0.471875 0.6972222222222222
0 0.23203125 0.8638888888888889 0.0296875 0.03888888888888889
0 0.5 0.7416666666666667 0.503125 0.7444444444444445 0.503125 0.7527777777777778 0.4984375 0.7527777777777778 0.4953125 0.7444444444444445 0.4984375 0.7416666666666667