0 0.5703125 0.625 0.575 0.625 0.58125 0.6305555555555555 0.59375 0.6527777777777778 0.5890625 0.6555555555555556 0.58125 0.65 0.5703125 0.6277777777777778
0 0.471875 0.5111111111111111 0.4734375 0.5111111111111111 0.46875 0.5277777777777778 0.4265625 0.6027777777777777 0.4203125 0.6083333333333333 0.4125 0.6083333333333333 0.4109375 0.6111111111111112 0.4078125 0.6055555555555555 0.4140625 0.5944444444444444 0.4234375 0.5833333333333334 0.4703125 0.5111111111111111
0 0.503125 0.5111111111111111 0.5078125 0.5111111111111111 0.51875 0.525 0.5625 0.6027777777777777 0.56875 0.6083333333333333 0.5796875 0.6138888888888889 0.5875 0.6138888888888889 0.5953125 0.6194444444444445 0.6015625 0.6194444444444445 0.603125 0.6222222222222222 0.6484375 0.6333333333333333 0.6484375 0.6361111111111111 0.64375 0.6361111111111111 0.6328125 0.6305555555555555 0.61875 0.6305555555555555 0.6171875 0.6277777777777778 0.609375 0.6277777777777778 0.5984375 0.6222222222222222 0.584375 0.6222222222222222 0.5828125 0.6194444444444445 0.575 0.6194444444444445 0.5640625 0.6138888888888889 0.5578125 0.6083333333333333 0.5046875 0.5138888888888888
0 0.328125 0.7138888888888889 0.33125 0.7222222222222222 0.3125 0.7527777777777778 0.30625 0.7583333333333333 0.28125 0.7944444444444444 0.2796875 0.8 0.275 0.8027777777777778 0.2671875 0.8138888888888889 0.2578125 0.8194444444444444 0.2515625 0.8138888888888889 0.2609375 0.7944444444444444 0.284375 0.7666666666666667 0.2921875 0.7527777777777778 0.3015625 0.7444444444444445 0.31875 0.7194444444444444 0.3265625 0.7138888888888889
0 0.3328125 0.7277777777777777 0.34375 0.7166666666666667 0.3515625 0.7166666666666667 0.3484375 0.7333333333333333 0.3 0.8111111111111111 0.2953125 0.8138888888888889 0.284375 0.8111111111111111 0.2859375 0.8 0.28125 0.7972222222222223 0.2640625 0.8166666666666667 0.2578125 0.8194444444444444 0.2515625 0.8138888888888889 0.2609375 0.7944444444444444 0.321875 0.7166666666666667 0.328125 0.7138888888888889 0.33125 0.7194444444444444 0.328125 0.7305555555555555 0.3296875 0.7333333333333333 0.3328125 0.7305555555555555
0 0.8484375 0.8722222222222222 0.8640625 0.8611111111111112 0.8875 0.8527777777777777 0.9171875 0.8361111111111111 0.925 0.8361111111111111 0.946875 0.825 0.9796875 0.8166666666666667 0.98125 0.8138888888888889 0.9984375 0.8138888888888889 0.9984375 0.8305555555555556 0.9953125 0.8333333333333334 0.9828125 0.8333333333333334 0.9671875 0.8416666666666667 0.9453125 0.8472222222222222 0.8828125 0.8833333333333333 0.8578125 0.8861111111111111 0.8546875 0.8916666666666667 0.853125 0.9055555555555556 0.85 0.9111111111111111 0.834375 0.9222222222222223 0.821875 0.9138888888888889 0.8203125 0.9083333333333333 0.8234375 0.9027777777777778 0.8328125 0.8972222222222223 0.8421875 0.8861111111111111 0.8453125 0.8861111111111111 0.8484375 0.8805555555555555 0.8484375 0.875
0 0.309375 0.7638888888888888 0.3390625 0.7194444444444444 0.3515625 0.7166666666666667 0.3515625 0.725 0.3484375 0.7333333333333333 0.3 0.8111111111111111 0.296875 0.8138888888888889 0.2875 0.8138888888888889 0.284375 0.8111111111111111 0.284375 0.8055555555555556 0.309375 0.7666666666666667
0 0.328125 0.7138888888888889 0.3328125 0.725 0.3421875 0.7166666666666667 0.3515625 0.7166666666666667 0.3515625 0.725 0.3390625 0.75 0.3265625 0.7666666666666667 0.309375 0.7972222222222223 0.296875 0.8138888888888889 0.284375 0.8111111111111111 0.284375 0.8027777777777778 0.2796875 0.8 0.2609375 0.8194444444444444 0.25625 0.8194444444444444 0.2515625 0.8138888888888889 0.2625 0.7916666666666666 0.284375 0.7666666666666667 0.2921875 0.7527777777777778 0.3078125 0.7361111111111112 0.31875 0.7194444444444444 0.3265625 0.7138888888888889
0 0.471875 0.5111111111111111 0.46875 0.5277777777777778 0.4453125 0.5722222222222222 0.4265625 0.6027777777777777 0.4140625 0.6111111111111112 0.4078125 0.6111111111111112 0.4078125 0.6055555555555555 0.41875 0.5861111111111111 0.4265625 0.5777777777777777 0.4703125 0.5111111111111111
0 0.378125 0.6638888888888889 0.3875 0.6444444444444445 0.4 0.6277777777777778 0.4078125 0.6277777777777778 0.409375 0.6305555555555555 0.4078125 0.6361111111111111 0.3921875 0.6611111111111111 0.3890625 0.6638888888888889 0.3796875 0.6638888888888889
0 0.4015625 0.5333333333333333 0.3953125 0.5416666666666666 0.375 0.55 0.3703125 0.5555555555555556 0.3609375 0.5583333333333333 0.3453125 0.5694444444444444 0.340625 0.5694444444444444 0.31875 0.5861111111111111 0.2984375 0.5944444444444444 0.2828125 0.6055555555555555 0.2734375 0.6083333333333333 0.26875 0.6138888888888889 0.2578125 0.6166666666666667 0.2078125 0.6472222222222223 0.203125 0.6472222222222223 0.16875 0.6694444444444444 0.13125 0.6861111111111111 0.1265625 0.6916666666666667 0.1078125 0.7027777777777777 0.0921875 0.7083333333333334 0.0875 0.7138888888888889 0.0828125 0.7138888888888889 0.053125 0.7333333333333333 0.0484375 0.7333333333333333 0.003125 0.7583333333333333 0 0.7583333333333333 0 0.7472222222222222 0.009375 0.7416666666666667 0.021875 0.7388888888888889 0.0375 0.7277777777777777 0.046875 0.725 0.05625 0.7166666666666667 0.0734375 0.7111111111111111 0.078125 0.7055555555555556 0.09375 0.7 0.15 0.6666666666666666 0.175 0.6555555555555556 0.190625 0.6444444444444445 0.1953125 0.6444444444444445 0.246875 0.6138888888888889 0.2625 0.6083333333333333 0.271875 0.6 0.303125 0.5861111111111111 0.3296875 0.5694444444444444 0.334375 0.5638888888888889 0.34375 0.5611111111111111 0.3484375 0.5555555555555556 0.3546875 0.5555555555555556 0.371875 0.5444444444444444 0.4 0.5333333333333333
0 0.775 0.9444444444444444 0.7796875 0.9444444444444444 0.7875 0.9527777777777777 0.8 0.975 0.7984375 0.9916666666666667 0.7953125 0.9972222222222222 0.765625 0.9972222222222222 0.75625 0.9777777777777777 0.7546875 0.9694444444444444 0.76875 0.9638888888888889 0.775 0.9472222222222222
0 0.4015625 0.625 0.409375 0.6305555555555555 0.396875 0.6555555555555556 0.3890625 0.6638888888888889 0.3734375 0.6638888888888889 0.371875 0.6666666666666666 0.365625 0.6666666666666666 0.365625 0.6611111111111111 0.371875 0.65 0.38125 0.6416666666666667 0.3859375 0.6333333333333333 0.3953125 0.625 0.4 0.625
0 0.503125 0.5111111111111111 0.5078125 0.5111111111111111 0.515625 0.5194444444444445 0.559375 0.5972222222222222 0.56875 0.6083333333333333 0.590625 0.6138888888888889 0.5984375 0.6194444444444445 0.6375 0.6277777777777778 0.6390625 0.6305555555555555 0.665625 0.6333333333333333 0.6671875 0.6361111111111111 0.6796875 0.6361111111111111 0.68125 0.6388888888888888 0.6984375 0.6388888888888888 0.7 0.6416666666666667 0.7140625 0.6416666666666667 0.7171875 0.6444444444444445 0.7125 0.6472222222222223 0.7109375 0.6444444444444445 0.6875 0.6444444444444445 0.6859375 0.6416666666666667 0.6734375 0.6416666666666667 0.671875 0.6388888888888888 0.646875 0.6388888888888888 0.634375 0.6333333333333333 0.6109375 0.6305555555555555 0.596875 0.6222222222222222 0.584375 0.6222222222222222 0.5828125 0.6194444444444445 0.575 0.6194444444444445 0.5640625 0.6138888888888889 0.5578125 0.6083333333333333 0.5046875 0.5138888888888888
0 0.60625 0.6944444444444444 0.609375 0.6944444444444444 0.61875 0.7111111111111111 0.6234375 0.7138888888888889 0.634375 0.7305555555555555 0.640625 0.7361111111111112 0.6515625 0.7555555555555555 0.6515625 0.7611111111111111 0.6421875 0.7611111111111111 0.6390625 0.7583333333333333 0.60625 0.6972222222222222