0 0.553125 0.6888888888888889 0.5578125 0.7 0.553125 0.7 0.5515625 0.6888888888888889
0 0.5109375 0.7583333333333333 0.515625 0.7583333333333333 0.5171875 0.7694444444444445 0.515625 0.7722222222222223 0.5109375 0.7611111111111111
0 0.5046875 0.7111111111111111 0.5 0.7055555555555556 0.5 0.7 0.503125 0.6972222222222222 0.50625 0.7083333333333334
0 0.51875 0.7861111111111111 0.5234375 0.7861111111111111 0.5265625 0.7972222222222223 0.5265625 0.8 0.521875 0.8 0.51875 0.7888888888888889
0 0.1078125 0.9888888888888889 0.1125 0.9805555555555555 0.121875 0.9777777777777777 0.1265625 0.9722222222222222 0.1359375 0.9694444444444444 0.14375 0.9611111111111111 0.1625 0.9527777777777777 0.165625 0.9527777777777777 0.165625 0.9555555555555556 0.1609375 0.9611111111111111 0.146875 0.9666666666666667 0.140625 0.975 0.1296875 0.9777777777777777 0.1234375 0.9861111111111112 0.109375 0.9888888888888889
0 0.7234375 0.8694444444444445 0.75625 0.8722222222222222 0.765625 0.8777777777777778 0.771875 0.875 0.7828125 0.8805555555555555 0.7953125 0.8805555555555555 0.803125 0.8861111111111111 0.80625 0.8833333333333333 0.815625 0.8861111111111111 0.8171875 0.8888888888888888 0.8140625 0.8916666666666667 0.80625 0.8916666666666667 0.8046875 0.8944444444444445 0.809375 0.9027777777777778 0.8234375 0.9111111111111111 0.825 0.9083333333333333 0.83125 0.9111111111111111 0.840625 0.9194444444444444 0.84375 0.9166666666666666 0.8546875 0.925 0.8625 0.925 0.871875 0.9333333333333333 0.878125 0.9333333333333333 0.8859375 0.9388888888888889 0.8796875 0.9388888888888889 0.878125 0.9416666666666667 0.85625 0.9416666666666667 0.8515625 0.9361111111111111 0.834375 0.9305555555555556 0.825 0.9222222222222223 0.821875 0.925 0.8125 0.9166666666666666 0.80625 0.9166666666666666 0.7953125 0.9083333333333333 0.7890625 0.9055555555555556 0.7875 0.9083333333333333 0.775 0.9 0.76875 0.9027777777777778 0.7546875 0.9027777777777778 0.753125 0.9 0.7515625 0.9027777777777778 0.740625 0.9027777777777778 0.7328125 0.8944444444444445 0.7234375 0.8722222222222222
0 0.984375 0.8194444444444444 0.9984375 0.8194444444444444 0.9984375 0.8277777777777777 0.984375 0.8222222222222222
0 0.7859375 0.8277777777777777 0.8078125 0.8305555555555556 0.81875 0.8361111111111111 0.8234375 0.8333333333333334 0.8328125 0.8388888888888889 0.8453125 0.8388888888888889 0.8546875 0.8444444444444444 0.859375 0.8416666666666667 0.8703125 0.8472222222222222 0.8703125 0.85 0.8515625 0.85 0.840625 0.8444444444444444 0.8359375 0.8472222222222222 0.828125 0.8416666666666667 0.821875 0.8444444444444444 0.80625 0.8361111111111111 0.803125 0.8388888888888889 0.7921875 0.8361111111111111 0.7859375 0.8305555555555556
0 0.4109375 0.8166666666666667 0.41875 0.8166666666666667 0.4203125 0.8194444444444444 0.4046875 0.85 0.4015625 0.85 0.396875 0.8555555555555555 0.3921875 0.8666666666666667 0.3859375 0.8694444444444445 0.371875 0.8916666666666667 0.3640625 0.8972222222222223 0.3578125 0.9083333333333333 0.34375 0.9222222222222223 0.3375 0.9333333333333333 0.3296875 0.9388888888888889 0.3203125 0.9555555555555556 0.3078125 0.9638888888888889 0.284375 0.9944444444444445 0.28125 0.9972222222222222 0.2671875 0.9972222222222222 0.28125 0.9777777777777777 0.284375 0.9777777777777777 0.3 0.9611111111111111 0.3046875 0.9527777777777777 0.3203125 0.9388888888888889 0.3453125 0.9055555555555556 0.35625 0.8972222222222223 0.3578125 0.8916666666666667 0.371875 0.8777777777777778 0.3796875 0.8638888888888889 0.3875 0.8583333333333333 0.3921875 0.8472222222222222 0.4015625 0.8388888888888889 0.4109375 0.8194444444444444
0 0.50859375 0.7333333333333333 0.0078125 0.016666666666666666
0 0.6078125 0.6888888888888889 0.6359375 0.7166666666666667 0.640625 0.7166666666666667 0.65 0.7277777777777777 0.6640625 0.7333333333333333 0.6734375 0.7416666666666667 0.6796875 0.7416666666666667 0.69375 0.75 0.6953125 0.7472222222222222 0.709375 0.7555555555555555 0.7125 0.7527777777777778 0.728125 0.7611111111111111 0.73125 0.7583333333333333 0.7375 0.7638888888888888 0.7546875 0.7638888888888888 0.765625 0.7694444444444445 0.771875 0.7666666666666667 0.78125 0.7722222222222223 0.7875 0.7694444444444445 0.7890625 0.7722222222222223 0.8 0.7722222222222223 0.8015625 0.775 0.8078125 0.7722222222222223 0.809375 0.775 0.828125 0.775 0.8296875 0.7777777777777778 0.8375 0.7777777777777778 0.8390625 0.775 0.840625 0.7777777777777778 0.86875 0.7777777777777778 0.8703125 0.7805555555555556 0.875 0.7777777777777778 0.878125 0.7805555555555556 0.890625 0.7805555555555556 0.8921875 0.7777777777777778 0.9 0.7833333333333333 0.921875 0.7833333333333333 0.9234375 0.7861111111111111 0.934375 0.7833333333333333 0.9359375 0.7861111111111111 0.9578125 0.7861111111111111 0.959375 0.7888888888888889 0.9640625 0.7861111111111111 0.9828125 0.7861111111111111 0.984375 0.7888888888888889 0.996875 0.7916666666666666 0.9828125 0.7916666666666666 0.98125 0.7944444444444444 0.978125 0.7916666666666666 0.965625 0.7916666666666666 0.9640625 0.7944444444444444 0.946875 0.7916666666666666 0.9421875 0.7944444444444444 0.940625 0.7916666666666666 0.91875 0.7916666666666666 0.9171875 0.7888888888888889 0.9015625 0.7888888888888889 0.9 0.7861111111111111 0.89375 0.7861111111111111 0.8921875 0.7888888888888889 0.8859375 0.7861111111111111 0.875 0.7861111111111111 0.8734375 0.7888888888888889 0.8578125 0.7861111111111111 0.85625 0.7888888888888889 0.85 0.7888888888888889 0.8390625 0.7833333333333333 0.8375 0.7861111111111111 0.8328125 0.7833333333333333 0.8109375 0.7833333333333333 0.809375 0.7805555555555556 0.803125 0.7805555555555556 0.8015625 0.7833333333333333 0.7890625 0.7777777777777778 0.784375 0.7805555555555556 0.771875 0.775 0.74375 0.7722222222222223 0.7328125 0.7666666666666667 0.728125 0.7694444444444445 0.71875 0.7638888888888888 0.709375 0.7638888888888888 0.6953125 0.7555555555555555 0.6921875 0.7583333333333333 0.6796875 0.75 0.66875 0.7472222222222222 0.659375 0.7388888888888889 0.6578125 0.7416666666666667 0.646875 0.7305555555555555 0.634375 0.725 0.6265625 0.7138888888888889 0.6203125 0.7111111111111111 0.6171875 0.7055555555555556 0.609375 0.7 0.603125 0.6916666666666667 0.60625 0.6888888888888889
0 0.565625 0.7166666666666667 0.5703125 0.7166666666666667 0.5734375 0.725 0.56875 0.725 0.565625 0.7194444444444444
0 0.5828125 0.7444444444444445 0.5890625 0.7416666666666667 0.59375 0.75 0.59375 0.7527777777777778 0.5890625 0.7527777777777778 0.5828125 0.7472222222222222
0 0.5484375 0.65 0.5515625 0.65 0.55625 0.6583333333333333 0.55625 0.6611111111111111 0.546875 0.6583333333333333 0.5484375 0.6527777777777778
0 0.428125 0.7416666666666667 0.4296875 0.7444444444444445 0.4265625 0.75 0.4265625 0.7555555555555555 0.4234375 0.7638888888888888 0.409375 0.7666666666666667 0.4078125 0.7694444444444445 0.40625 0.7666666666666667 0.3765625 0.7694444444444445 0.371875 0.775 0.365625 0.775 0.3625 0.7694444444444445 0.3671875 0.7638888888888888 0.3796875 0.7583333333333333 0.3984375 0.7583333333333333 0.4109375 0.7472222222222222 0.4203125 0.7472222222222222 0.4265625 0.7416666666666667
0 0.6125 0.7694444444444445 0.61875 0.7694444444444445 0.628125 0.775 0.628125 0.7805555555555556 0.6203125 0.7805555555555556 0.6125 0.7722222222222223
0 0.540625 0.8194444444444444 0.5453125 0.8333333333333334 0.540625 0.8333333333333334 0.534375 0.825 0.5359375 0.8166666666666667 0.5390625 0.8194444444444444
0 0.571875 0.8666666666666667 0.59375 0.8972222222222223 0.5890625 0.9027777777777778 0.58125 0.8944444444444445 0.578125 0.8944444444444445 0.565625 0.875 0.5671875 0.8666666666666667 0.5703125 0.8694444444444445
0 0.575 0.8694444444444445 0.59375 0.8972222222222223 0.590625 0.9027777777777778 0.584375 0.9 0.5734375 0.8833333333333333 0.5671875 0.8777777777777778 0.565625 0.8722222222222222 0.5671875 0.8666666666666667 0.5734375 0.8694444444444445
0 0.66875 0.7944444444444444 0.6765625 0.8 0.678125 0.7972222222222223 0.6796875 0.8 0.6859375 0.8 0.690625 0.8083333333333333 0.6734375 0.8055555555555556 0.665625 0.8 0.6671875 0.7972222222222223
0 0.4546875 0.9222222222222223 0.475 0.9388888888888889 0.4828125 0.95 0.484375 0.9472222222222222 0.4875 0.9555555555555556 0.484375 0.9583333333333334 0.4671875 0.9583333333333334 0.45625 0.9638888888888889 0.4515625 0.9722222222222222 0.446875 0.9972222222222222 0.428125 0.9972222222222222 0.43125 0.9833333333333333 0.4296875 0.9722222222222222 0.421875 0.9722222222222222 0.4203125 0.9694444444444444 0.4140625 0.9694444444444444 0.409375 0.975 0.403125 0.975 0.403125 0.9722222222222222 0.4046875 0.9666666666666667 0.4109375 0.9638888888888889 0.4265625 0.9472222222222222 0.43125 0.9388888888888889 0.434375 0.9388888888888889 0.4484375 0.9222222222222223 0.453125 0.9222222222222223