0 0.3265625 0.725 0.3203125 0.7361111111111112 0.3140625 0.7388888888888889 0.303125 0.75 0.296875 0.75 0.296875 0.7472222222222222 0.3171875 0.7277777777777777 0.31875 0.7305555555555555 0.325 0.7277777777777777
0 0.740625 0.725 0.759375 0.7305555555555555 0.7671875 0.7388888888888889 0.7796875 0.7416666666666667 0.7875 0.75 0.80625 0.7555555555555555 0.8109375 0.7611111111111111 0.81875 0.7611111111111111 0.8203125 0.7666666666666667 0.8296875 0.7694444444444445 0.8328125 0.775 0.853125 0.7805555555555556 0.8546875 0.7861111111111111 0.8703125 0.7916666666666666 0.86875 0.7972222222222223 0.8609375 0.7972222222222223 0.8484375 0.7861111111111111 0.8421875 0.7861111111111111 0.83125 0.7805555555555556 0.8265625 0.775 0.809375 0.7694444444444445 0.80625 0.7638888888888888 0.7875 0.7583333333333333 0.784375 0.7527777777777778 0.7703125 0.7472222222222222 0.7609375 0.7388888888888889 0.7484375 0.7361111111111112 0.740625 0.7277777777777777
0 0.8203125 0.9638888888888889 0.8265625 0.9638888888888889 0.8328125 0.9722222222222222 0.8421875 0.9777777777777777 0.8578125 0.9972222222222222 0.8421875 0.9972222222222222 0.834375 0.9861111111111112 0.8296875 0.9833333333333333 0.8203125 0.9666666666666667
0 0.4609375 0.9944444444444445 0.4609375 0.9805555555555555 0.4640625 0.975 0.4640625 0.9583333333333334 0.4671875 0.9444444444444444 0.4765625 0.9472222222222222 0.478125 0.9777777777777777 0.475 0.9972222222222222 0.4625 0.9944444444444445
0 0.4234375 0.6777777777777778 0.4296875 0.6777777777777778 0.4328125 0.6833333333333333 0.434375 0.6805555555555556 0.4359375 0.6833333333333333 0.4421875 0.6833333333333333 0.4390625 0.6916666666666667 0.4296875 0.7 0.428125 0.6972222222222222 0.4296875 0.6916666666666667 0.4234375 0.6805555555555556
0 0.740625 0.725 0.759375 0.7305555555555555 0.7671875 0.7388888888888889 0.7796875 0.7416666666666667 0.7875 0.75 0.8 0.7555555555555555 0.809375 0.7555555555555555 0.815625 0.7611111111111111 0.8421875 0.7638888888888888 0.8421875 0.7666666666666667 0.834375 0.7666666666666667 0.8328125 0.7694444444444445 0.8359375 0.775 0.8484375 0.7777777777777778 0.853125 0.7805555555555556 0.8546875 0.7861111111111111 0.8671875 0.7861111111111111 0.875 0.7944444444444444 0.8734375 0.7972222222222223 0.859375 0.7972222222222223 0.846875 0.7861111111111111 0.834375 0.7833333333333333 0.8265625 0.775 0.8203125 0.775 0.7921875 0.7583333333333333 0.7875 0.7583333333333333 0.784375 0.7527777777777778 0.7703125 0.7472222222222222 0.7609375 0.7388888888888889 0.7484375 0.7361111111111112 0.740625 0.7277777777777777
0 0.2734375 0.6888888888888889 0.275 0.6916666666666667 0.2859375 0.6888888888888889 0.2734375 0.6972222222222222 0.26875 0.6972222222222222 0.2640625 0.7027777777777777 0.2515625 0.7083333333333334 0.2453125 0.7055555555555556 0.2359375 0.7138888888888889 0.221875 0.7166666666666667 0.2078125 0.7277777777777777 0.2 0.7277777777777777 0.1859375 0.7388888888888889 0.1765625 0.7388888888888889 0.1609375 0.75 0.1453125 0.7555555555555555 0.140625 0.7611111111111111 0.134375 0.7611111111111111 0.1234375 0.7666666666666667 0.11875 0.7722222222222223 0.1125 0.7722222222222223 0.0984375 0.7833333333333333 0.0921875 0.7861111111111111 0.090625 0.7833333333333333 0.078125 0.7888888888888889 0.0734375 0.7944444444444444 0.059375 0.7972222222222223 0.046875 0.8083333333333333 0.04375 0.8055555555555556 0.0375 0.8111111111111111 0.0328125 0.8111111111111111 0.028125 0.8166666666666667 0.0234375 0.8166666666666667 0.0203125 0.8222222222222222 0.0109375 0.825 0.0046875 0.8305555555555556 0 0.8305555555555556 0 0.8222222222222222 0.00625 0.8222222222222222 0.015625 0.8166666666666667 0.021875 0.8083333333333333 0.0453125 0.7944444444444444 0.0484375 0.7972222222222223 0.0671875 0.7861111111111111 0.078125 0.7833333333333333 0.0875 0.775 0.096875 0.775 0.109375 0.7638888888888888 0.1171875 0.7638888888888888 0.1234375 0.7583333333333333 0.128125 0.7583333333333333 0.1328125 0.7527777777777778 0.1453125 0.75 0.1578125 0.7388888888888889 0.1625 0.7416666666666667 0.18125 0.7277777777777777 0.1875 0.7305555555555555 0.196875 0.7222222222222222 0.2140625 0.7166666666666667 0.21875 0.7111111111111111 0.221875 0.7111111111111111 0.225 0.7055555555555556 0.2375 0.7055555555555556 0.246875 0.6972222222222222 0.2578125 0.7 0.271875 0.6916666666666667
0 0.4921875 0.6833333333333333 0.4953125 0.6833333333333333 0.4953125 0.6944444444444444 0.49375 0.6972222222222222 0.4921875 0.6972222222222222 0.4921875 0.6861111111111111
0 0.4953125 0.6666666666666666 0.00625 0.016666666666666666
0 0.328125 0.6805555555555556 0.3328125 0.6777777777777778 0.35 0.6805555555555556 0.3484375 0.6861111111111111 0.33125 0.6972222222222222 0.325 0.6944444444444444 0.328125 0.6888888888888889 0.328125 0.6833333333333333
0 0.584375 0.6888888888888889 0.5921875 0.6944444444444444 0.5953125 0.7 0.5953125 0.7027777777777777 0.5921875 0.7027777777777777 0.584375 0.6944444444444444 0.584375 0.6916666666666667
0 0.7875 0.7222222222222222 0.8078125 0.725 0.8109375 0.7305555555555555 0.81875 0.7305555555555555 0.8421875 0.7416666666666667 0.85 0.7388888888888889 0.8515625 0.7361111111111112 0.85 0.7333333333333333 0.8546875 0.7333333333333333 0.8609375 0.7388888888888889 0.859375 0.75 0.8546875 0.7555555555555555 0.8484375 0.7555555555555555 0.84375 0.75 0.8359375 0.75 0.8265625 0.7416666666666667 0.815625 0.7416666666666667 0.8046875 0.7333333333333333 0.790625 0.7305555555555555 0.7875 0.725
0 0.628125 0.7388888888888889 0.653125 0.7666666666666667 0.653125 0.7694444444444445 0.6484375 0.7694444444444445 0.6390625 0.7611111111111111 0.628125 0.7416666666666667
0 0.490625 0.7277777777777777 0.49375 0.7333333333333333 0.490625 0.7555555555555555 0.4890625 0.7583333333333333 0.4859375 0.7555555555555555 0.4859375 0.7388888888888889 0.4890625 0.7305555555555555
0 0.621875 0.6944444444444444 0.6234375 0.6916666666666667 0.6375 0.6944444444444444 0.6515625 0.7083333333333334 0.653125 0.7138888888888889 0.6515625 0.7111111111111111 0.6453125 0.7111111111111111 0.640625 0.7055555555555556 0.63125 0.7027777777777777 0.628125 0.6972222222222222 0.6234375 0.6972222222222222