0 0.4359375 0.7083333333333334 0.440625 0.6972222222222222 0.4453125 0.6972222222222222 0.4453125 0.7 0.4375 0.7083333333333334
0 0.4078125 0.7388888888888889 0.00625 0.011111111111111112
0 0.390625 0.7583333333333333 0.390625 0.7638888888888888 0.365625 0.7944444444444444 0.3578125 0.7944444444444444 0.3578125 0.7888888888888889 0.3625 0.7805555555555556 0.3703125 0.775 0.384375 0.7583333333333333 0.3890625 0.7583333333333333
0 0.65625 0.9722222222222222 0.6640625 0.975 0.6765625 0.9944444444444445 0.6765625 0.9972222222222222 0.665625 0.9972222222222222 0.6625 0.9944444444444445 0.65625 0.975
0 0.421875 0.725 0.4203125 0.7194444444444444 0.4296875 0.7111111111111111 0.4296875 0.7166666666666667 0.4234375 0.7222222222222222
0 0.4453125 0.6972222222222222 0.4421875 0.7055555555555556 0.421875 0.725 0.4203125 0.7222222222222222 0.421875 0.7166666666666667 0.44375 0.6972222222222222
0 0.346875 0.7138888888888889 0.3484375 0.7138888888888889 0.3453125 0.7194444444444444 0.3265625 0.7277777777777777 0.315625 0.7361111111111112 0.309375 0.7361111111111112 0.2640625 0.7583333333333333 0.2578125 0.7583333333333333 0.2515625 0.7638888888888888 0.2015625 0.7861111111111111 0.1953125 0.7861111111111111 0.1890625 0.7916666666666666 0.1828125 0.7916666666666666 0.1765625 0.7972222222222223 0.1578125 0.8055555555555556 0.1515625 0.8055555555555556 0.0828125 0.8388888888888889 0.0765625 0.8388888888888889 0.0703125 0.8444444444444444 0.0390625 0.8583333333333333 0.0265625 0.8583333333333333 0 0.875 0 0.8666666666666667 0.003125 0.8638888888888889 0.021875 0.8583333333333333 0.0265625 0.8527777777777777 0.04375 0.8472222222222222 0.0734375 0.8305555555555556 0.1421875 0.8 0.15625 0.7972222222222223 0.2 0.775 0.20625 0.775 0.2125 0.7694444444444445 0.2359375 0.7638888888888888 0.2578125 0.75 0.2796875 0.7444444444444445 0.3078125 0.7305555555555555 0.315625 0.7305555555555555 0.3453125 0.7138888888888889
0 0.796875 0.7416666666666667 0.8078125 0.7416666666666667 0.825 0.75 0.846875 0.7527777777777778 0.865625 0.7611111111111111 0.88125 0.7611111111111111 0.8828125 0.7638888888888888 0.9015625 0.7666666666666667 0.9109375 0.7722222222222223 0.9328125 0.775 0.934375 0.7777777777777778 0.94375 0.7777777777777778 0.9453125 0.7805555555555556 0.975 0.7861111111111111 0.9765625 0.7888888888888889 0.9984375 0.7944444444444444 0.9984375 0.8027777777777778 0.99375 0.8055555555555556 0.975 0.7972222222222223 0.9546875 0.7944444444444444 0.94375 0.7888888888888889 0.93125 0.7888888888888889 0.9296875 0.7861111111111111 0.9109375 0.7833333333333333 0.909375 0.7805555555555556 0.8984375 0.7805555555555556 0.8890625 0.775 0.878125 0.775 0.8765625 0.7722222222222223 0.86875 0.7722222222222223 0.8671875 0.7694444444444445 0.859375 0.7694444444444445 0.8578125 0.7666666666666667 0.840625 0.7638888888888888 0.8296875 0.7583333333333333 0.81875 0.7583333333333333 0.8 0.75 0.796875 0.7444444444444445
0 0.5390625 0.7555555555555555 0.553125 0.775 0.5859375 0.8388888888888889 0.5859375 0.8416666666666667 0.5828125 0.8416666666666667 0.575 0.8305555555555556 0.5421875 0.7694444444444445 0.5390625 0.7583333333333333
0 0.5546875 0.7472222222222222 0.5640625 0.7555555555555555 0.5796875 0.7777777777777778 0.578125 0.7861111111111111 0.56875 0.7805555555555556 0.5546875 0.7611111111111111 0.55 0.75 0.553125 0.7472222222222222
0 0.3125 0.8472222222222222 0.3125 0.8527777777777777 0.309375 0.8583333333333333 0.296875 0.8694444444444445 0.2921875 0.8666666666666667 0.29375 0.8583333333333333 0.303125 0.8472222222222222 0.3109375 0.8472222222222222