0 0.8484375 0.6305555555555555 0.85 0.6333333333333333 0.8546875 0.6305555555555555 0.8609375 0.6305555555555555 0.8625 0.6333333333333333 0.8640625 0.6305555555555555 0.871875 0.6305555555555555 0.8734375 0.6333333333333333 0.8890625 0.6305555555555555 0.9 0.6361111111111111 0.9265625 0.6388888888888888 0.925 0.6444444444444445 0.91875 0.6444444444444445 0.9125 0.65 0.875 0.6555555555555556 0.8609375 0.6638888888888889 0.815625 0.6666666666666666 0.80625 0.6722222222222223 0.796875 0.6722222222222223 0.7890625 0.6777777777777778 0.7859375 0.6833333333333333 0.7796875 0.6861111111111111 0.725 0.6861111111111111 0.7234375 0.6833333333333333 0.7140625 0.6833333333333333 0.7046875 0.6777777777777778 0.7 0.6666666666666666 0.7 0.6611111111111111 0.7171875 0.6611111111111111 0.71875 0.6583333333333333 0.73125 0.6611111111111111 0.734375 0.6527777777777778 0.7484375 0.6583333333333333 0.7609375 0.65 0.765625 0.6527777777777778 0.7640625 0.6583333333333333 0.765625 0.6638888888888889 0.79375 0.6611111111111111 0.803125 0.65 0.803125 0.6416666666666667 0.8078125 0.6388888888888888 0.846875 0.6305555555555555
0 0.44375 0.7611111111111111 0.4453125 0.7666666666666667 0.434375 0.7944444444444444 0.4375 0.8027777777777778 0.4375 0.8083333333333333 0.43125 0.8111111111111111 0.4140625 0.8083333333333333 0.4125 0.8027777777777778 0.4171875 0.7944444444444444 0.4203125 0.7777777777777778 0.41875 0.775 0.40625 0.775 0.40625 0.7722222222222223 0.43125 0.7611111111111111 0.4421875 0.7611111111111111
0 0 0.7944444444444444 0.0109375 0.7888888888888889 0.01875 0.7888888888888889 0.0203125 0.7861111111111111 0.0296875 0.7861111111111111 0.053125 0.775 0.0703125 0.7722222222222223 0.0859375 0.7638888888888888 0.09375 0.7638888888888888 0.1 0.7583333333333333 0.109375 0.7583333333333333 0.1109375 0.7555555555555555 0.1375 0.75 0.146875 0.7444444444444445 0.1578125 0.7444444444444445 0.1828125 0.7333333333333333 0.2046875 0.7305555555555555 0.221875 0.7222222222222222 0.24375 0.7194444444444444 0.2453125 0.7166666666666667 0.26875 0.7166666666666667 0.271875 0.7222222222222222 0.2484375 0.7222222222222222 0.2390625 0.7277777777777777 0.2265625 0.7277777777777777 0.2046875 0.7388888888888889 0.1953125 0.7388888888888889 0.1859375 0.7444444444444445 0.159375 0.75 0.1421875 0.7583333333333333 0.134375 0.7583333333333333 0.109375 0.7694444444444445 0.1015625 0.7694444444444445 0.09375 0.775 0.084375 0.775 0.046875 0.7916666666666666 0.0359375 0.7916666666666666 0.034375 0.7944444444444444 0.028125 0.7944444444444444 0.0203125 0.8 0.0109375 0.8 0.0015625 0.8055555555555556 0 0.8055555555555556 0 0.7972222222222223
0 0.03125 0.8194444444444444 0.046875 0.8111111111111111 0.06875 0.8055555555555556 0.08125 0.7972222222222223 0.0953125 0.7944444444444444 0.096875 0.7916666666666666 0.103125 0.7944444444444444 0.09375 0.8027777777777778 0.05625 0.8194444444444444 0.03125 0.8222222222222222
0 0.9 0.7472222222222222 0.9015625 0.75 0.9125 0.75 0.9140625 0.7527777777777778 0.9265625 0.7527777777777778 0.934375 0.7666666666666667 0.99375 0.7722222222222223 0.9984375 0.775 0.9984375 0.7944444444444444 0.9765625 0.7916666666666666 0.975 0.7888888888888889 0.978125 0.7888888888888889 0.98125 0.7833333333333333 0.9796875 0.7805555555555556 0.9109375 0.7694444444444445 0.9046875 0.7583333333333333 0.8984375 0.7555555555555555 0.8625 0.7527777777777778 0.8578125 0.75 0.859375 0.7472222222222222 0.8984375 0.7472222222222222
0 0.40625 0.7722222222222223 0.425 0.7638888888888888 0.43125 0.7638888888888888 0.4328125 0.7611111111111111 0.44375 0.7611111111111111 0.4421875 0.775 0.4328125 0.7944444444444444 0.4359375 0.8027777777777778 0.434375 0.8083333333333333 0.415625 0.8083333333333333 0.4140625 0.8027777777777778 0.4234375 0.7777777777777778 0.421875 0.775 0.4078125 0.775
0 0.55 0.7527777777777778 0.553125 0.7555555555555555 0.5640625 0.7861111111111111 0.565625 0.8 0.5640625 0.8027777777777778 0.559375 0.8 0.5484375 0.7666666666666667 0.546875 0.7583333333333333 0.5484375 0.7555555555555555
0 0.771875 0.7444444444444445 0.784375 0.7472222222222222 0.8234375 0.7666666666666667 0.8296875 0.7666666666666667 0.8359375 0.7722222222222223 0.8484375 0.775 0.8671875 0.7861111111111111 0.8671875 0.7888888888888889 0.8546875 0.7888888888888889 0.8375 0.7777777777777778 0.83125 0.7777777777777778 0.8234375 0.7722222222222223 0.8171875 0.7722222222222223 0.8109375 0.7666666666666667 0.8046875 0.7666666666666667 0.7859375 0.7583333333333333 0.771875 0.7472222222222222
0 0.6765625 0.7472222222222222 0.678125 0.75 0.69375 0.75 0.7046875 0.7555555555555555 0.70625 0.7638888888888888 0.6953125 0.7777777777777778 0.696875 0.7833333333333333 0.7265625 0.7833333333333333 0.728125 0.7861111111111111 0.740625 0.7833333333333333 0.7546875 0.7916666666666666 0.7546875 0.7944444444444444 0.746875 0.7944444444444444 0.7453125 0.7972222222222223 0.740625 0.7944444444444444 0.734375 0.7944444444444444 0.7328125 0.7972222222222223 0.696875 0.7972222222222223 0.6953125 0.7944444444444444 0.69375 0.7972222222222223 0.68125 0.7972222222222223 0.6765625 0.7944444444444444 0.6703125 0.7833333333333333 0.6765625 0.7722222222222223 0.684375 0.7666666666666667 0.6875 0.7611111111111111 0.6859375 0.7583333333333333 0.675 0.7583333333333333 0.6734375 0.7555555555555555 0.65625 0.7555555555555555 0.6515625 0.7611111111111111 0.6390625 0.7611111111111111 0.6375 0.7583333333333333 0.6390625 0.7527777777777778 0.64375 0.75 0.675 0.7472222222222222
0 0.4796875 0.6527777777777778 0.484375 0.6527777777777778 0.5015625 0.6638888888888889 0.5265625 0.6944444444444444 0.5375 0.7138888888888889 0.5359375 0.7166666666666667 0.5296875 0.7138888888888889 0.5015625 0.675 0.4796875 0.6555555555555556
0 0.5296875 0.6361111111111111 0.53125 0.6388888888888888 0.5375 0.6388888888888888 0.5375 0.6444444444444445 0.53125 0.6444444444444445 0.5296875 0.6472222222222223 0.509375 0.6472222222222223 0.5078125 0.65 0.4921875 0.65 0.490625 0.6472222222222223 0.4890625 0.65 0.4703125 0.65 0.46875 0.6527777777777778 0.4515625 0.6527777777777778 0.45 0.6555555555555556 0.434375 0.6555555555555556 0.4328125 0.6583333333333333 0.4234375 0.6583333333333333 0.41875 0.6472222222222223 0.4234375 0.6416666666666667 0.446875 0.6416666666666667 0.4484375 0.6388888888888888 0.459375 0.6388888888888888 0.4609375 0.6361111111111111 0.528125 0.6361111111111111
0 0.3984375 0.7166666666666667 0.4 0.7166666666666667 0.39375 0.7277777777777777 0.3671875 0.75 0.3640625 0.75 0.3578125 0.7583333333333333 0.3546875 0.7583333333333333 0.3515625 0.7638888888888888 0.3484375 0.7638888888888888 0.3234375 0.7861111111111111 0.315625 0.7972222222222223 0.3046875 0.8 0.275 0.8277777777777777 0.2578125 0.8388888888888889 0.2453125 0.8527777777777777 0.240625 0.8527777777777777 0.2296875 0.8638888888888889 0.21875 0.8694444444444445 0.215625 0.875 0.2125 0.875 0.1765625 0.9083333333333333 0.1609375 0.9166666666666666 0.1484375 0.9305555555555556 0.140625 0.9333333333333333 0.10625 0.9638888888888889 0.1015625 0.9638888888888889 0.0765625 0.9888888888888889 0.0734375 0.9888888888888889 0.06875 0.9944444444444445 0.05625 0.9944444444444445 0.0546875 0.9972222222222222 0.05 0.9972222222222222 0.046875 0.9944444444444445 0.0484375 0.9916666666666667 0.059375 0.9861111111111112 0.06875 0.9722222222222222 0.0890625 0.9527777777777777 0.103125 0.9472222222222222 0.1109375 0.9361111111111111 0.115625 0.9361111111111111 0.121875 0.9277777777777778 0.125 0.9277777777777778 0.1375 0.9166666666666666 0.1421875 0.9166666666666666 0.146875 0.9111111111111111 0.15 0.9111111111111111 0.153125 0.9055555555555556 0.1609375 0.9027777777777778 0.1671875 0.8916666666666667 0.175 0.8916666666666667 0.178125 0.8861111111111111 0.1875 0.8805555555555555 0.190625 0.8722222222222222 0.1953125 0.8722222222222222 0.2203125 0.8555555555555555 0.2234375 0.85 0.234375 0.8444444444444444 0.2375 0.8388888888888889 0.2453125 0.8361111111111111 0.2546875 0.825 0.259375 0.825 0.2640625 0.8194444444444444 0.275 0.8138888888888889 0.278125 0.8083333333333333 0.290625 0.8 0.2953125 0.7916666666666666 0.3140625 0.7833333333333333 0.328125 0.7722222222222223 0.334375 0.7638888888888888 0.3453125 0.7583333333333333 0.3546875 0.7472222222222222 0.3578125 0.7472222222222222 0.36875 0.7361111111111112 0.384375 0.7277777777777777 0.390625 0.7194444444444444 0.396875 0.7166666666666667