0 0.4921875 0.65 0.496875 0.65 0.4953125 0.6583333333333333 0.4921875 0.6527777777777778
0 0.4171875 0.6777777777777778 0.41875 0.6777777777777778 0.4171875 0.6833333333333333 0.4140625 0.6861111111111111 0.409375 0.6861111111111111 0.4109375 0.6805555555555556 0.415625 0.6777777777777778
0 0.390625 0.7111111111111111 0.390625 0.7138888888888889 0.3796875 0.725 0.3734375 0.725 0.375 0.7194444444444444 0.384375 0.7111111111111111 0.3890625 0.7111111111111111
0 0.825 0.7916666666666666 0.8359375 0.7916666666666666 0.8609375 0.8083333333333333 0.859375 0.8111111111111111 0.853125 0.8111111111111111 0.8265625 0.7944444444444444
0 0.775 0.7638888888888888 0.78125 0.7611111111111111 0.8 0.7722222222222223 0.8015625 0.775 0.796875 0.7777777777777778 0.7765625 0.7666666666666667
0 0 0.8555555555555555 0.015625 0.85 0.0453125 0.8305555555555556 0.0609375 0.825 0.0921875 0.8055555555555556 0.1046875 0.8 0.1125 0.8 0.109375 0.8055555555555556 0.065625 0.8305555555555556 0.0609375 0.8305555555555556 0.040625 0.8444444444444444 0.0359375 0.8444444444444444 0.0203125 0.8555555555555555 0.0078125 0.8611111111111112 0 0.8611111111111112 0 0.8583333333333333
0 0.3734375 0.6555555555555556 0.365625 0.6638888888888889 0.3640625 0.6611111111111111 0.3671875 0.6555555555555556 0.371875 0.6555555555555556
0 0.896875 0.8333333333333334 0.9125 0.8361111111111111 0.921875 0.8444444444444444 0.9265625 0.8444444444444444 0.93125 0.85 0.9546875 0.8611111111111112 0.9515625 0.8666666666666667 0.9421875 0.8638888888888889 0.896875 0.8361111111111111
0 0.503125 0.7111111111111111 0.5078125 0.7111111111111111 0.509375 0.7166666666666667 0.509375 0.7277777777777777 0.50625 0.7277777777777777 0.503125 0.7138888888888889
0 0.51875 0.8 0.525 0.8 0.5265625 0.8027777777777778 0.5375 0.8583333333333333 0.5375 0.8666666666666667 0.5296875 0.8666666666666667 0.528125 0.8638888888888889 0.528125 0.8555555555555555 0.525 0.8472222222222222 0.51875 0.8027777777777778
0 0.5359375 0.6402777777777777 0.00625 0.008333333333333333
0 0.2765625 0.7166666666666667 0.2734375 0.7222222222222222 0.2578125 0.7277777777777777 0.2515625 0.7333333333333333 0.24375 0.7333333333333333 0.24375 0.7305555555555555 0.25 0.725 0.275 0.7166666666666667
0 0.6890625 0.7083333333333334 0.69375 0.7083333333333334 0.6984375 0.7138888888888889 0.6984375 0.7166666666666667 0.6921875 0.7166666666666667 0.6890625 0.7111111111111111
0 0.325 0.6916666666666667 0.3265625 0.6861111111111111 0.334375 0.6805555555555556 0.3390625 0.6805555555555556 0.3375 0.6861111111111111 0.33125 0.6916666666666667 0.3265625 0.6916666666666667
0 0.709375 0.7222222222222222 0.715625 0.7222222222222222 0.725 0.7305555555555555 0.721875 0.7333333333333333 0.709375 0.725
0 0.4265625 0.6527777777777778 0.4328125 0.6527777777777778 0.43125 0.6583333333333333 0.4265625 0.6555555555555556
0 0.7515625 0.6888888888888889 0.759375 0.6944444444444444 0.771875 0.6972222222222222 0.7765625 0.7027777777777777 0.78125 0.7027777777777777 0.7828125 0.7055555555555556 0.7828125 0.725 0.775 0.725 0.7359375 0.7055555555555556 0.6953125 0.7027777777777777 0.69375 0.7 0.6890625 0.7027777777777777 0.6875 0.7 0.6671875 0.7 0.6640625 0.6972222222222222 0.6671875 0.6888888888888889 0.675 0.6833333333333333 0.690625 0.6833333333333333 0.6984375 0.6777777777777778 0.7171875 0.6805555555555556 0.734375 0.6888888888888889 0.75 0.6888888888888889
0 0.734375 0.7027777777777777 0.7578125 0.7083333333333334 0.76875 0.7166666666666667 0.778125 0.7166666666666667 0.784375 0.7222222222222222 0.784375 0.7277777777777777 0.7796875 0.7277777777777777 0.734375 0.7055555555555556
0 0.8953125 0.8333333333333334 0.9140625 0.8361111111111111 0.9234375 0.8444444444444444 0.9546875 0.8611111111111112 0.953125 0.8666666666666667 0.940625 0.8638888888888889 0.9359375 0.8583333333333333 0.93125 0.8583333333333333 0.896875 0.8361111111111111
0 0.496875 0.675 0.5015625 0.6777777777777778 0.5015625 0.6861111111111111 0.4984375 0.6861111111111111 0.496875 0.6777777777777778
0 0.7390625 0.7416666666666667 0.7421875 0.7388888888888889 0.759375 0.75 0.753125 0.7527777777777778 0.740625 0.7444444444444445
0 0.55625 0.6527777777777778 0.5609375 0.6555555555555556 0.5609375 0.6611111111111111 0.55625 0.6583333333333333 0.55625 0.6555555555555556
0 0.25625 0.8583333333333333 0.290625 0.8166666666666667 0.2953125 0.8138888888888889 0.3 0.8055555555555556 0.309375 0.7972222222222223 0.3140625 0.7972222222222223 0.3140625 0.8027777777777778 0.2671875 0.8611111111111112 0.2640625 0.8638888888888889 0.25625 0.8638888888888889 0.25625 0.8611111111111112