0 0.26875 0.6722222222222223 0.2703125 0.675 0.2671875 0.6777777777777778 0.240625 0.6944444444444444 0.2265625 0.6944444444444444 0.2265625 0.6916666666666667 0.2359375 0.6861111111111111 0.2453125 0.675 0.25 0.6722222222222223 0.2671875 0.6722222222222223
0 0.553125 0.6888888888888889 0.5546875 0.6916666666666667 0.5734375 0.6916666666666667 0.5828125 0.7 0.5921875 0.7 0.6046875 0.7083333333333334 0.609375 0.7083333333333334 0.6109375 0.7111111111111111 0.6078125 0.7194444444444444 0.5984375 0.7194444444444444 0.596875 0.7166666666666667 0.5890625 0.7194444444444444 0.5875 0.7166666666666667 0.56875 0.7138888888888889 0.5671875 0.7111111111111111 0.565625 0.7138888888888889 0.5578125 0.7138888888888889 0.55625 0.7111111111111111 0.5359375 0.7083333333333334 0.534375 0.6972222222222222 0.5359375 0.6861111111111111 0.5515625 0.6888888888888889
0 0.065625 0.6388888888888888 0.0828125 0.6388888888888888 0.09375 0.6444444444444445 0.103125 0.6444444444444445 0.10625 0.6416666666666667 0.1140625 0.6527777777777778 0.1328125 0.6583333333333333 0.13125 0.6611111111111111 0.1171875 0.6611111111111111 0.109375 0.6555555555555556 0.08125 0.6555555555555556 0.0796875 0.6527777777777778 0.0734375 0.6555555555555556 0.0671875 0.65 0.065625 0.6416666666666667
0 0.35 0.6888888888888889 0.028125 0.022222222222222223
0 0.24375 0.6666666666666666 0.2453125 0.6694444444444444 0.2703125 0.6694444444444444 0.271875 0.6722222222222223 0.2828125 0.6722222222222223 0.284375 0.675 0.2890625 0.6722222222222223 0.2984375 0.6777777777777778 0.315625 0.6777777777777778 0.3171875 0.675 0.3359375 0.675 0.3390625 0.6777777777777778 0.340625 0.675 0.3453125 0.6805555555555556 0.3578125 0.675 0.36875 0.6805555555555556 0.35 0.6972222222222222 0.325 0.6972222222222222 0.3203125 0.6916666666666667 0.3171875 0.6972222222222222 0.3 0.6972222222222222 0.2953125 0.6916666666666667 0.29375 0.6944444444444444 0.2828125 0.6916666666666667 0.275 0.6972222222222222 0.2640625 0.6972222222222222 0.253125 0.6888888888888889 0.24375 0.6944444444444444 0.21875 0.6972222222222222 0.2125 0.6944444444444444 0.209375 0.6833333333333333 0.2109375 0.6722222222222223 0.2234375 0.6694444444444444 0.225 0.6666666666666666 0.2421875 0.6666666666666666
0 0.3 0.6944444444444444 0.3078125 0.6833333333333333 0.3203125 0.675 0.33125 0.675 0.33125 0.6805555555555556 0.325 0.6833333333333333 0.3171875 0.6944444444444444 0.3125 0.6972222222222222 0.303125 0.6972222222222222 0.3015625 0.6944444444444444
0 0.08125 0.65 0.0875 0.6472222222222223 0.1078125 0.6472222222222223 0.10625 0.6527777777777778 0.0984375 0.6527777777777778 0.096875 0.6555555555555556 0.084375 0.6555555555555556 0.08125 0.6527777777777778
0 0.29375 0.675 0.2953125 0.6777777777777778 0.29375 0.6805555555555556 0.2765625 0.6944444444444444 0.2640625 0.6944444444444444 0.2625 0.6916666666666667 0.2640625 0.6888888888888889 0.284375 0.675 0.2921875 0.675
0 0.240625 0.6666666666666666 0.2421875 0.6694444444444444 0.240625 0.6722222222222223 0.228125 0.6777777777777778 0.215625 0.6916666666666667 0.2125 0.6916666666666667 0.209375 0.6861111111111111 0.209375 0.675 0.2109375 0.6722222222222223 0.2234375 0.6694444444444444 0.225 0.6666666666666666 0.2390625 0.6666666666666666
0 0.0078125 0.6388888888888888 0.0109375 0.6361111111111111 0.040625 0.6361111111111111 0.0421875 0.6388888888888888 0.046875 0.6361111111111111 0.034375 0.6416666666666667 0.021875 0.6416666666666667 0.0203125 0.6444444444444445 0.0109375 0.6444444444444445 0.009375 0.6416666666666667
0 0.3171875 0.9916666666666667 0.3296875 0.9583333333333334 0.3328125 0.9388888888888889 0.3375 0.9277777777777778 0.3359375 0.9222222222222223 0.3328125 0.925 0.325 0.9472222222222222 0.31875 0.9555555555555556 0.3078125 0.9916666666666667 0.303125 0.9972222222222222 0.290625 0.9972222222222222 0.290625 0.9916666666666667 0.33125 0.8888888888888888 0.3359375 0.8722222222222222 0.3484375 0.8472222222222222 0.3546875 0.8277777777777777 0.371875 0.7888888888888889 0.3859375 0.7305555555555555 0.3859375 0.7166666666666667 0.3875 0.7138888888888889 0.403125 0.7138888888888889 0.4140625 0.7083333333333334 0.425 0.7083333333333334 0.4265625 0.7166666666666667 0.41875 0.7305555555555555 0.4078125 0.7666666666666667 0.4015625 0.7805555555555556 0.4 0.7916666666666666 0.396875 0.7972222222222223 0.396875 0.8027777777777778 0.39375 0.8083333333333333 0.39375 0.8138888888888889 0.3859375 0.8416666666666667 0.3734375 0.8694444444444445 0.371875 0.8833333333333333 0.36875 0.8888888888888888 0.365625 0.9027777777777778 0.3515625 0.9305555555555556 0.340625 0.975 0.3328125 0.9944444444444445 0.3296875 0.9972222222222222 0.3203125 0.9972222222222222 0.31875 0.9944444444444445
0 0.55 0.6972222222222222 0.5578125 0.7055555555555556 0.5578125 0.7083333333333334 0.5484375 0.7083333333333334 0.5359375 0.7 0.534375 0.6972222222222222 0.5359375 0.6888888888888889 0.5484375 0.6972222222222222
0 0.5640625 0.7 0.565625 0.6972222222222222 0.5734375 0.6972222222222222 0.5796875 0.7 0.5875 0.7111111111111111 0.590625 0.7111111111111111 0.5921875 0.7138888888888889 0.590625 0.7166666666666667 0.584375 0.7166666666666667 0.571875 0.7111111111111111 0.565625 0.7027777777777777