0 0.4828125 0.7083333333333334 0.4796875 0.7138888888888889 0.459375 0.7222222222222222 0.45625 0.7277777777777777 0.4421875 0.7333333333333333 0.4109375 0.7583333333333333 0.40625 0.7583333333333333 0.3546875 0.8027777777777778 0.31875 0.8416666666666667 0.315625 0.8416666666666667 0.3109375 0.85 0.30625 0.8527777777777777 0.3015625 0.8611111111111112 0.2921875 0.8694444444444445 0.275 0.8916666666666667 0.271875 0.8916666666666667 0.2421875 0.9305555555555556 0.2234375 0.9527777777777777 0.2203125 0.9527777777777777 0.1953125 0.9861111111111112 0.190625 0.9888888888888889 0.165625 0.9888888888888889 0.165625 0.9861111111111112 0.203125 0.9416666666666667 0.225 0.9222222222222223 0.2453125 0.8944444444444445 0.265625 0.875 0.271875 0.8638888888888889 0.290625 0.85 0.3140625 0.8222222222222222 0.3203125 0.8166666666666667 0.321875 0.8194444444444444 0.328125 0.8111111111111111 0.3671875 0.7777777777777778 0.3703125 0.7722222222222223 0.39375 0.7583333333333333 0.4078125 0.7444444444444445 0.4109375 0.7472222222222222 0.4375 0.7277777777777777 0.4421875 0.7277777777777777 0.453125 0.7194444444444444 0.48125 0.7111111111111111
0 0.8921875 0.85 0.89375 0.8472222222222222 0.9015625 0.8472222222222222 0.9265625 0.8666666666666667 0.925 0.8722222222222222 0.921875 0.8722222222222222 0.90625 0.8638888888888889 0.89375 0.8527777777777777
0 0.628125 0.6805555555555556 0.6296875 0.6833333333333333 0.646875 0.6833333333333333 0.6484375 0.6861111111111111 0.6609375 0.6861111111111111 0.6625 0.6888888888888889 0.6640625 0.6861111111111111 0.671875 0.6861111111111111 0.675 0.6888888888888889 0.6796875 0.7138888888888889 0.6734375 0.725 0.6375 0.725 0.6359375 0.7222222222222222 0.6265625 0.7222222222222222 0.6171875 0.7166666666666667 0.615625 0.7138888888888889 0.6140625 0.6916666666666667 0.6171875 0.6833333333333333 0.6265625 0.6805555555555556
0 0.89375 0.8472222222222222 0.9 0.8472222222222222 0.909375 0.8527777777777777 0.925 0.8666666666666667 0.925 0.8694444444444445 0.9171875 0.8694444444444445 0.903125 0.8611111111111112 0.89375 0.85
0 0.8578125 0.8138888888888889 0.865625 0.8166666666666667 0.8765625 0.8277777777777777 0.8765625 0.8305555555555556 0.86875 0.8305555555555556 0.859375 0.8222222222222222 0.8578125 0.8166666666666667
0 0.2046875 0.7166666666666667 0.20625 0.7194444444444444 0.2 0.725 0.19375 0.725 0.165625 0.7416666666666667 0.1015625 0.7694444444444445 0.0765625 0.7861111111111111 0.0609375 0.7916666666666666 0.05 0.8 0.0484375 0.7972222222222223 0.0421875 0.8 0 0.825 0 0.8111111111111111 0.0328125 0.7916666666666666 0.0375 0.7916666666666666 0.05 0.7833333333333333 0.0578125 0.7833333333333333 0.1125 0.7527777777777778 0.11875 0.7527777777777778 0.1375 0.7416666666666667 0.14375 0.7416666666666667 0.1546875 0.7333333333333333 0.1765625 0.7277777777777777 0.1953125 0.7166666666666667 0.203125 0.7166666666666667
0 0.3421875 0.6916666666666667 0.3484375 0.6944444444444444 0.3484375 0.7027777777777777 0.34375 0.7138888888888889 0.3234375 0.7361111111111112 0.31875 0.7444444444444445 0.3109375 0.75 0.303125 0.7638888888888888 0.284375 0.7833333333333333 0.2734375 0.8027777777777778 0.253125 0.8222222222222222 0.2421875 0.8416666666666667 0.2390625 0.8416666666666667 0.225 0.8583333333333333 0.2171875 0.8722222222222222 0.2015625 0.8888888888888888 0.1765625 0.925 0.16875 0.9305555555555556 0.140625 0.9722222222222222 0.134375 0.975 0.1265625 0.9861111111111112 0.1015625 0.9861111111111112 0.1015625 0.9805555555555555 0.1125 0.9694444444444444 0.128125 0.9472222222222222 0.134375 0.9444444444444444 0.1640625 0.9055555555555556 0.190625 0.8777777777777778 0.221875 0.8361111111111111 0.2328125 0.825 0.2359375 0.825 0.2421875 0.8138888888888889 0.2796875 0.7722222222222223 0.290625 0.7555555555555555 0.296875 0.7527777777777778 0.3046875 0.7416666666666667 0.328125 0.7194444444444444 0.3375 0.7055555555555556 0.340625 0.7055555555555556 0.3421875 0.6944444444444444
0 0.05 0.8 0.0484375 0.7972222222222223 0.0359375 0.8027777777777778 0.0265625 0.8111111111111111 0.021875 0.8111111111111111 0 0.825 0 0.8111111111111111 0.04375 0.7861111111111111 0.05 0.7833333333333333 0.053125 0.7861111111111111 0.1078125 0.7555555555555555 0.1265625 0.75 0.1375 0.7416666666666667 0.14375 0.7416666666666667 0.1703125 0.7277777777777777 0.1765625 0.7277777777777777 0.1984375 0.7166666666666667 0.2046875 0.7194444444444444 0.1875 0.7305555555555555 0.18125 0.7305555555555555 0.165625 0.7416666666666667 0.153125 0.7444444444444445 0.1421875 0.7527777777777778 0.1359375 0.7527777777777778 0.1234375 0.7611111111111111 0.1171875 0.7611111111111111 0.0859375 0.7805555555555556 0.08125 0.7805555555555556 0.065625 0.7916666666666666 0.0515625 0.7972222222222223
0 0.984375 0.9166666666666666 0.9859375 0.9194444444444444 0.9921875 0.9194444444444444 0.99375 0.9222222222222223 0.99375 0.9333333333333333 0.9828125 0.925 0.9796875 0.9194444444444444 0.9828125 0.9166666666666666
0 0.6296875 0.7444444444444445 0.63125 0.7472222222222222 0.6453125 0.7472222222222222 0.646875 0.75 0.678125 0.7472222222222222 0.6828125 0.7527777777777778 0.7015625 0.7527777777777778 0.703125 0.7555555555555555 0.71875 0.7555555555555555 0.7203125 0.7583333333333333 0.7578125 0.7583333333333333 0.759375 0.7555555555555555 0.7875 0.7583333333333333 0.7953125 0.7638888888888888 0.8171875 0.7638888888888888 0.81875 0.7666666666666667 0.825 0.7666666666666667 0.8265625 0.7694444444444445 0.8140625 0.7694444444444445 0.8125 0.7722222222222223 0.7875 0.7722222222222223 0.7859375 0.7694444444444445 0.7671875 0.7694444444444445 0.765625 0.7666666666666667 0.7046875 0.7666666666666667 0.703125 0.7638888888888888 0.6828125 0.7638888888888888 0.675 0.7583333333333333 0.6078125 0.75 0.60625 0.7472222222222222 0.6 0.7472222222222222 0.60625 0.7472222222222222 0.6078125 0.7444444444444445 0.628125 0.7444444444444445
0 0.6234375 0.9 0.625 0.8972222222222223 0.621875 0.8861111111111111 0.621875 0.8777777777777778 0.615625 0.8555555555555555 0.615625 0.8472222222222222 0.609375 0.8138888888888889 0.609375 0.7666666666666667 0.6109375 0.7555555555555555 0.6171875 0.75 0.6171875 0.7944444444444444 0.61875 0.7972222222222223 0.6203125 0.825 0.6265625 0.8555555555555555 0.6296875 0.8611111111111112 0.6296875 0.8666666666666667 0.6328125 0.875 0.6390625 0.9166666666666666 0.659375 0.9944444444444445 0.659375 0.9972222222222222 0.6453125 0.9972222222222222 0.64375 0.9944444444444445 0.6328125 0.9472222222222222 0.6328125 0.9388888888888889 0.625 0.9111111111111111 0.625 0.9027777777777778