0 0.5953125 0.6583333333333333 0.6078125 0.6638888888888889 0.6125 0.6694444444444444 0.6109375 0.6722222222222223 0.6046875 0.6722222222222223 0.5953125 0.6666666666666666 0.590625 0.6611111111111111 0.59375 0.6583333333333333
0 0.234375 0.7888888888888889 0.23125 0.7944444444444444 0.209375 0.8111111111111111 0.2015625 0.8111111111111111 0.2015625 0.8083333333333333 0.21875 0.7944444444444444 0.2328125 0.7888888888888889
0 0.2640625 0.7638888888888888 0.2453125 0.7833333333333333 0.240625 0.7833333333333333 0.2390625 0.7805555555555556 0.240625 0.7777777777777778 0.253125 0.7666666666666667 0.2625 0.7638888888888888
0 0.328125 0.7083333333333334 0.321875 0.7194444444444444 0.315625 0.7194444444444444 0.315625 0.7166666666666667 0.321875 0.7083333333333334 0.3265625 0.7083333333333334
0 0.5203125 0.7 0.525 0.7 0.5296875 0.7111111111111111 0.5296875 0.7166666666666667 0.5265625 0.7166666666666667 0.5203125 0.7027777777777777
0 0.1875 0.8277777777777777 0.1859375 0.8333333333333334 0.15625 0.8555555555555555 0.15 0.8555555555555555 0.15 0.85 0.1765625 0.8305555555555556 0.1859375 0.8277777777777777
0 0.1140625 0.8861111111111111 0.115625 0.8916666666666667 0.1109375 0.8972222222222223 0.1015625 0.9055555555555556 0.09375 0.9083333333333333 0.084375 0.9222222222222223 0.06875 0.9333333333333333 0.05625 0.9333333333333333 0.053125 0.9277777777777778 0.0703125 0.9194444444444444 0.0796875 0.9194444444444444 0.0875 0.9111111111111111 0.09375 0.8972222222222223 0.103125 0.8888888888888888 0.1125 0.8861111111111111
0 0.29375 0.7361111111111112 0.303125 0.725 0.3078125 0.725 0.3046875 0.7333333333333333 0.2953125 0.7361111111111112
0 0.5015625 0.6611111111111111 0.509375 0.6611111111111111 0.5125 0.675 0.5125 0.6777777777777778 0.5078125 0.6777777777777778 0.5015625 0.6638888888888889
0 0.4640625 0.6638888888888889 0.4625 0.675 0.45625 0.675 0.453125 0.6694444444444444 0.45625 0.6611111111111111 0.4625 0.6638888888888889
0 0.6328125 0.6611111111111111 0.6421875 0.6611111111111111 0.6515625 0.6666666666666666 0.6703125 0.6666666666666666 0.6765625 0.675 0.6765625 0.6777777777777778 0.6546875 0.6777777777777778 0.64375 0.6722222222222223 0.634375 0.6722222222222223 0.6328125 0.6638888888888889
0 0.2890625 0.7416666666666667 0.2875 0.7472222222222222 0.28125 0.7527777777777778 0.275 0.7527777777777778 0.275 0.75 0.278125 0.7444444444444445 0.2875 0.7416666666666667
0 0.4359375 0.6805555555555556 0.4421875 0.6694444444444444 0.4421875 0.6638888888888889 0.446875 0.6583333333333333 0.446875 0.6722222222222223 0.4375 0.6833333333333333
0 0.0546875 0.9277777777777778 0.0703125 0.9194444444444444 0.078125 0.9194444444444444 0.0875 0.9111111111111111 0.09375 0.8972222222222223 0.103125 0.8888888888888888 0.109375 0.8861111111111111 0.115625 0.8888888888888888 0.1109375 0.8972222222222223 0.1015625 0.9055555555555556 0.09375 0.9083333333333333 0.084375 0.9222222222222223 0.08125 0.9222222222222223 0.0734375 0.9305555555555556 0.06875 0.9333333333333333 0.05625 0.9333333333333333 0.0546875 0.9305555555555556
0 0.5796875 0.6583333333333333 0.58125 0.6611111111111111 0.5984375 0.6583333333333333 0.60625 0.6638888888888889 0.6125 0.6638888888888889 0.6125 0.6722222222222223 0.609375 0.675 0.60625 0.6722222222222223 0.5796875 0.6722222222222223 0.5703125 0.6638888888888889 0.565625 0.6694444444444444 0.55625 0.6694444444444444 0.5546875 0.6666666666666666 0.55625 0.6611111111111111 0.565625 0.6638888888888889 0.578125 0.6583333333333333
0 0.55625 0.7694444444444445 0.5609375 0.7694444444444445 0.56875 0.7833333333333333 0.5890625 0.7833333333333333 0.5875 0.7888888888888889 0.5796875 0.7888888888888889 0.5765625 0.7944444444444444 0.58125 0.8055555555555556 0.58125 0.8111111111111111 0.575 0.8111111111111111 0.5703125 0.8055555555555556 0.5671875 0.7944444444444444 0.55625 0.7722222222222223
0 0.55625 0.6611111111111111 0.5625 0.6666666666666666 0.5625 0.6694444444444444 0.55625 0.6694444444444444 0.55625 0.6638888888888889