0 0.809375 0.6583333333333333 0.821875 0.6583333333333333 0.8234375 0.6555555555555556 0.828125 0.6583333333333333 0.83125 0.6555555555555556 0.8328125 0.6583333333333333 0.865625 0.6611111111111111 0.875 0.6555555555555556 0.8796875 0.6583333333333333 0.884375 0.6722222222222223 0.884375 0.7 0.8828125 0.7027777777777777 0.865625 0.7027777777777777 0.859375 0.6972222222222222 0.8375 0.6944444444444444 0.8359375 0.6916666666666667 0.821875 0.6916666666666667 0.8171875 0.6944444444444444 0.809375 0.6833333333333333 0.809375 0.6611111111111111
0 0.0703125 0.7361111111111112 0.1015625 0.7361111111111112 0.103125 0.7333333333333333 0.1203125 0.7333333333333333 0.1234375 0.7361111111111112 0.1234375 0.7388888888888889 0.1125 0.7388888888888889 0.1109375 0.7416666666666667 0.0703125 0.7416666666666667 0.0703125 0.7388888888888889
0 0.23125 0.8444444444444444 0.2328125 0.8388888888888889 0.2703125 0.8361111111111111 0.271875 0.8333333333333334 0.3 0.8333333333333334 0.3015625 0.8305555555555556 0.31875 0.8305555555555556 0.3171875 0.8361111111111111 0.30625 0.8361111111111111 0.3046875 0.8388888888888889 0.2609375 0.8416666666666667 0.259375 0.8444444444444444 0.2328125 0.8444444444444444
0 0.678125 0.6777777777777778 0.684375 0.6833333333333333 0.6890625 0.6777777777777778 0.7015625 0.6777777777777778 0.703125 0.6888888888888889 0.7171875 0.6861111111111111 0.728125 0.6916666666666667 0.7328125 0.7027777777777777 0.7328125 0.7138888888888889 0.7375 0.7222222222222222 0.746875 0.7194444444444444 0.7453125 0.7277777777777777 0.746875 0.7305555555555555 0.746875 0.7638888888888888 0.74375 0.7722222222222223 0.7390625 0.7722222222222223 0.7328125 0.7777777777777778 0.725 0.7777777777777778 0.7171875 0.7833333333333333 0.7125 0.7805555555555556 0.7078125 0.7861111111111111 0.6984375 0.7861111111111111 0.696875 0.7833333333333333 0.690625 0.7833333333333333 0.6890625 0.7861111111111111 0.6578125 0.7833333333333333 0.64375 0.7694444444444445 0.6375 0.7666666666666667 0.63125 0.7555555555555555 0.628125 0.7555555555555555 0.615625 0.7416666666666667 0.6125 0.7416666666666667 0.5890625 0.7194444444444444 0.5859375 0.7194444444444444 0.5734375 0.7 0.5609375 0.6944444444444444 0.565625 0.6888888888888889 0.584375 0.6888888888888889 0.5859375 0.6916666666666667 0.63125 0.6888888888888889 0.6328125 0.6861111111111111 0.6375 0.6888888888888889 0.665625 0.6888888888888889 0.678125 0.6805555555555556
0 0.9984375 0.8333333333333334 0.9984375 0.9111111111111111 0.975 0.9 0.9765625 0.8888888888888888 0.9734375 0.8805555555555555 0.921875 0.8777777777777778 0.9 0.8666666666666667 0.8953125 0.8611111111111112 0.928125 0.8583333333333333 0.9296875 0.8555555555555555 0.9265625 0.85 0.9046875 0.85 0.9 0.8472222222222222 0.9 0.8444444444444444 0.9125 0.8416666666666667 0.9140625 0.8388888888888889 0.93125 0.8416666666666667 0.934375 0.8361111111111111 0.940625 0.8333333333333334 0.9484375 0.8333333333333334 0.95 0.8361111111111111 0.9515625 0.8333333333333334 0.959375 0.8333333333333334 0.9609375 0.8361111111111111 0.9671875 0.8333333333333334 0.996875 0.8333333333333334
0 0.0109375 0.7666666666666667 0.015625 0.7638888888888888 0.0765625 0.7611111111111111 0.075 0.7666666666666667 0.0578125 0.7666666666666667 0.05625 0.7694444444444445 0.0109375 0.7694444444444445
0 0.20625 0.85 0.2046875 0.8555555555555555 0.175 0.8888888888888888 0.171875 0.8888888888888888 0.171875 0.8833333333333333 0.184375 0.8638888888888889 0.196875 0.85 0.2046875 0.85
0 0.265625 0.7111111111111111 0.2671875 0.7111111111111111 0.265625 0.7138888888888889 0.253125 0.7138888888888889 0.2515625 0.7166666666666667 0.21875 0.7166666666666667 0.215625 0.7138888888888889 0.2171875 0.7111111111111111 0.24375 0.7111111111111111 0.2453125 0.7083333333333334 0.259375 0.7083333333333334 0.2640625 0.7111111111111111
0 0.2984375 0.7083333333333334 0.3015625 0.7055555555555556 0.3375 0.7055555555555556 0.3390625 0.7083333333333334 0.3375 0.7111111111111111 0.3 0.7111111111111111
0 0.2859375 0.7805555555555556 0.2875 0.775 0.3171875 0.775 0.31875 0.7722222222222223 0.3546875 0.7722222222222223 0.35625 0.775 0.353125 0.7777777777777778 0.2875 0.7805555555555556
0 0.146875 0.7916666666666666 0.178125 0.7888888888888889 0.1796875 0.7861111111111111 0.2015625 0.7861111111111111 0.203125 0.7833333333333333 0.2234375 0.7833333333333333 0.2234375 0.7888888888888889 0.2125 0.7888888888888889 0.2109375 0.7916666666666666 0.1625 0.7944444444444444 0.1609375 0.7972222222222223 0.1484375 0.7972222222222223 0.146875 0.7944444444444444
0 0.2015625 0.7555555555555555 0.2015625 0.7583333333333333 0.196875 0.7611111111111111 0.15625 0.7611111111111111 0.1546875 0.7638888888888888 0.146875 0.7611111111111111 0.146875 0.7583333333333333 0.1515625 0.7555555555555555 0.2 0.7555555555555555
0 0.0734375 0.8 0.0734375 0.8027777777777778 0.0671875 0.8055555555555556 0.0046875 0.8083333333333333 0.003125 0.8111111111111111 0 0.8111111111111111 0 0.8027777777777778 0.00625 0.8027777777777778 0.0078125 0.8 0.0578125 0.8 0.059375 0.7972222222222223 0.0703125 0.7972222222222223 0.071875 0.8
0 0.0828125 0.7194444444444444 0.0796875 0.725 0.0546875 0.725 0.053125 0.7277777777777777 0.0515625 0.725 0.0453125 0.7277777777777777 0.0296875 0.725 0.0296875 0.7222222222222222 0.0359375 0.7194444444444444 0.08125 0.7194444444444444
0 0.153125 0.8555555555555555 0.1421875 0.8611111111111112 0.1234375 0.8611111111111112 0.121875 0.8638888888888889 0.10625 0.8638888888888889 0.1046875 0.8666666666666667 0.084375 0.8666666666666667 0.0828125 0.8694444444444445 0.05 0.8694444444444445 0.05 0.8666666666666667 0.0546875 0.8638888888888889 0.0875 0.8611111111111112 0.0890625 0.8583333333333333 0.1125 0.8583333333333333 0.1140625 0.8555555555555555 0.134375 0.8555555555555555 0.1359375 0.8527777777777777 0.1515625 0.8555555555555555
0 0.1828125 0.7333333333333333 0.19375 0.7277777777777777 0.2296875 0.7277777777777777 0.23125 0.7305555555555555 0.2296875 0.7333333333333333 0.184375 0.7333333333333333
0 0.090625 0.9611111111111111 0.0984375 0.9555555555555556 0.1015625 0.95 0.1078125 0.9472222222222222 0.1109375 0.9416666666666667 0.1203125 0.9361111111111111 0.134375 0.9194444444444444 0.1453125 0.9194444444444444 0.14375 0.925 0.1109375 0.9555555555555556 0.1078125 0.9611111111111111 0.1046875 0.9611111111111111 0.1 0.9666666666666667 0.0890625 0.9666666666666667 0.090625 0.9638888888888889