0 0.55 0.7222222222222222 0.55625 0.7222222222222222 0.5625 0.7333333333333333 0.5625 0.7361111111111112 0.55625 0.7361111111111112 0.55 0.7305555555555555 0.55 0.725
0 0.5078125 0.7138888888888889 0.50625 0.7083333333333334 0.5078125 0.7 0.5140625 0.7027777777777777 0.5140625 0.7138888888888889 0.509375 0.7138888888888889
0 0.4609375 0.7138888888888889 0.4640625 0.7055555555555556 0.46875 0.7055555555555556 0.46875 0.7083333333333334 0.465625 0.7138888888888889 0.4625 0.7138888888888889
0 0.5984375 0.7777777777777778 0.6078125 0.7833333333333333 0.6296875 0.8111111111111111 0.6296875 0.8166666666666667 0.6203125 0.8166666666666667 0.6078125 0.8 0.5984375 0.7805555555555556
0 0.428125 0.7527777777777778 0.43125 0.7583333333333333 0.425 0.7611111111111111 0.425 0.7555555555555555 0.4265625 0.7555555555555555
0 0.378125 0.8194444444444444 0.3859375 0.8055555555555556 0.4015625 0.7861111111111111 0.4078125 0.7805555555555556 0.4125 0.7805555555555556 0.4125 0.7861111111111111 0.390625 0.8194444444444444 0.3796875 0.8222222222222222
0 0.7953125 0.7888888888888889 0.803125 0.7833333333333333 0.81875 0.7861111111111111 0.8359375 0.7944444444444444 0.840625 0.8 0.8765625 0.8111111111111111 0.9125 0.8305555555555556 0.9140625 0.8333333333333334 0.9125 0.8361111111111111 0.9 0.8361111111111111 0.8671875 0.8194444444444444 0.8546875 0.8194444444444444 0.85 0.8138888888888889 0.83125 0.8083333333333333 0.796875 0.7916666666666666
0 0.421875 0.7027777777777777 0.4203125 0.7055555555555556 0.4140625 0.7055555555555556 0.3921875 0.7222222222222222 0.3765625 0.7277777777777777 0.365625 0.7361111111111112 0.359375 0.7361111111111112 0.353125 0.7416666666666667 0.346875 0.7416666666666667 0.3375 0.75 0.3328125 0.75 0.3109375 0.7638888888888888 0.2703125 0.7805555555555556 0.24375 0.7972222222222223 0.2328125 0.8 0.215625 0.8111111111111111 0.1765625 0.8277777777777777 0.165625 0.8361111111111111 0.1421875 0.8444444444444444 0.1265625 0.8555555555555555 0.109375 0.8611111111111112 0.0984375 0.8694444444444445 0.06875 0.8805555555555555 0.0578125 0.8888888888888888 0.040625 0.8944444444444445 0.0296875 0.9027777777777778 0.0234375 0.9027777777777778 0.003125 0.9138888888888889 0 0.9138888888888889 0 0.9 0.01875 0.8972222222222223 0.0234375 0.8916666666666667 0.0703125 0.8722222222222222 0.0859375 0.8611111111111112 0.1046875 0.8555555555555555 0.115625 0.8472222222222222 0.1328125 0.8416666666666667 0.14375 0.8333333333333334 0.15 0.8333333333333334 0.171875 0.8194444444444444 0.2015625 0.8083333333333333 0.2078125 0.8027777777777778 0.2125 0.8027777777777778 0.2375 0.7888888888888889 0.24375 0.7888888888888889 0.2578125 0.7777777777777778 0.271875 0.775 0.2828125 0.7666666666666667 0.3015625 0.7611111111111111 0.30625 0.7555555555555555 0.328125 0.7472222222222222 0.3390625 0.7388888888888889 0.3578125 0.7305555555555555 0.3640625 0.7305555555555555 0.39375 0.7111111111111111 0.4203125 0.7027777777777777
0 0.440625 0.7416666666666667 0.440625 0.7361111111111112 0.4484375 0.7277777777777777 0.45 0.7277777777777777 0.45 0.7361111111111112 0.4453125 0.7416666666666667 0.4421875 0.7416666666666667
0 0.5734375 0.75 0.578125 0.75 0.5828125 0.7555555555555555 0.5828125 0.7583333333333333 0.5765625 0.7583333333333333 0.5734375 0.7527777777777778
0 0.309375 0.9083333333333333 0.3140625 0.9138888888888889 0.3125 0.9194444444444444 0.303125 0.9333333333333333 0.290625 0.9444444444444444 0.284375 0.9416666666666667 0.284375 0.9361111111111111 0.3 0.9138888888888889 0.3078125 0.9083333333333333