0 0.490625 0.7166666666666667 0.4953125 0.7138888888888889 0.49375 0.725 0.490625 0.725 0.4890625 0.7222222222222222 0.490625 0.7194444444444444
0 0.728125 0.8833333333333333 0.7390625 0.8972222222222223 0.790625 0.9472222222222222 0.7953125 0.9555555555555556 0.828125 0.9888888888888889 0.8328125 0.9972222222222222 0.809375 0.9972222222222222 0.803125 0.9916666666666667 0.775 0.9555555555555556 0.74375 0.9222222222222223 0.7390625 0.9138888888888889 0.7234375 0.9 0.715625 0.8861111111111111 0.7203125 0.8805555555555555 0.7265625 0.8833333333333333
0 0.878125 0.7611111111111111 0.890625 0.7611111111111111 0.9015625 0.7666666666666667 0.9328125 0.7722222222222223 0.9453125 0.7777777777777778 0.9484375 0.7833333333333333 0.9375 0.7861111111111111 0.9359375 0.7833333333333333 0.928125 0.7833333333333333 0.9203125 0.7777777777777778 0.9046875 0.775 0.8953125 0.7694444444444445 0.884375 0.7694444444444445 0.878125 0.7638888888888888
0 0.190625 0.8472222222222222 0.2015625 0.8388888888888889 0.209375 0.8388888888888889 0.203125 0.85 0.196875 0.8527777777777777 0.190625 0.8527777777777777 0.190625 0.85
0 0.7171875 0.8861111111111111 0.721875 0.8805555555555555 0.73125 0.8861111111111111 0.7390625 0.8972222222222223 0.775 0.9305555555555556 0.7828125 0.9416666666666667 0.8 0.9583333333333334 0.8046875 0.9666666666666667 0.828125 0.9888888888888889 0.83125 0.9972222222222222 0.809375 0.9972222222222222 0.803125 0.9916666666666667 0.7828125 0.9638888888888889 0.721875 0.8972222222222223 0.71875 0.8888888888888888
0 0.3375 0.9555555555555556 0.35 0.9388888888888889 0.378125 0.8916666666666667 0.3859375 0.8861111111111111 0.396875 0.8861111111111111 0.396875 0.8916666666666667 0.3375 0.9944444444444445 0.334375 0.9972222222222222 0.3125 0.9972222222222222 0.31875 0.9833333333333333 0.3375 0.9583333333333334
0 0.434375 0.8111111111111111 0.4359375 0.8166666666666667 0.4328125 0.825 0.428125 0.825 0.4296875 0.8138888888888889 0.4328125 0.8111111111111111
0 0.409375 0.7277777777777777 0.409375 0.7305555555555555 0.403125 0.7361111111111112 0.3984375 0.7361111111111112 0.3875 0.7444444444444445 0.3796875 0.7444444444444445 0.375 0.7527777777777778 0.3703125 0.7527777777777778 0.3609375 0.7638888888888888 0.346875 0.7694444444444445 0.3359375 0.7777777777777778 0.33125 0.7777777777777778 0.3109375 0.7944444444444444 0.30625 0.7944444444444444 0.2921875 0.8055555555555556 0.2765625 0.8111111111111111 0.26875 0.8194444444444444 0.2578125 0.8222222222222222 0.215625 0.8472222222222222 0.2125 0.8472222222222222 0.209375 0.8416666666666667 0.190625 0.8611111111111112 0.18125 0.8638888888888889 0.16875 0.875 0.159375 0.8777777777777778 0.1109375 0.9083333333333333 0.1 0.9111111111111111 0.0875 0.9222222222222223 0.0546875 0.9361111111111111 0.0375 0.95 0.0265625 0.9527777777777777 0.021875 0.9583333333333334 0.00625 0.9666666666666667 0 0.9666666666666667 0 0.9527777777777777 0.0140625 0.95 0.0234375 0.9416666666666667 0.0515625 0.9277777777777778 0.05625 0.9222222222222223 0.0734375 0.9166666666666666 0.10625 0.8944444444444445 0.14375 0.8777777777777778 0.165625 0.8611111111111112 0.1703125 0.8611111111111112 0.1984375 0.8416666666666667 0.2125 0.8388888888888889 0.2171875 0.8333333333333334 0.2421875 0.8222222222222222 0.2515625 0.8138888888888889 0.2578125 0.8138888888888889 0.2703125 0.8027777777777778 0.3015625 0.7888888888888889 0.31875 0.7722222222222223 0.325 0.7722222222222223 0.334375 0.7638888888888888 0.353125 0.7583333333333333 0.3609375 0.75 0.3671875 0.7527777777777778 0.371875 0.7444444444444445 0.375 0.7444444444444445 0.3828125 0.7361111111111112 0.3875 0.7361111111111112 0.4 0.7277777777777777 0.4078125 0.7277777777777777
0 0.484375 0.7375 0.00625 0.008333333333333333
0 0.603125 0.75 0.6078125 0.75 0.6140625 0.7611111111111111 0.6125 0.7638888888888888 0.6078125 0.7611111111111111 0.603125 0.7527777777777778
0 0.4625 0.7694444444444445 0.4625 0.7638888888888888 0.471875 0.75 0.475 0.7527777777777778 0.4734375 0.7611111111111111 0.4671875 0.7694444444444445 0.4640625 0.7694444444444445
0 0.9578125 0.7638888888888888 0.959375 0.7611111111111111 0.9671875 0.7611111111111111 0.96875 0.7638888888888888 0.9765625 0.7638888888888888 0.9875 0.7694444444444445 0.9984375 0.7694444444444445 0.9984375 0.7777777777777778 0.9828125 0.7777777777777778 0.959375 0.7666666666666667
0 0.7515625 0.7555555555555555 0.753125 0.7583333333333333 0.771875 0.7638888888888888 0.775 0.7694444444444445 0.75625 0.7666666666666667 0.746875 0.7611111111111111 0.75 0.7555555555555555