0 0.559375 0.7222222222222222 0.5625 0.7194444444444444 0.575 0.7222222222222222 0.584375 0.7305555555555555 0.6015625 0.7333333333333333 0.6203125 0.7416666666666667 0.63125 0.75 0.6359375 0.75 0.6421875 0.7555555555555555 0.6609375 0.7611111111111111 0.66875 0.7666666666666667 0.675 0.7666666666666667 0.709375 0.7888888888888889 0.75625 0.8083333333333333 0.771875 0.8194444444444444 0.79375 0.8277777777777777 0.8140625 0.8416666666666667 0.8203125 0.8416666666666667 0.8390625 0.85 0.84375 0.8555555555555555 0.8484375 0.8555555555555555 0.8546875 0.8611111111111112 0.9171875 0.8888888888888888 0.9265625 0.8972222222222223 0.9328125 0.8972222222222223 0.95 0.9083333333333333 0.9625 0.9111111111111111 0.9828125 0.925 0.9890625 0.925 0.9984375 0.9333333333333333 0.9984375 0.9527777777777777 0.990625 0.9527777777777777 0.971875 0.9361111111111111 0.95625 0.9305555555555556 0.9453125 0.9222222222222223 0.9390625 0.9222222222222223 0.934375 0.9166666666666666 0.9296875 0.9166666666666666 0.91875 0.9083333333333333 0.9 0.9027777777777778 0.875 0.8861111111111111 0.853125 0.8777777777777778 0.846875 0.8722222222222222 0.840625 0.8722222222222222 0.81875 0.8583333333333333 0.8015625 0.8527777777777777 0.790625 0.8444444444444444 0.7859375 0.8444444444444444 0.778125 0.8361111111111111 0.76875 0.8333333333333334 0.7640625 0.8277777777777777 0.7578125 0.8277777777777777 0.7484375 0.8194444444444444 0.7296875 0.8138888888888889 0.725 0.8083333333333333 0.715625 0.8055555555555556 0.709375 0.8 0.7015625 0.8 0.684375 0.7861111111111111 0.671875 0.7805555555555556 0.665625 0.7722222222222223 0.65 0.7694444444444445 0.634375 0.7583333333333333 0.6140625 0.75 0.609375 0.7444444444444445 0.603125 0.7444444444444445 0.5765625 0.7277777777777777 0.56875 0.7277777777777777 0.5609375 0.7222222222222222
0 0.4828125 0.8 0.4828125 0.7833333333333333 0.4859375 0.7666666666666667 0.490625 0.7555555555555555 0.496875 0.7583333333333333 0.4953125 0.7611111111111111 0.4953125 0.7916666666666666 0.490625 0.8 0.484375 0.8
0 0.6078125 0.775 0.6140625 0.775 0.615625 0.7777777777777778 0.6140625 0.7833333333333333 0.6109375 0.7833333333333333 0.6078125 0.7777777777777778
0 0.4171875 0.7805555555555556 0.41875 0.775 0.434375 0.7611111111111111 0.440625 0.7638888888888888 0.4375 0.7694444444444445 0.4296875 0.7777777777777778 0.41875 0.7805555555555556
0 0.6875 0.85 0.696875 0.8555555555555555 0.6984375 0.8638888888888889 0.6875 0.8638888888888889 0.684375 0.8611111111111112 0.68125 0.8527777777777777 0.6859375 0.85
0 0.61875 0.7861111111111111 0.625 0.7861111111111111 0.6296875 0.7916666666666666 0.6296875 0.7944444444444444 0.625 0.7972222222222223 0.6203125 0.7944444444444444 0.61875 0.7888888888888889
0 0.234375 0.8083333333333333 0.234375 0.8111111111111111 0.23125 0.8111111111111111 0.2265625 0.8166666666666667 0.221875 0.8166666666666667 0.20625 0.8277777777777777 0.1953125 0.8305555555555556 0.1734375 0.8444444444444444 0.146875 0.8555555555555555 0.1359375 0.8638888888888889 0.0859375 0.8833333333333333 0.04375 0.9083333333333333 0.0296875 0.9111111111111111 0.0015625 0.925 0 0.925 0 0.9138888888888889 0.0078125 0.9138888888888889 0.03125 0.9 0.0421875 0.8972222222222223 0.0484375 0.8916666666666667 0.0609375 0.8888888888888888 0.0625 0.8861111111111111 0.0609375 0.8833333333333333 0.0390625 0.8861111111111111 0.0359375 0.8833333333333333 0.0390625 0.8777777777777778 0.059375 0.875 0.0765625 0.8666666666666667 0.0828125 0.8666666666666667 0.084375 0.8694444444444445 0.0921875 0.8638888888888889 0.10625 0.8638888888888889 0.1078125 0.8611111111111112 0.121875 0.8583333333333333 0.1375 0.8472222222222222 0.15625 0.8444444444444444 0.1890625 0.825 0.2125 0.8166666666666667 0.225 0.8083333333333333 0.2328125 0.8083333333333333
0 0.39765625 0.7638888888888888 0.0390625 0.022222222222222223
0 0.3796875 0.8222222222222222 0.3796875 0.8305555555555556 0.3765625 0.8361111111111111 0.340625 0.875 0.3375 0.8722222222222222 0.3375 0.8638888888888889 0.340625 0.8583333333333333 0.378125 0.8222222222222222
0 0.653125 0.8222222222222222 0.6609375 0.8222222222222222 0.6671875 0.8277777777777777 0.6671875 0.8333333333333334 0.6578125 0.8333333333333334 0.653125 0.825
0 0.740625 0.9 0.746875 0.9083333333333333 0.7453125 0.9166666666666666 0.7359375 0.9166666666666666 0.725 0.9027777777777778 0.7265625 0.8972222222222223 0.7375 0.8972222222222223 0.7390625 0.9
0 0.6328125 0.8027777777777778 0.6375 0.8 0.6453125 0.8055555555555556 0.6453125 0.8111111111111111 0.6375 0.8111111111111111 0.6328125 0.8055555555555556
0 0.725 0.8972222222222223 0.7375 0.8972222222222223 0.7484375 0.9111111111111111 0.746875 0.9166666666666666 0.740625 0.9194444444444444 0.734375 0.9166666666666666 0.725 0.9
0 0.5859375 0.7583333333333333 0.5875 0.7555555555555555 0.5953125 0.7583333333333333 0.596875 0.7638888888888888 0.5921875 0.7666666666666667 0.5875 0.7611111111111111