0 0.5625 0.6944444444444444 0.5703125 0.6972222222222222 0.571875 0.7027777777777777 0.5671875 0.7027777777777777 0.5640625 0.6972222222222222
0 0.809375 0.9277777777777778 0.8140625 0.9305555555555556 0.821875 0.9444444444444444 0.8265625 0.9444444444444444 0.834375 0.9361111111111111 0.8375 0.9361111111111111 0.85625 0.9555555555555556 0.89375 0.9722222222222222 0.921875 0.9972222222222222 0.8515625 0.9972222222222222 0.846875 0.9944444444444445 0.8421875 0.9833333333333333 0.834375 0.9777777777777777 0.8296875 0.9694444444444444 0.828125 0.9611111111111111 0.8078125 0.9305555555555556
0 0.6375 0.7777777777777778 0.646875 0.7777777777777778 0.6609375 0.7944444444444444 0.6609375 0.8 0.653125 0.8 0.6375 0.7805555555555556
0 0.65 0.7361111111111112 0.659375 0.7416666666666667 0.66875 0.7527777777777778 0.678125 0.7555555555555555 0.690625 0.7666666666666667 0.69375 0.7722222222222223 0.6921875 0.775 0.6859375 0.775 0.6609375 0.7583333333333333 0.64375 0.7416666666666667 0.6421875 0.7388888888888889 0.64375 0.7361111111111112 0.6484375 0.7361111111111112
0 0.80625 0.9277777777777778 0.8125 0.9277777777777778 0.821875 0.9416666666666667 0.8390625 0.9361111111111111 0.853125 0.9527777777777777 0.85625 0.9527777777777777 0.8640625 0.9611111111111111 0.8796875 0.9638888888888889 0.8984375 0.975 0.9015625 0.9805555555555555 0.9046875 0.9805555555555555 0.921875 0.9972222222222222 0.9296875 0.9972222222222222 0.8515625 0.9972222222222222 0.846875 0.9944444444444445 0.8421875 0.9833333333333333 0.8296875 0.9722222222222222 0.828125 0.9611111111111111 0.8140625 0.9444444444444444 0.80625 0.9305555555555556
0 0.8109375 0.9277777777777778 0.8234375 0.9444444444444444 0.834375 0.9361111111111111 0.8390625 0.9361111111111111 0.85625 0.9555555555555556 0.89375 0.9722222222222222 0.9203125 0.9972222222222222 0.8515625 0.9972222222222222 0.846875 0.9944444444444445 0.8421875 0.9833333333333333 0.8328125 0.975 0.821875 0.95 0.8125 0.9416666666666667 0.80625 0.9305555555555556 0.809375 0.9277777777777778
0 0.7421875 0.8944444444444445 0.7546875 0.8944444444444445 0.8046875 0.95 0.8015625 0.9555555555555556 0.790625 0.9527777777777777 0.7421875 0.8972222222222223
0 0.5734375 0.7861111111111111 0.578125 0.7888888888888889 0.6921875 0.9944444444444445 0.6921875 0.9972222222222222 0.6390625 0.9972222222222222 0.6359375 0.9944444444444445 0.575 0.85 0.5703125 0.8333333333333334 0.5703125 0.8 0.5734375 0.7888888888888889
0 0.80625 0.9277777777777778 0.8125 0.9277777777777778 0.821875 0.9416666666666667 0.8390625 0.9361111111111111 0.853125 0.9527777777777777 0.85625 0.9527777777777777 0.8640625 0.9611111111111111 0.8796875 0.9638888888888889 0.8984375 0.975 0.9171875 0.9916666666666667 0.9203125 0.9972222222222222 0.9234375 0.9972222222222222 0.85 0.9972222222222222 0.8453125 0.9944444444444445 0.840625 0.9833333333333333 0.83125 0.975 0.828125 0.9694444444444444 0.828125 0.9638888888888889 0.80625 0.9305555555555556
0 0.4203125 0.6333333333333333 0.425 0.6361111111111111 0.4234375 0.6416666666666667 0.409375 0.6472222222222223 0.3515625 0.6833333333333333 0.175 0.8416666666666667 0.1703125 0.8333333333333334 0.1703125 0.8222222222222222 0.178125 0.8138888888888889 0.18125 0.8138888888888889 0.209375 0.7888888888888889 0.2125 0.7888888888888889 0.2234375 0.7777777777777778 0.2265625 0.7777777777777778 0.2375 0.7666666666666667 0.2546875 0.7555555555555555 0.2578125 0.75 0.2609375 0.75 0.303125 0.7138888888888889 0.30625 0.7083333333333334 0.309375 0.7083333333333334 0.3328125 0.6833333333333333 0.3359375 0.6833333333333333 0.353125 0.6666666666666666 0.3640625 0.6611111111111111 0.3890625 0.6388888888888888 0.3984375 0.6333333333333333 0.41875 0.6333333333333333
0 0.7109375 0.9277777777777778 0.721875 0.9277777777777778 0.7578125 0.975 0.7640625 0.9805555555555555 0.78125 0.9805555555555555 0.784375 0.9888888888888889 0.7828125 0.9972222222222222 0.746875 0.9972222222222222 0.7421875 0.9944444444444445 0.7359375 0.9861111111111112 0.7328125 0.9861111111111112 0.7328125 0.9805555555555555 0.7390625 0.975 0.7375 0.9694444444444444 0.7109375 0.9305555555555556
0 0.590625 0.725 0.596875 0.725 0.6046875 0.7333333333333333 0.6046875 0.7388888888888889 0.6 0.7388888888888889 0.5953125 0.7361111111111112 0.590625 0.7277777777777777
0 0.6609375 0.8277777777777777 0.6734375 0.8388888888888889 0.675 0.8472222222222222 0.6796875 0.8555555555555555 0.684375 0.8583333333333333 0.6875 0.8666666666666667 0.68125 0.8666666666666667 0.6765625 0.8611111111111112 0.6609375 0.8638888888888889 0.6453125 0.8472222222222222 0.6328125 0.8444444444444444 0.621875 0.8333333333333334 0.61875 0.8277777777777777 0.6203125 0.8222222222222222 0.625 0.8222222222222222 0.6359375 0.8305555555555556 0.640625 0.8305555555555556 0.6453125 0.8222222222222222 0.653125 0.8222222222222222 0.659375 0.8277777777777777
0 0.7140625 0.825 0.7359375 0.8361111111111111 0.7375 0.8444444444444444 0.753125 0.8611111111111112 0.75625 0.8666666666666667 0.7546875 0.8694444444444445 0.7453125 0.8666666666666667 0.7203125 0.8416666666666667 0.709375 0.8416666666666667 0.70625 0.8277777777777777 0.7125 0.825