0 0.121875 0.8 0.165625 0.8777777777777778 0.165625 0.8861111111111111 0.1609375 0.8861111111111111 0.15625 0.8916666666666667 0.146875 0.8916666666666667 0.1390625 0.8972222222222223 0.1328125 0.8972222222222223 0.1265625 0.8888888888888888 0.1234375 0.8722222222222222 0.11875 0.8638888888888889 0.1171875 0.8555555555555555 0.1140625 0.8527777777777777 0.1046875 0.8166666666666667 0.1015625 0.8111111111111111 0.10625 0.8027777777777778 0.1203125 0.8
0 0.021875 0.75 0.0359375 0.7583333333333333 0.0390625 0.7555555555555555 0.0453125 0.7611111111111111 0.046875 0.7666666666666667 0.0453125 0.7694444444444445 0.028125 0.7722222222222223 0.021875 0.7777777777777778 0.0140625 0.7777777777777778 0.0125 0.7527777777777778 0.0203125 0.7527777777777778
0 0.0671875 0.8111111111111111 0.06875 0.8194444444444444 0.06875 0.8444444444444444 0.0703125 0.8472222222222222 0.071875 0.9166666666666666 0.065625 0.925 0.0578125 0.925 0.034375 0.9361111111111111 0.03125 0.9361111111111111 0.0296875 0.9277777777777778 0.034375 0.9055555555555556 0.034375 0.8916666666666667 0.0375 0.8833333333333333 0.0390625 0.8583333333333333 0.0421875 0.8361111111111111 0.0453125 0.8277777777777777 0.0453125 0.8194444444444444 0.05 0.8194444444444444 0.053125 0.8138888888888889 0.0625 0.8138888888888889 0.065625 0.8111111111111111
0 0.059375 0.7527777777777778 0.06875 0.75 0.0734375 0.7555555555555555 0.0734375 0.7583333333333333 0.0671875 0.7583333333333333 0.065625 0.7611111111111111 0.059375 0.7555555555555555
0 0.221875 0.775 0.228125 0.7777777777777778 0.23125 0.7833333333333333 0.2359375 0.7833333333333333 0.2453125 0.7916666666666666 0.259375 0.7972222222222223 0.275 0.8111111111111111 0.3 0.8222222222222222 0.3171875 0.8361111111111111 0.3171875 0.8388888888888889 0.3109375 0.8388888888888889 0.3078125 0.8444444444444444 0.29375 0.8444444444444444 0.2921875 0.8472222222222222 0.2796875 0.8361111111111111 0.278125 0.8388888888888889 0.26875 0.8277777777777777 0.2640625 0.825 0.2625 0.8277777777777777 0.259375 0.8222222222222222 0.25625 0.8222222222222222 0.2484375 0.8138888888888889 0.246875 0.8166666666666667 0.2390625 0.8055555555555556 0.215625 0.7916666666666666 0.209375 0.7833333333333333 0.203125 0.7805555555555556 0.2015625 0.7777777777777778 0.203125 0.775 0.215625 0.775 0.2171875 0.7722222222222223 0.2203125 0.775
0 0.1828125 0.7388888888888889 0.19375 0.7361111111111112 0.2 0.7416666666666667 0.1984375 0.7444444444444445 0.1828125 0.7416666666666667
0 0.1078125 0.7194444444444444 0.109375 0.7222222222222222 0.1140625 0.7194444444444444 0.1234375 0.725 0.1296875 0.7222222222222222 0.1375 0.7277777777777777 0.1421875 0.725 0.14375 0.7305555555555555 0.140625 0.7333333333333333 0.1375 0.7305555555555555 0.128125 0.7305555555555555 0.1265625 0.7277777777777777 0.125 0.7305555555555555 0.1046875 0.7277777777777777 0.1 0.725 0.0984375 0.7194444444444444 0.1 0.7166666666666667 0.10625 0.7194444444444444
0 0.2484375 0.7638888888888888 0.2671875 0.7638888888888888 0.2734375 0.7694444444444445 0.2859375 0.7722222222222223 0.290625 0.7777777777777778 0.29375 0.775 0.3046875 0.7833333333333333 0.3078125 0.7805555555555556 0.3171875 0.7888888888888889 0.3234375 0.7888888888888889 0.334375 0.7972222222222223 0.34375 0.7972222222222223 0.3625 0.8083333333333333 0.3703125 0.8083333333333333 0.375 0.8138888888888889 0.3875 0.8194444444444444 0.3828125 0.8194444444444444 0.3765625 0.825 0.36875 0.825 0.3671875 0.8277777777777777 0.3546875 0.825 0.353125 0.8222222222222222 0.3515625 0.825 0.346875 0.8194444444444444 0.3359375 0.8166666666666667 0.325 0.8083333333333333 0.31875 0.8083333333333333 0.3140625 0.8027777777777778 0.309375 0.8027777777777778 0.2953125 0.7916666666666666 0.2890625 0.7916666666666666 0.278125 0.7833333333333333 0.2765625 0.7861111111111111 0.2671875 0.7777777777777778 0.259375 0.7777777777777778 0.2484375 0.7694444444444445 0.2484375 0.7666666666666667
0 0.1828125 0.7972222222222223 0.1890625 0.8 0.1953125 0.8083333333333333 0.1984375 0.8083333333333333 0.2125 0.8277777777777777 0.225 0.8333333333333334 0.2328125 0.8444444444444444 0.234375 0.8416666666666667 0.2453125 0.8555555555555555 0.24375 0.8611111111111112 0.221875 0.8638888888888889 0.21875 0.8694444444444445 0.2078125 0.8611111111111112 0.203125 0.8527777777777777 0.2 0.8527777777777777 0.1953125 0.8444444444444444 0.1875 0.8388888888888889 0.1828125 0.8305555555555556 0.178125 0.8277777777777777 0.1671875 0.8111111111111111 0.1640625 0.8111111111111111 0.15625 0.8 0.1578125 0.7944444444444444 0.171875 0.7944444444444444 0.1734375 0.7916666666666666 0.178125 0.7916666666666666 0.18125 0.7972222222222223
0 0.1046875 0.7722222222222223 0.10625 0.775 0.115625 0.775 0.121875 0.7833333333333333 0.11875 0.7861111111111111 0.1125 0.7805555555555556 0.10625 0.7805555555555556 0.103125 0.775
0 0.290625 0.7527777777777778 0.3109375 0.7555555555555555 0.3171875 0.7611111111111111 0.321875 0.7583333333333333 0.33125 0.7666666666666667 0.340625 0.7666666666666667 0.3484375 0.7722222222222223 0.353125 0.7694444444444445 0.3640625 0.7777777777777778 0.3734375 0.7777777777777778 0.3796875 0.7833333333333333 0.38125 0.7805555555555556 0.3890625 0.7861111111111111 0.4046875 0.7888888888888889 0.409375 0.7944444444444444 0.421875 0.7944444444444444 0.4234375 0.7972222222222223 0.43125 0.7972222222222223 0.4375 0.8027777777777778 0.4421875 0.8027777777777778 0.440625 0.8083333333333333 0.4171875 0.8111111111111111 0.4125 0.8055555555555556 0.4109375 0.8083333333333333 0.3984375 0.8 0.3953125 0.8027777777777778 0.3890625 0.7972222222222223 0.3796875 0.7972222222222223 0.3671875 0.7888888888888889 0.3640625 0.7916666666666666 0.353125 0.7833333333333333 0.3515625 0.7861111111111111 0.325 0.7722222222222223 0.3203125 0.775 0.309375 0.7666666666666667 0.2890625 0.7583333333333333 0.290625 0.7555555555555555
0 0.365625 0.7416666666666667 0.3671875 0.7444444444444445 0.371875 0.7416666666666667 0.403125 0.7416666666666667 0.4078125 0.7472222222222222 0.41875 0.7444444444444445 0.43125 0.75 0.4453125 0.75 0.4640625 0.7583333333333333 0.4765625 0.7583333333333333 0.484375 0.7638888888888888 0.4890625 0.7611111111111111 0.4953125 0.7666666666666667 0.503125 0.7638888888888888 0.5140625 0.7694444444444445 0.5171875 0.7666666666666667 0.5234375 0.7722222222222223 0.5296875 0.7722222222222223 0.53125 0.7694444444444445 0.54375 0.775 0.54375 0.7777777777777778 0.5421875 0.7805555555555556 0.5140625 0.7833333333333333 0.5109375 0.7861111111111111 0.50625 0.7805555555555556 0.5 0.7833333333333333 0.4984375 0.7777777777777778 0.4875 0.775 0.4796875 0.7805555555555556 0.4828125 0.7861111111111111 0.490625 0.7861111111111111 0.4953125 0.7916666666666666 0.4859375 0.7972222222222223 0.475 0.7972222222222223 0.4734375 0.7944444444444444 0.4640625 0.7972222222222223 0.4578125 0.7944444444444444 0.4546875 0.8 0.446875 0.7888888888888889 0.44375 0.7888888888888889 0.4421875 0.7916666666666666 0.4453125 0.7972222222222223 0.44375 0.8 0.4453125 0.8027777777777778 0.440625 0.8083333333333333 0.421875 0.8138888888888889 0.4140625 0.8083333333333333 0.409375 0.8111111111111111 0.4046875 0.8055555555555556 0.3953125 0.8055555555555556 0.3890625 0.8194444444444444 0.3859375 0.8194444444444444 0.38125 0.825 0.36875 0.825 0.3671875 0.8277777777777777 0.3578125 0.8277777777777777 0.35625 0.825 0.3515625 0.8277777777777777 0.34375 0.8194444444444444 0.3375 0.8194444444444444 0.3359375 0.8166666666666667 0.3265625 0.8194444444444444 0.3203125 0.8277777777777777 0.3234375 0.8222222222222222 0.321875 0.8138888888888889 0.3109375 0.8055555555555556 0.3046875 0.8055555555555556 0.3015625 0.8 0.29375 0.7944444444444444 0.2828125 0.8027777777777778 0.2875 0.8055555555555556 0.284375 0.8083333333333333 0.2859375 0.8138888888888889 0.3078125 0.825 0.315625 0.825 0.3140625 0.8277777777777777 0.3203125 0.8333333333333334 0.3203125 0.8388888888888889 0.3078125 0.8444444444444444 0.29375 0.8444444444444444 0.2921875 0.8472222222222222 0.2796875 0.8388888888888889 0.275 0.8388888888888889 0.2640625 0.8277777777777777 0.2625 0.8305555555555556 0.25 0.8194444444444444 0.2453125 0.8194444444444444 0.240625 0.8111111111111111 0.2359375 0.8083333333333333 0.234375 0.8111111111111111 0.2359375 0.8305555555555556 0.24375 0.8361111111111111 0.24375 0.85 0.2484375 0.8583333333333333 0.2453125 0.8611111111111112 0.2359375 0.8611111111111112 0.23125 0.8666666666666667 0.215625 0.8694444444444445 0.1734375 0.825 0.1703125 0.8222222222222222 0.1671875 0.825 0.16875 0.8222222222222222 0.1640625 0.8111111111111111 0.159375 0.8083333333333333 0.1546875 0.8111111111111111 0.1546875 0.8027777777777778 0.1515625 0.7972222222222223 0.1453125 0.7944444444444444 0.1453125 0.7916666666666666 0.15625 0.7888888888888889 0.1609375 0.7833333333333333 0.1734375 0.7833333333333333 0.1796875 0.7916666666666666 0.184375 0.7916666666666666 0.1875 0.7805555555555556 0.2 0.7777777777777778 0.203125 0.7722222222222223 0.215625 0.7722222222222223 0.2171875 0.7694444444444445 0.2234375 0.775 0.2265625 0.7694444444444445 0.2359375 0.7638888888888888 0.2453125 0.7638888888888888 0.246875 0.7611111111111111 0.259375 0.7638888888888888 0.2609375 0.7611111111111111 0.2703125 0.7611111111111111 0.2765625 0.7555555555555555 0.2890625 0.7555555555555555 0.290625 0.7527777777777778 0.3015625 0.7527777777777778 0.3046875 0.7555555555555555 0.30625 0.7527777777777778 0.31875 0.7527777777777778 0.325 0.7472222222222222 0.334375 0.7472222222222222 0.3359375 0.7444444444444445 0.3625 0.75 0.3640625 0.7444444444444445
0 0.4015625 0.7416666666666667 0.409375 0.7472222222222222 0.415625 0.7444444444444445 0.4171875 0.7472222222222222 0.44375 0.75 0.45 0.7555555555555555 0.4765625 0.7583333333333333 0.4828125 0.7638888888888888 0.50625 0.7666666666666667 0.5125 0.7722222222222223 0.515625 0.7694444444444445 0.528125 0.7722222222222223 0.5296875 0.775 0.534375 0.7722222222222223 0.5359375 0.775 0.5421875 0.775 0.5390625 0.7805555555555556 0.53125 0.7805555555555556 0.5296875 0.7833333333333333 0.5203125 0.7777777777777778 0.5125 0.7805555555555556 0.5046875 0.775 0.48125 0.7722222222222223 0.475 0.7666666666666667 0.4671875 0.7694444444444445 0.4578125 0.7638888888888888 0.4546875 0.7666666666666667 0.446875 0.7611111111111111 0.4359375 0.7611111111111111 0.4265625 0.7555555555555555 0.4234375 0.7583333333333333 0.4140625 0.7527777777777778 0.403125 0.7527777777777778 0.396875 0.7472222222222222 0.3953125 0.75 0.3828125 0.7444444444444445 0.378125 0.7472222222222222 0.38125 0.7416666666666667 0.3921875 0.7416666666666667 0.39375 0.7444444444444445 0.4 0.7416666666666667
0 0.3421875 0.7444444444444445 0.3484375 0.75 0.3515625 0.7472222222222222 0.3625 0.7527777777777778 0.36875 0.75 0.375 0.7555555555555555 0.4 0.7583333333333333 0.4359375 0.775 0.4421875 0.7722222222222223 0.4515625 0.7777777777777778 0.4609375 0.7777777777777778 0.4671875 0.7833333333333333 0.478125 0.7833333333333333 0.484375 0.7888888888888889 0.4859375 0.7861111111111111 0.49375 0.7916666666666666 0.4859375 0.7972222222222223 0.4765625 0.7972222222222223 0.475 0.7944444444444444 0.4703125 0.7972222222222223 0.459375 0.7888888888888889 0.4546875 0.7916666666666666 0.4484375 0.7861111111111111 0.4203125 0.7805555555555556 0.4140625 0.775 0.39375 0.7722222222222223 0.3828125 0.7638888888888888 0.3609375 0.7611111111111111 0.353125 0.7555555555555555 0.3484375 0.7583333333333333 0.3421875 0.7527777777777778 0.33125 0.7527777777777778 0.3265625 0.75 0.328125 0.7472222222222222 0.340625 0.7444444444444445
0 0.22890625 0.7513888888888889 0.01875 0.013888888888888888
0 0.2421875 0.7527777777777778 0.2484375 0.75 0.25 0.7527777777777778 0.2578125 0.7527777777777778 0.259375 0.7555555555555555 0.2625 0.7527777777777778 0.265625 0.7555555555555555 0.265625 0.7583333333333333 0.2609375 0.7611111111111111 0.253125 0.7611111111111111 0.2421875 0.7555555555555555