0 0.3109375 0.65 0.3125 0.6527777777777778 0.3421875 0.6527777777777778 0.34375 0.6555555555555556 0.3671875 0.6555555555555556 0.36875 0.6583333333333333 0.3828125 0.6555555555555556 0.384375 0.6583333333333333 0.3984375 0.6583333333333333 0.4 0.6611111111111111 0.4421875 0.6638888888888889 0.44375 0.6666666666666666 0.4609375 0.6666666666666666 0.4625 0.6694444444444444 0.4953125 0.6694444444444444 0.4984375 0.6722222222222223 0.496875 0.6777777777777778 0.4640625 0.6777777777777778 0.4625 0.675 0.4328125 0.675 0.43125 0.6722222222222223 0.346875 0.6666666666666666 0.3453125 0.6638888888888889 0.325 0.6638888888888889 0.3234375 0.6611111111111111 0.29375 0.6611111111111111 0.2921875 0.6583333333333333 0.2796875 0.6583333333333333 0.2828125 0.6527777777777778 0.2890625 0.65 0.309375 0.65
0 0.346875 0.8777777777777778 0.3515625 0.8666666666666667 0.384375 0.8222222222222222 0.3921875 0.8083333333333333 0.403125 0.7972222222222223 0.4109375 0.7833333333333333 0.434375 0.7527777777777778 0.4375 0.75 0.4484375 0.75 0.4484375 0.7555555555555555 0.4359375 0.7777777777777778 0.4171875 0.8027777777777778 0.36875 0.8777777777777778 0.3609375 0.8861111111111111 0.3515625 0.8861111111111111 0.3484375 0.8805555555555555
0 0.2078125 0.6444444444444445 0.225 0.6305555555555555 0.2390625 0.6305555555555555 0.240625 0.6333333333333333 0.2546875 0.625 0.2703125 0.6222222222222222 0.3015625 0.6083333333333333 0.309375 0.6083333333333333 0.31875 0.6027777777777777 0.3296875 0.6027777777777777 0.3265625 0.6083333333333333 0.31875 0.6083333333333333 0.2984375 0.6194444444444445 0.2765625 0.625 0.271875 0.6277777777777778 0.2671875 0.6361111111111111 0.246875 0.6388888888888888 0.234375 0.6444444444444445 0.221875 0.6444444444444445 0.2203125 0.6472222222222223 0.2078125 0.6472222222222223
0 0.7453125 0.7138888888888889 0.75625 0.7166666666666667 0.790625 0.7722222222222223 0.790625 0.7777777777777778 0.7828125 0.7777777777777778 0.775 0.7722222222222223 0.7453125 0.7166666666666667
0 0.5875 0.5361111111111111 0.59375 0.525 0.5984375 0.525 0.5984375 0.5305555555555556 0.578125 0.5666666666666667 0.5609375 0.5861111111111111 0.5359375 0.625 0.528125 0.6333333333333333 0.5109375 0.6638888888888889 0.5046875 0.6694444444444444 0.5015625 0.6694444444444444 0.496875 0.6638888888888889 0.5453125 0.5916666666666667 0.5546875 0.5833333333333334 0.5875 0.5388888888888889
0 0.7078125 0.6472222222222223 0.7140625 0.6472222222222223 0.73125 0.675 0.73125 0.6777777777777778 0.7234375 0.6777777777777778 0.7078125 0.65
0 0.3609375 0.575 0.35625 0.5805555555555556 0.3328125 0.5861111111111111 0.3234375 0.5916666666666667 0.303125 0.5916666666666667 0.30625 0.5888888888888889 0.3265625 0.5833333333333334 0.328125 0.5805555555555556 0.3359375 0.5805555555555556 0.3375 0.5777777777777777 0.359375 0.575
0 0.203125 0.6 0.2046875 0.6 0.203125 0.6027777777777777 0.190625 0.6083333333333333 0.140625 0.6166666666666667 0.1296875 0.6222222222222222 0.1203125 0.6222222222222222 0.10625 0.6305555555555555 0.090625 0.6305555555555555 0.0890625 0.6333333333333333 0.078125 0.6333333333333333 0.0765625 0.6361111111111111 0.059375 0.6361111111111111 0.0578125 0.6388888888888888 0.0375 0.6388888888888888 0.04375 0.6333333333333333 0.05 0.6333333333333333 0.071875 0.6222222222222222 0.0765625 0.625 0.078125 0.6222222222222222 0.09375 0.6222222222222222 0.0953125 0.6194444444444445 0.1078125 0.6194444444444445 0.11875 0.6138888888888889 0.146875 0.6111111111111112 0.159375 0.6055555555555555 0.175 0.6055555555555555 0.1765625 0.6027777777777777 0.1984375 0.6 0.2015625 0.5972222222222222
0 0.1828125 0.7055555555555556 0.165625 0.7194444444444444 0.1140625 0.7416666666666667 0.103125 0.75 0.090625 0.7527777777777778 0.075 0.7638888888888888 0.0578125 0.7694444444444445 0.0515625 0.775 0.0453125 0.775 0.0390625 0.7805555555555556 0.034375 0.7805555555555556 0.0234375 0.7888888888888889 0.0046875 0.7972222222222223 0 0.7972222222222223 0 0.7861111111111111 0.009375 0.7805555555555556 0.0265625 0.775 0.04375 0.7638888888888888 0.05 0.7638888888888888 0.0609375 0.7555555555555555 0.090625 0.7444444444444445 0.096875 0.7388888888888889 0.1265625 0.7277777777777777 0.1375 0.7194444444444444 0.15625 0.7111111111111111 0.18125 0.7055555555555556
0 0.4265625 0.5555555555555556 0.4234375 0.5611111111111111 0.4078125 0.5638888888888889 0.40625 0.5666666666666667 0.4015625 0.5666666666666667 0.4 0.5638888888888889 0.403125 0.5611111111111111 0.425 0.5555555555555556
0 0.525 0.5666666666666667 0.521875 0.5722222222222222 0.5296875 0.5805555555555556 0.5296875 0.5833333333333334 0.525 0.5861111111111111 0.50625 0.5805555555555556 0.5078125 0.575 0.5140625 0.5694444444444444 0.5234375 0.5666666666666667
0 0.4296875 0.6138888888888889 0.43125 0.6166666666666667 0.4390625 0.6138888888888889 0.440625 0.6166666666666667 0.4546875 0.6166666666666667 0.45625 0.6194444444444445 0.4796875 0.6194444444444445 0.48125 0.6305555555555555 0.4953125 0.6305555555555555 0.50625 0.6222222222222222 0.515625 0.6222222222222222 0.4984375 0.6472222222222223 0.471875 0.6472222222222223 0.465625 0.6361111111111111 0.45625 0.6361111111111111 0.4453125 0.6444444444444445 0.4359375 0.6444444444444445 0.434375 0.6416666666666667 0.4359375 0.6361111111111111 0.434375 0.6305555555555555 0.4296875 0.6361111111111111 0.4234375 0.6361111111111111 0.415625 0.6416666666666667 0.3984375 0.6416666666666667 0.3875 0.6361111111111111 0.3484375 0.6361111111111111 0.35 0.6305555555555555 0.359375 0.625 0.3703125 0.625 0.3875 0.6111111111111112 0.428125 0.6138888888888889
0 0.6734375 0.5888888888888889 0.678125 0.5888888888888889 0.684375 0.5972222222222222 0.68125 0.6027777777777777 0.6734375 0.5916666666666667
0 0.5328125 0.5388888888888889 0.534375 0.5388888888888889 0.5328125 0.5416666666666666 0.5171875 0.5472222222222223 0.5078125 0.5555555555555556 0.5015625 0.5555555555555556 0.4515625 0.5777777777777777 0.4453125 0.5833333333333334 0.4046875 0.6 0.3765625 0.6166666666666667 0.3640625 0.6194444444444445 0.3484375 0.6305555555555555 0.3296875 0.6361111111111111 0.30625 0.65 0.2921875 0.65 0.2984375 0.6444444444444445 0.3046875 0.6444444444444445 0.3140625 0.6361111111111111 0.3328125 0.6305555555555555 0.34375 0.6222222222222222 0.378125 0.6083333333333333 0.4015625 0.5944444444444444 0.4078125 0.5944444444444444 0.4421875 0.575 0.4546875 0.5722222222222222 0.49375 0.5527777777777778 0.5078125 0.55 0.51875 0.5416666666666666 0.53125 0.5388888888888889
0 0.2171875 0.6166666666666667 0.19375 0.6277777777777778 0.184375 0.6277777777777778 0.1828125 0.6305555555555555 0.1546875 0.6361111111111111 0.1453125 0.6416666666666667 0.134375 0.6416666666666667 0.1328125 0.6444444444444445 0.125 0.6444444444444445 0.1234375 0.6472222222222223 0.096875 0.6527777777777778 0.0953125 0.6555555555555556 0.0859375 0.6555555555555556 0.084375 0.6583333333333333 0.0625 0.6611111111111111 0.0609375 0.6638888888888889 0.05 0.6638888888888889 0.053125 0.6583333333333333 0.059375 0.6583333333333333 0.0609375 0.6555555555555556 0.0796875 0.6527777777777778 0.090625 0.6472222222222223 0.1015625 0.6472222222222223 0.103125 0.6444444444444445 0.1203125 0.6416666666666667 0.1296875 0.6361111111111111 0.1515625 0.6333333333333333 0.1609375 0.6277777777777778 0.1703125 0.6277777777777778 0.171875 0.625 0.190625 0.6222222222222222 0.2015625 0.6166666666666667 0.215625 0.6166666666666667
0 0.8515625 0.9 0.8578125 0.9138888888888889 0.8734375 0.9138888888888889 0.8765625 0.9166666666666666 0.8953125 0.95 0.9109375 0.9722222222222222 0.9234375 0.9972222222222222 0.8921875 0.9972222222222222 0.8859375 0.9944444444444445 0.884375 0.9916666666666667 0.890625 0.9861111111111112 0.8859375 0.9833333333333333 0.8875 0.9777777777777777 0.859375 0.9277777777777778 0.85 0.9027777777777778
0 0.6640625 0.5694444444444444 0.671875 0.5833333333333334 0.6671875 0.5833333333333334 0.6625 0.5722222222222222
0 0.596875 0.6222222222222222 0.6046875 0.6166666666666667 0.6203125 0.6138888888888889 0.6359375 0.625 0.6265625 0.625 0.621875 0.6305555555555555 0.6203125 0.6361111111111111 0.621875 0.6388888888888888 0.6203125 0.6444444444444445 0.6203125 0.6638888888888889 0.609375 0.6638888888888889 0.6109375 0.6277777777777778 0.609375 0.625 0.5984375 0.625
0 0.8515625 0.9 0.8578125 0.9138888888888889 0.8734375 0.9138888888888889 0.8765625 0.9166666666666666 0.909375 0.9694444444444444 0.9234375 0.9972222222222222 0.89375 0.9972222222222222 0.8921875 0.9944444444444445 0.884375 0.9944444444444445 0.884375 0.975 0.8828125 0.9694444444444444 0.859375 0.9277777777777778 0.8515625 0.9055555555555556 0.8484375 0.9027777777777778 0.85 0.9027777777777778
0 0.2921875 0.65 0.29375 0.6527777777777778 0.33125 0.6527777777777778 0.3328125 0.6555555555555556 0.359375 0.6555555555555556 0.3609375 0.6583333333333333 0.4109375 0.6611111111111111 0.4125 0.6638888888888889 0.4609375 0.6666666666666666 0.4625 0.6694444444444444 0.496875 0.6694444444444444 0.5 0.675 0.49375 0.6805555555555556 0.4859375 0.6805555555555556 0.484375 0.6777777777777778 0.4515625 0.6777777777777778 0.45 0.675 0.425 0.675 0.4234375 0.6722222222222223 0.3953125 0.6722222222222223 0.39375 0.6694444444444444 0.371875 0.6694444444444444 0.3703125 0.6666666666666666 0.2921875 0.6611111111111111 0.290625 0.6583333333333333 0.2796875 0.6583333333333333 0.278125 0.6555555555555556 0.28125 0.6527777777777778 0.290625 0.6527777777777778
0 0.59375 0.5305555555555556 0.5953125 0.5305555555555556 0.59375 0.5361111111111111 0.5796875 0.5611111111111111 0.56875 0.5722222222222222 0.5546875 0.5916666666666667 0.553125 0.5972222222222222 0.540625 0.6111111111111112 0.5390625 0.6166666666666667 0.5328125 0.6194444444444445 0.521875 0.6388888888888888 0.51875 0.6388888888888888 0.5140625 0.6527777777777778 0.5109375 0.6472222222222223 0.509375 0.65 0.5109375 0.6583333333333333 0.4953125 0.6777777777777778 0.43125 0.675 0.4296875 0.6722222222222223 0.4078125 0.6722222222222223 0.40625 0.6694444444444444 0.4015625 0.6722222222222223 0.4 0.6694444444444444 0.325 0.6638888888888889 0.3234375 0.6611111111111111 0.2984375 0.6611111111111111 0.296875 0.6583333333333333 0.2921875 0.6611111111111111 0.290625 0.6583333333333333 0.278125 0.6583333333333333 0.278125 0.6555555555555556 0.2984375 0.6444444444444445 0.3046875 0.6444444444444445 0.315625 0.6361111111111111 0.334375 0.6305555555555555 0.35625 0.6166666666666667 0.3859375 0.6055555555555555 0.403125 0.5944444444444444 0.409375 0.5944444444444444 0.421875 0.5861111111111111 0.4390625 0.5805555555555556 0.45 0.5722222222222222 0.4578125 0.5722222222222222 0.4953125 0.5527777777777778 0.503125 0.5527777777777778 0.51875 0.5416666666666666 0.5296875 0.5416666666666666 0.5109375 0.5527777777777778 0.5046875 0.5527777777777778 0.4921875 0.5611111111111111 0.4859375 0.5611111111111111 0.4796875 0.5666666666666667 0.4375 0.5833333333333334 0.43125 0.5888888888888889 0.4046875 0.6 0.3953125 0.6083333333333333 0.396875 0.6111111111111112 0.4453125 0.6138888888888889 0.446875 0.6166666666666667 0.4578125 0.6166666666666667 0.459375 0.6194444444444445 0.48125 0.6194444444444445 0.4828125 0.6277777777777778 0.4984375 0.6277777777777778 0.50625 0.6222222222222222 0.515625 0.6222222222222222 0.5125 0.6305555555555555 0.496875 0.65 0.4953125 0.6472222222222223 0.478125 0.65 0.459375 0.6388888888888888 0.453125 0.6388888888888888 0.446875 0.6444444444444445 0.4328125 0.6444444444444445 0.43125 0.6388888888888888 0.425 0.6416666666666667 0.41875 0.6388888888888888 0.4125 0.6444444444444445 0.4015625 0.6444444444444445 0.39375 0.6388888888888888 0.3609375 0.6388888888888888 0.359375 0.6361111111111111 0.3296875 0.6361111111111111 0.315625 0.6472222222222223 0.3203125 0.6527777777777778 0.3890625 0.6555555555555556 0.390625 0.6583333333333333 0.4015625 0.6583333333333333 0.403125 0.6611111111111111 0.43125 0.6611111111111111 0.4328125 0.6638888888888889 0.4625 0.6666666666666666 0.4640625 0.6694444444444444 0.49375 0.6694444444444444 0.4953125 0.6666666666666666 0.4921875 0.6638888888888889 0.5015625 0.6583333333333333 0.5171875 0.6305555555555555 0.5296875 0.6194444444444445 0.5421875 0.5972222222222222 0.5515625 0.5888888888888889 0.5921875 0.5333333333333333
0 0.6875 0.6111111111111112 0.690625 0.6111111111111112 0.7 0.6222222222222222 0.7 0.6277777777777778 0.6953125 0.6277777777777778 0.6875 0.6138888888888889
0 0.6328125 0.5305555555555556 0.6359375 0.5305555555555556 0.646875 0.5444444444444444 0.65 0.5444444444444444 0.675 0.5861111111111111 0.68125 0.5916666666666667 0.684375 0.5972222222222222 0.684375 0.6027777777777777 0.678125 0.6 0.653125 0.5611111111111111 0.65 0.5527777777777778 0.634375 0.5333333333333333