0 0.359375 0.3527777777777778 0.3625 0.35 0.375 0.35555555555555557 0.3765625 0.3611111111111111 0.3609375 0.35555555555555557
0 0.20625 0.32222222222222224 0.2078125 0.3194444444444444 0.2078125 0.32222222222222224 0.2046875 0.3277777777777778 0.1953125 0.3277777777777778 0.196875 0.32222222222222224 0.2046875 0.32222222222222224
0 0.053125 0.475 0.0671875 0.4666666666666667 0.09375 0.44166666666666665 0.1046875 0.4361111111111111 0.1109375 0.4388888888888889 0.065625 0.4777777777777778 0.053125 0.4777777777777778
0 0.2828125 0.36944444444444446 0.2859375 0.375 0.284375 0.38055555555555554 0.2796875 0.37777777777777777 0.275 0.36944444444444446 0.275 0.3638888888888889 0.278125 0.3638888888888889 0.28125 0.36944444444444446
0 0.29375 0.4083333333333333 0.2984375 0.4083333333333333 0.303125 0.41388888888888886 0.3046875 0.4222222222222222 0.303125 0.43333333333333335 0.2984375 0.4361111111111111 0.2953125 0.43333333333333335 0.29375 0.4111111111111111
0 0.8265625 0.8138888888888889 0.8390625 0.8083333333333333 0.859375 0.8083333333333333 0.8671875 0.8138888888888889 0.8859375 0.8333333333333334 0.9796875 0.9638888888888889 0.9796875 0.9666666666666667 0.975 0.9694444444444444 0.95625 0.9694444444444444 0.953125 0.9666666666666667 0.9515625 0.9694444444444444 0.9234375 0.9722222222222222 0.903125 0.9361111111111111 0.8984375 0.9333333333333333 0.8796875 0.9 0.865625 0.8805555555555555 0.85625 0.8611111111111112 0.8515625 0.8583333333333333 0.8359375 0.8305555555555556 0.83125 0.8277777777777777 0.8265625 0.8166666666666667
0 0.45 0.39166666666666666 0.4609375 0.39166666666666666 0.4671875 0.3972222222222222 0.4859375 0.4027777777777778 0.4921875 0.4083333333333333 0.4921875 0.4111111111111111 0.4734375 0.4083333333333333 0.45 0.39444444444444443
0 0.0078125 0.9138888888888889 0.025 0.9138888888888889 0.0234375 0.9222222222222223 0.009375 0.9416666666666667 0.0078125 0.9416666666666667 0.0078125 0.9166666666666666
0 0.1625 0.36666666666666664 0.1703125 0.3527777777777778 0.1734375 0.3527777777777778 0.175 0.35833333333333334 0.16875 0.36666666666666664 0.1640625 0.36666666666666664
0 0.2703125 0.35 0.278125 0.35833333333333334 0.275 0.3638888888888889 0.271875 0.3611111111111111 0.2703125 0.3527777777777778
0 0.26875 0.5416666666666666 0.2703125 0.55 0.265625 0.5611111111111111 0.2265625 0.6305555555555555 0.16875 0.7194444444444444 0.1640625 0.725 0.1546875 0.725 0.153125 0.7277777777777777 0.146875 0.7277777777777777 0.1453125 0.725 0.153125 0.7083333333333334 0.1609375 0.7 0.18125 0.6666666666666666 0.1953125 0.65 0.2 0.6388888888888888 0.2390625 0.5805555555555556 0.25625 0.5472222222222223 0.2625 0.5416666666666666 0.2671875 0.5416666666666666
0 0.2859375 0.38333333333333336 0.290625 0.38333333333333336 0.296875 0.39444444444444443 0.2984375 0.4 0.296875 0.4027777777777778 0.2921875 0.4027777777777778 0.284375 0.38333333333333336
0 0.1765625 0.3416666666666667 0.1828125 0.3333333333333333 0.1875 0.3333333333333333 0.1890625 0.33611111111111114 0.1859375 0.3416666666666667 0.178125 0.34444444444444444
0 0.3015625 0.44722222222222224 0.303125 0.45 0.303125 0.46944444444444444 0.2921875 0.5027777777777778 0.2890625 0.5055555555555555 0.2796875 0.5055555555555555 0.2796875 0.5 0.2890625 0.48055555555555557 0.290625 0.4638888888888889 0.29375 0.4527777777777778 0.3 0.44722222222222224
0 0.1546875 0.3861111111111111 0.1546875 0.39166666666666666 0.1453125 0.40555555555555556 0.1375 0.40555555555555556 0.1375 0.4027777777777778 0.1453125 0.3888888888888889 0.153125 0.3861111111111111
0 0.5640625 0.4583333333333333 0.5875 0.4777777777777778 0.609375 0.5027777777777778 0.6140625 0.5027777777777778 0.6171875 0.5083333333333333 0.625 0.5138888888888888 0.63125 0.5222222222222223 0.63125 0.525 0.6265625 0.5277777777777778 0.6234375 0.525 0.6125 0.525 0.5828125 0.49444444444444446 0.575 0.48333333333333334 0.571875 0.48333333333333334 0.5484375 0.46111111111111114 0.54375 0.45555555555555555 0.5453125 0.4527777777777778 0.55625 0.4527777777777778 0.5625 0.4583333333333333
0 0.3953125 0.36666666666666664 0.403125 0.36666666666666664 0.4203125 0.37777777777777777 0.409375 0.37777777777777777 0.3953125 0.36944444444444446
0 0.3390625 0.33611111111111114 0.3453125 0.33611111111111114 0.35 0.3416666666666667 0.35 0.34444444444444444 0.34375 0.3416666666666667 0.3421875 0.34444444444444444 0.3390625 0.3388888888888889