0 0.21875 0.7722222222222223 0.2203125 0.7777777777777778 0.215625 0.7888888888888889 0.2125 0.7888888888888889 0.20625 0.7972222222222223 0.1890625 0.8055555555555556 0.1859375 0.8111111111111111 0.1765625 0.8138888888888889 0.16875 0.8222222222222222 0.1609375 0.825 0.1578125 0.8305555555555556 0.1453125 0.8361111111111111 0.1359375 0.8472222222222222 0.13125 0.8472222222222222 0.1265625 0.8555555555555555 0.115625 0.8583333333333333 0.096875 0.8777777777777778 0.0921875 0.8777777777777778 0.084375 0.8861111111111111 0.0578125 0.9 0.0546875 0.9055555555555556 0.0421875 0.9083333333333333 0.040625 0.9138888888888889 0.034375 0.9138888888888889 0.0265625 0.9194444444444444 0.021875 0.9194444444444444 0.0203125 0.9 0.0390625 0.8916666666666667 0.040625 0.8861111111111111 0.046875 0.8861111111111111 0.053125 0.8833333333333333 0.05625 0.8777777777777778 0.0671875 0.875 0.0703125 0.8694444444444445 0.084375 0.8666666666666667 0.0875 0.8611111111111112 0.096875 0.8583333333333333 0.1 0.8527777777777777 0.1125 0.8472222222222222 0.115625 0.8416666666666667 0.125 0.8388888888888889 0.1328125 0.8305555555555556 0.1421875 0.8277777777777777 0.1453125 0.8222222222222222 0.1546875 0.8194444444444444 0.1578125 0.8138888888888889 0.171875 0.8083333333333333 0.175 0.8027777777777778 0.1828125 0.8 0.1890625 0.7916666666666666 0.1953125 0.7916666666666666 0.2 0.7833333333333333 0.209375 0.775 0.2171875 0.7722222222222223
0 0.675 0.8388888888888889 0.6859375 0.8472222222222222 0.69375 0.8583333333333333 0.696875 0.8583333333333333 0.7109375 0.8722222222222222 0.71875 0.875 0.725 0.8861111111111111 0.728125 0.8861111111111111 0.734375 0.8944444444444445 0.7359375 0.9055555555555556 0.7265625 0.9055555555555556 0.71875 0.8944444444444445 0.715625 0.8944444444444445 0.7046875 0.8833333333333333 0.7 0.875 0.696875 0.875 0.690625 0.8666666666666667 0.6765625 0.8583333333333333 0.6703125 0.8416666666666667 0.6734375 0.8388888888888889
0 0.7109375 0.8166666666666667 0.715625 0.8166666666666667 0.725 0.825 0.728125 0.8222222222222222 0.75625 0.8444444444444444 0.7625 0.8444444444444444 0.76875 0.8527777777777777 0.7828125 0.8583333333333333 0.7875 0.8666666666666667 0.790625 0.8666666666666667 0.809375 0.8861111111111111 0.8140625 0.8861111111111111 0.8171875 0.8916666666666667 0.821875 0.8916666666666667 0.8296875 0.9 0.8359375 0.9 0.840625 0.9055555555555556 0.84375 0.9055555555555556 0.846875 0.9111111111111111 0.8546875 0.9138888888888889 0.8625 0.925 0.8640625 0.9222222222222223 0.8671875 0.925 0.8640625 0.9305555555555556 0.85625 0.9277777777777778 0.85 0.9194444444444444 0.8453125 0.9194444444444444 0.81875 0.8972222222222223 0.8125 0.8972222222222223 0.8046875 0.8888888888888888 0.803125 0.8916666666666667 0.7890625 0.8777777777777778 0.784375 0.8777777777777778 0.7765625 0.8694444444444445 0.771875 0.8694444444444445 0.765625 0.8611111111111112 0.753125 0.8555555555555555 0.74375 0.8444444444444444 0.73125 0.8388888888888889 0.7109375 0.8194444444444444
0 0.3140625 0.7694444444444445 0.315625 0.7722222222222223 0.3140625 0.7777777777777778 0.3078125 0.7777777777777778 0.3125 0.7694444444444445
0 0.2328125 0.7777777777777778 0.228125 0.7861111111111111 0.21875 0.7916666666666666 0.2171875 0.7972222222222223 0.2125 0.8 0.2046875 0.8 0.20625 0.7944444444444444 0.215625 0.7888888888888889 0.2234375 0.7777777777777778 0.23125 0.7777777777777778
0 0.24375 0.8722222222222222 0.24375 0.875 0.234375 0.8833333333333333 0.2265625 0.8805555555555555 0.2296875 0.875 0.2328125 0.875 0.2359375 0.8694444444444445 0.2421875 0.8722222222222222
0 0.1625 0.9527777777777777 0.1734375 0.9444444444444444 0.1765625 0.9388888888888889 0.184375 0.9388888888888889 0.1859375 0.9444444444444444 0.1671875 0.9611111111111111 0.1625 0.9694444444444444 0.15 0.9805555555555555 0.1375 0.9972222222222222 0.1203125 0.9972222222222222 0.125 0.9944444444444445 0.134375 0.9805555555555555 0.1375 0.9805555555555555 0.14375 0.9722222222222222 0.146875 0.9722222222222222 0.1515625 0.9638888888888889 0.1546875 0.9638888888888889 0.1625 0.9555555555555556
0 0.2890625 0.8138888888888889 0.2890625 0.8194444444444444 0.278125 0.8333333333333334 0.275 0.8305555555555556 0.275 0.825 0.2796875 0.8166666666666667 0.2875 0.8138888888888889
0 0.30625 0.7777777777777778 0.3109375 0.7805555555555556 0.30625 0.7916666666666666 0.3015625 0.7916666666666666 0.30625 0.7805555555555556
0 0.3265625 0.7638888888888888 0.328125 0.7555555555555555 0.3359375 0.7472222222222222 0.340625 0.7472222222222222 0.340625 0.75 0.3328125 0.7638888888888888 0.328125 0.7638888888888888
0 0.3015625 0.7972222222222223 0.3 0.8027777777777778 0.29375 0.8027777777777778 0.296875 0.7944444444444444 0.3 0.7972222222222223
0 0.0640625 0.9361111111111111 0.0734375 0.925 0.084375 0.9194444444444444 0.090625 0.9111111111111111 0.0953125 0.9111111111111111 0.103125 0.9027777777777778 0.1078125 0.9027777777777778 0.115625 0.8944444444444445 0.1203125 0.8944444444444445 0.1234375 0.8888888888888888 0.1265625 0.8888888888888888 0.1359375 0.8722222222222222 0.1421875 0.8722222222222222 0.1453125 0.8666666666666667 0.1546875 0.8666666666666667 0.165625 0.8583333333333333 0.1734375 0.8583333333333333 0.171875 0.8666666666666667 0.1609375 0.8722222222222222 0.159375 0.8777777777777778 0.1484375 0.8805555555555555 0.1453125 0.8861111111111111 0.13125 0.8944444444444445 0.125 0.9027777777777778 0.1203125 0.9027777777777778 0.1125 0.9111111111111111 0.103125 0.9138888888888889 0.1 0.9194444444444444 0.0875 0.925 0.0796875 0.9333333333333333 0.075 0.9333333333333333 0.071875 0.9388888888888889 0.0671875 0.9416666666666667 0.0640625 0.9388888888888889
0 0.9625 0.6805555555555556 0.975 0.6861111111111111 0.978125 0.6833333333333333 0.9828125 0.6888888888888889 0.9765625 0.6916666666666667 0.9625 0.6888888888888889 0.959375 0.6916666666666667 0.95625 0.6861111111111111 0.9609375 0.6833333333333333
0 0.3984375 0.7972222222222223 0.40625 0.8111111111111111 0.39375 0.8166666666666667 0.3921875 0.8194444444444444 0.39375 0.825 0.4171875 0.8166666666666667 0.4203125 0.8111111111111111 0.428125 0.8111111111111111 0.4328125 0.8166666666666667 0.4375 0.8166666666666667 0.4390625 0.8222222222222222 0.4296875 0.8277777777777777 0.425 0.8361111111111111 0.4203125 0.8388888888888889 0.403125 0.8361111111111111 0.396875 0.8416666666666667 0.384375 0.8416666666666667 0.36875 0.8583333333333333 0.3625 0.8583333333333333 0.3625 0.8555555555555555 0.371875 0.8388888888888889 0.375 0.8277777777777777 0.375 0.8222222222222222 0.36875 0.8166666666666667 0.3703125 0.8111111111111111 0.3796875 0.8055555555555556 0.3859375 0.7972222222222223 0.396875 0.7972222222222223
0 0.5296875 0.7083333333333334 0.5328125 0.7083333333333334 0.5375 0.7138888888888889 0.5328125 0.7166666666666667 0.5296875 0.7111111111111111
0 0.5796875 0.7472222222222222 0.59375 0.7611111111111111 0.5953125 0.7694444444444445 0.584375 0.7666666666666667 0.575 0.7555555555555555 0.575 0.75 0.578125 0.7472222222222222
0 0.5515625 0.725 0.5546875 0.7333333333333333 0.55 0.7333333333333333 0.5453125 0.7277777777777777 0.546875 0.7222222222222222 0.55 0.725