0 0.40625 0.7055555555555556 0.4125 0.6916666666666667 0.4171875 0.6916666666666667 0.4171875 0.6972222222222222 0.4109375 0.7083333333333334 0.4078125 0.7083333333333334
0 0.6203125 0.6888888888888889 0.6390625 0.6944444444444444 0.6484375 0.7027777777777777 0.6578125 0.7055555555555556 0.6734375 0.7194444444444444 0.678125 0.7194444444444444 0.6921875 0.7305555555555555 0.7140625 0.7416666666666667 0.7265625 0.7527777777777778 0.7328125 0.7527777777777778 0.7421875 0.7638888888888888 0.7546875 0.7666666666666667 0.759375 0.775 0.7703125 0.7805555555555556 0.778125 0.7888888888888889 0.7953125 0.7944444444444444 0.803125 0.8027777777777778 0.815625 0.8083333333333333 0.8234375 0.8166666666666667 0.840625 0.825 0.853125 0.8361111111111111 0.8765625 0.8444444444444444 0.884375 0.8555555555555555 0.903125 0.8638888888888889 0.90625 0.8694444444444445 0.9140625 0.8722222222222222 0.91875 0.8777777777777778 0.93125 0.8805555555555555 0.934375 0.8861111111111111 0.9375 0.8861111111111111 0.95 0.8972222222222223 0.9859375 0.9138888888888889 0.990625 0.9111111111111111 0.9921875 0.9138888888888889 0.9984375 0.9138888888888889 0.9984375 0.9416666666666667 0.9953125 0.9416666666666667 0.9828125 0.925 0.975 0.925 0.9625 0.9194444444444444 0.9203125 0.8888888888888888 0.9015625 0.8805555555555555 0.878125 0.8611111111111112 0.8734375 0.8611111111111112 0.8625 0.8527777777777777 0.85625 0.8527777777777777 0.8453125 0.8416666666666667 0.8375 0.8388888888888889 0.825 0.8277777777777777 0.815625 0.825 0.790625 0.8055555555555556 0.7625 0.7888888888888889 0.7484375 0.775 0.7140625 0.7555555555555555 0.69375 0.7388888888888889 0.6796875 0.7333333333333333 0.6625 0.7194444444444444 0.659375 0.7138888888888889 0.64375 0.7083333333333334 0.621875 0.6916666666666667
0 0.4 0.7222222222222222 0.4015625 0.725 0.4 0.7333333333333333 0.390625 0.75 0.384375 0.75 0.384375 0.7444444444444445 0.3984375 0.7222222222222222
0 0.4359375 0.5944444444444444 0.4375 0.5972222222222222 0.44375 0.5972222222222222 0.4453125 0.5944444444444444 0.453125 0.5972222222222222 0.4546875 0.5944444444444444 0.465625 0.5944444444444444 0.4671875 0.5916666666666667 0.496875 0.5916666666666667 0.50625 0.5972222222222222 0.50625 0.6 0.5 0.6 0.4984375 0.6027777777777777 0.44375 0.6027777777777777 0.4421875 0.6 0.4375 0.6027777777777777 0.4296875 0.6027777777777777 0.428125 0.6 0.4265625 0.6027777777777777 0.4078125 0.6027777777777777 0.4078125 0.5972222222222222 0.4109375 0.5944444444444444 0.4140625 0.5972222222222222 0.434375 0.5944444444444444
0 0.2390625 0.7638888888888888 0.2453125 0.7583333333333333 0.2875 0.7416666666666667 0.2875 0.75 0.2828125 0.7666666666666667 0.2609375 0.7666666666666667 0.253125 0.7777777777777778 0.24375 0.7833333333333333 0.2375 0.7916666666666666 0.234375 0.7916666666666666 0.2078125 0.8166666666666667 0.19375 0.8194444444444444 0.1921875 0.8166666666666667 0.1953125 0.8111111111111111 0.2421875 0.775 0.2453125 0.7694444444444445 0.240625 0.7666666666666667
0 0.53125 0.6722222222222223 0.5328125 0.675 0.5984375 0.675 0.60625 0.6805555555555556 0.603125 0.6833333333333333 0.5296875 0.6833333333333333 0.525 0.6777777777777778 0.525 0.675 0.5296875 0.675
0 0.6546875 0.7555555555555555 0.68125 0.7722222222222223 0.6796875 0.7805555555555556 0.684375 0.7888888888888889 0.715625 0.8138888888888889 0.71875 0.8194444444444444 0.7265625 0.825 0.728125 0.8305555555555556 0.715625 0.8305555555555556 0.7015625 0.8138888888888889 0.6921875 0.8083333333333333 0.6890625 0.8027777777777778 0.6609375 0.7777777777777778 0.640625 0.775 0.6390625 0.7722222222222223 0.6390625 0.7555555555555555 0.640625 0.7527777777777778 0.653125 0.7555555555555555
0 0.4859375 0.6222222222222222 0.490625 0.6222222222222222 0.534375 0.7 0.565625 0.75 0.571875 0.7638888888888888 0.6234375 0.8472222222222222 0.6625 0.9166666666666666 0.68125 0.9444444444444444 0.7078125 0.9944444444444445 0.70625 0.9972222222222222 0.684375 0.9972222222222222 0.6828125 0.9944444444444445 0.6765625 0.9944444444444445 0.6703125 0.9777777777777777 0.6390625 0.9166666666666666 0.609375 0.8638888888888889 0.4859375 0.625
0 0.4703125 0.7472222222222222 0.4796875 0.7583333333333333 0.484375 0.7666666666666667 0.484375 0.7722222222222223 0.471875 0.7722222222222223 0.4703125 0.775 0.4703125 0.8194444444444444 0.4671875 0.825 0.45625 0.8222222222222222 0.4578125 0.775 0.453125 0.7694444444444445 0.44375 0.7694444444444445 0.44375 0.7638888888888888 0.4625 0.7444444444444445 0.46875 0.7472222222222222
0 0.5140625 0.5944444444444444 0.534375 0.5944444444444444 0.5390625 0.6 0.540625 0.5972222222222222 0.5640625 0.5972222222222222 0.5671875 0.6027777777777777 0.565625 0.6111111111111112 0.5625 0.6111111111111112 0.5609375 0.6083333333333333 0.54375 0.6083333333333333 0.5421875 0.6055555555555555 0.5234375 0.6055555555555555 0.5171875 0.6027777777777777 0.5140625 0.5972222222222222
0 0.2921875 0.9222222222222223 0.29375 0.9138888888888889 0.2984375 0.9083333333333333 0.309375 0.8833333333333333 0.34375 0.8222222222222222 0.3515625 0.8222222222222222 0.3515625 0.8277777777777777 0.33125 0.8722222222222222 0.3046875 0.9222222222222223 0.3 0.925 0.29375 0.9222222222222223