0 0.4921875 0.6611111111111111 0.00625 0.011111111111111112
0 0.1109375 0.6583333333333333 0.1140625 0.6611111111111111 0.1125 0.6638888888888889 0.1078125 0.6611111111111111 0.0984375 0.6666666666666666 0.08125 0.6666666666666666 0.0828125 0.6638888888888889 0.109375 0.6583333333333333
0 0.4328125 0.6583333333333333 0.00625 0.008333333333333333
0 0.371875 0.9416666666666667 0.3796875 0.9472222222222222 0.3703125 0.9777777777777777 0.35625 0.9777777777777777 0.359375 0.9583333333333334 0.3703125 0.9416666666666667
0 0.0515625 0.6833333333333333 0.0453125 0.6888888888888889 0.0328125 0.6888888888888889 0.0203125 0.6944444444444444 0.01875 0.6916666666666667 0.003125 0.6944444444444444 0.0015625 0.6888888888888889 0.00625 0.6916666666666667 0.01875 0.6833333333333333 0.021875 0.6861111111111111 0.05 0.6833333333333333
0 0.234375 0.7138888888888889 0.2390625 0.7166666666666667 0.2359375 0.7222222222222222 0.2234375 0.725 0.21875 0.7305555555555555 0.215625 0.7277777777777777 0.20625 0.7333333333333333 0.2015625 0.7333333333333333 0.2015625 0.7305555555555555 0.2078125 0.725 0.2328125 0.7166666666666667
0 0.325 0.7333333333333333 0.3375 0.7222222222222222 0.346875 0.7194444444444444 0.3484375 0.7222222222222222 0.34375 0.7277777777777777 0.3359375 0.7305555555555555 0.33125 0.7361111111111112 0.3265625 0.7361111111111112
0 0.4515625 0.7305555555555555 0.45625 0.7222222222222222 0.4609375 0.7222222222222222 0.459375 0.7333333333333333 0.453125 0.7416666666666667 0.4484375 0.7388888888888889 0.4515625 0.7333333333333333
0 0.03125 0.8027777777777778 0.028125 0.8083333333333333 0.01875 0.8138888888888889 0.015625 0.8111111111111111 0.0046875 0.8194444444444444 0 0.8194444444444444 0 0.8138888888888889 0.003125 0.8111111111111111 0.0125 0.8055555555555556 0.0296875 0.8027777777777778
0 0.35 0.6694444444444444 0.3453125 0.675 0.340625 0.6722222222222223 0.3484375 0.6694444444444444
0 0.15 0.6666666666666666 0.1578125 0.6611111111111111 0.171875 0.6611111111111111 0.16875 0.6666666666666666 0.15 0.6694444444444444
0 0.26875 0.7722222222222223 0.2703125 0.775 0.2859375 0.7611111111111111 0.2890625 0.7666666666666667 0.275 0.7805555555555556 0.2625 0.7861111111111111 0.2515625 0.7972222222222223 0.246875 0.7944444444444444 0.246875 0.7916666666666666 0.2671875 0.775
0 0.384375 0.6958333333333333 0.0140625 0.016666666666666666
0 0.475 0.6916666666666667 0.475 0.6972222222222222 0.4703125 0.7027777777777777 0.46875 0.6972222222222222 0.4734375 0.6916666666666667
0 0.30625 0.6861111111111111 0.309375 0.6888888888888889 0.3078125 0.6916666666666667 0.2984375 0.6944444444444444 0.2921875 0.7 0.2890625 0.7 0.2875 0.6972222222222222 0.2890625 0.6944444444444444 0.3046875 0.6861111111111111
0 0.41875 0.6694444444444444 0.415625 0.675 0.4109375 0.675 0.4109375 0.6722222222222223 0.4171875 0.6694444444444444
0 0.440625 0.7694444444444445 0.4421875 0.7694444444444445 0.4375 0.7861111111111111 0.4296875 0.8027777777777778 0.428125 0.8055555555555556 0.421875 0.8055555555555556 0.421875 0.8 0.4265625 0.7861111111111111 0.434375 0.7694444444444445 0.4390625 0.7666666666666667
0 0.484375 0.6763888888888889 0.0078125 0.011111111111111112