0 0.4875 0.7222222222222222 0.490625 0.725 0.490625 0.7333333333333333 0.4859375 0.7388888888888889 0.4796875 0.7388888888888889 0.478125 0.7416666666666667 0.46875 0.7416666666666667 0.4609375 0.7361111111111112 0.475 0.725 0.4859375 0.7222222222222222
0 0.4484375 0.7277777777777777 0.45 0.7388888888888889 0.4453125 0.7416666666666667 0.421875 0.7416666666666667 0.421875 0.7388888888888889 0.434375 0.7277777777777777 0.440625 0.725 0.446875 0.7277777777777777
0 0.496875 0.7583333333333333 0.4921875 0.7666666666666667 0.4640625 0.7972222222222223 0.453125 0.8138888888888889 0.434375 0.8333333333333334 0.425 0.85 0.3890625 0.8916666666666667 0.340625 0.9583333333333334 0.325 0.975 0.3140625 0.9944444444444445 0.309375 0.9972222222222222 0.2859375 0.9972222222222222 0.2890625 0.9888888888888889 0.3640625 0.9 0.4125 0.8472222222222222 0.440625 0.8111111111111111 0.4671875 0.7833333333333333 0.4765625 0.7694444444444445 0.4875 0.7583333333333333 0.4953125 0.7583333333333333
0 0.534375 0.7277777777777777 0.5375 0.7305555555555555 0.5375 0.7361111111111112 0.5109375 0.7361111111111112 0.50625 0.7333333333333333 0.521875 0.7222222222222222 0.5265625 0.7222222222222222 0.5328125 0.7277777777777777
0 0.6640625 0.7 0.6703125 0.7 0.696875 0.7166666666666667 0.6953125 0.7222222222222222 0.6875 0.7222222222222222 0.6765625 0.7138888888888889 0.6703125 0.7138888888888889 0.6640625 0.7027777777777777
0 0.6203125 0.725 0.6265625 0.7333333333333333 0.625 0.7361111111111112 0.5953125 0.7361111111111112 0.59375 0.7333333333333333 0.5953125 0.7305555555555555 0.60625 0.7222222222222222 0.61875 0.725
0 0.40625 0.7305555555555555 0.409375 0.7361111111111112 0.4078125 0.7444444444444445 0.384375 0.7444444444444445 0.3828125 0.7416666666666667 0.390625 0.7333333333333333 0.4046875 0.7305555555555555
0 0.5671875 0.7194444444444444 0.58125 0.7305555555555555 0.58125 0.7361111111111112 0.559375 0.7361111111111112 0.55625 0.7305555555555555 0.565625 0.7222222222222222
0 0.5984375 0.7083333333333334 0.6 0.7111111111111111 0.60625 0.7055555555555556 0.6203125 0.7055555555555556 0.621875 0.7083333333333334 0.621875 0.7222222222222222 0.6265625 0.725 0.6296875 0.7333333333333333 0.6125 0.7416666666666667 0.603125 0.7416666666666667 0.5875 0.7333333333333333 0.58125 0.7388888888888889 0.571875 0.7388888888888889 0.5703125 0.7416666666666667 0.55625 0.7388888888888889 0.55 0.7305555555555555 0.553125 0.7305555555555555 0.5578125 0.725 0.553125 0.7166666666666667 0.5484375 0.7166666666666667 0.5453125 0.725 0.5421875 0.725 0.540625 0.7361111111111112 0.5234375 0.7388888888888889 0.521875 0.7416666666666667 0.4890625 0.7361111111111112 0.484375 0.7416666666666667 0.4765625 0.7416666666666667 0.475 0.7444444444444445 0.465625 0.7444444444444445 0.4640625 0.7416666666666667 0.4203125 0.7444444444444445 0.41875 0.7416666666666667 0.4125 0.7416666666666667 0.4015625 0.7472222222222222 0.3953125 0.7444444444444445 0.3875 0.7472222222222222 0.3828125 0.7444444444444445 0.3828125 0.7388888888888889 0.396875 0.7305555555555555 0.425 0.7333333333333333 0.4421875 0.7222222222222222 0.4453125 0.725 0.4546875 0.725 0.45625 0.7194444444444444 0.465625 0.7111111111111111 0.48125 0.7111111111111111 0.4921875 0.7166666666666667 0.503125 0.7083333333333334 0.5078125 0.7083333333333334 0.5125 0.7111111111111111 0.5171875 0.7222222222222222 0.5203125 0.7222222222222222 0.534375 0.7083333333333334 0.54375 0.7083333333333334 0.5453125 0.7055555555555556 0.5484375 0.7083333333333334 0.5578125 0.7083333333333334 0.559375 0.7111111111111111 0.5625 0.7083333333333334 0.5796875 0.7083333333333334 0.5890625 0.7138888888888889 0.5953125 0.7138888888888889 0.596875 0.7111111111111111
0 0.6609375 0.725 0.6671875 0.7305555555555555 0.6703125 0.7388888888888889 0.6484375 0.7388888888888889 0.64375 0.7361111111111112 0.6453125 0.7305555555555555 0.6515625 0.725 0.65625 0.7222222222222222 0.659375 0.725
0 0.6484375 0.7083333333333334 0.6578125 0.7138888888888889 0.659375 0.7166666666666667 0.6578125 0.7222222222222222 0.6421875 0.7222222222222222 0.640625 0.7111111111111111 0.646875 0.7083333333333334