0 0.6703125 0.7472222222222222 0.6765625 0.7444444444444445 0.678125 0.7472222222222222 0.7015625 0.75 0.709375 0.7555555555555555 0.715625 0.7555555555555555 0.7234375 0.7611111111111111 0.7375 0.7638888888888888 0.775 0.7805555555555556 0.778125 0.7861111111111111 0.7484375 0.7861111111111111 0.740625 0.7805555555555556 0.7265625 0.7777777777777778 0.721875 0.7722222222222223 0.7015625 0.7638888888888888 0.696875 0.7583333333333333 0.671875 0.75
0 0.63125 0.7444444444444445 0.6484375 0.7555555555555555 0.6703125 0.7638888888888888 0.6796875 0.7722222222222223 0.684375 0.7722222222222223 0.6890625 0.7777777777777778 0.696875 0.7805555555555556 0.6984375 0.7833333333333333 0.696875 0.7861111111111111 0.66875 0.7861111111111111 0.659375 0.7805555555555556 0.646875 0.7694444444444445 0.6140625 0.75 0.6140625 0.7472222222222222 0.61875 0.7444444444444445 0.6296875 0.7444444444444445
0 0.453125 0.8083333333333333 0.48125 0.8305555555555556 0.48125 0.8333333333333334 0.465625 0.8333333333333334 0.4640625 0.8361111111111111 0.4109375 0.8361111111111111 0.409375 0.8333333333333334 0.425 0.825 0.4375 0.8138888888888889 0.4515625 0.8083333333333333
0 0.5578125 0.7472222222222222 0.578125 0.7472222222222222 0.5828125 0.7527777777777778 0.596875 0.7583333333333333 0.6140625 0.775 0.61875 0.7833333333333333 0.6171875 0.7888888888888889 0.5921875 0.7888888888888889 0.5765625 0.7666666666666667 0.5578125 0.75
0 0.36875 0.8 0.3765625 0.7861111111111111 0.39375 0.7722222222222223 0.4 0.7638888888888888 0.4125 0.7583333333333333 0.41875 0.7611111111111111 0.4078125 0.7833333333333333 0.3953125 0.8 0.390625 0.8027777777777778 0.3703125 0.8027777777777778
0 0.5453125 0.8083333333333333 0.5609375 0.8194444444444444 0.5703125 0.8222222222222222 0.5765625 0.8277777777777777 0.5734375 0.8305555555555556 0.5171875 0.8305555555555556 0.515625 0.8333333333333334 0.5046875 0.8305555555555556 0.509375 0.8222222222222222 0.5125 0.8222222222222222 0.5328125 0.8027777777777778 0.5375 0.8027777777777778 0.54375 0.8083333333333333
0 0.8 0.8 0.821875 0.8111111111111111 0.8484375 0.8166666666666667 0.859375 0.8222222222222222 0.8578125 0.825 0.7875 0.8194444444444444 0.784375 0.8166666666666667 0.7828125 0.8027777777777778 0.784375 0.8 0.7984375 0.8
0 0.625 0.8027777777777778 0.64375 0.8138888888888889 0.6671875 0.8222222222222222 0.66875 0.8277777777777777 0.59375 0.8277777777777777 0.596875 0.8194444444444444 0.6046875 0.8138888888888889 0.6125 0.8027777777777778 0.6234375 0.8027777777777778
0 0.0203125 0.9916666666666667 0.0234375 0.9833333333333333 0.040625 0.975 0.0625 0.9527777777777777 0.0953125 0.9333333333333333 0.121875 0.9111111111111111 0.1375 0.9055555555555556 0.1453125 0.8972222222222223 0.1609375 0.8888888888888888 0.1640625 0.8833333333333333 0.1734375 0.8805555555555555 0.2078125 0.8555555555555555 0.2203125 0.85 0.23125 0.8416666666666667 0.234375 0.8361111111111111 0.2453125 0.8305555555555556 0.2484375 0.825 0.2578125 0.8222222222222222 0.2984375 0.7916666666666666 0.309375 0.7916666666666666 0.3078125 0.8 0.3 0.8111111111111111 0.290625 0.8166666666666667 0.2875 0.8222222222222222 0.28125 0.825 0.265625 0.8416666666666667 0.2390625 0.8583333333333333 0.2296875 0.8694444444444445 0.225 0.8694444444444445 0.2171875 0.8777777777777778 0.20625 0.8805555555555555 0.2015625 0.8888888888888888 0.1796875 0.9027777777777778 0.1734375 0.9111111111111111 0.16875 0.9111111111111111 0.159375 0.9222222222222223 0.15 0.925 0.146875 0.9305555555555556 0.1265625 0.9444444444444444 0.1203125 0.9527777777777777 0.1125 0.9555555555555556 0.1015625 0.9666666666666667 0.0984375 0.9666666666666667 0.0921875 0.975 0.0890625 0.975 0.0796875 0.9833333333333333 0.075 0.9916666666666667 0.06875 0.9916666666666667 0.0671875 0.9944444444444445 0.0234375 0.9944444444444445 0.021875 0.9916666666666667
0 0.50625 0.75 0.525 0.75 0.528125 0.7527777777777778 0.5390625 0.775 0.5421875 0.7861111111111111 0.5421875 0.7916666666666666 0.5328125 0.7916666666666666 0.53125 0.7944444444444444 0.5140625 0.7916666666666666 0.5078125 0.7694444444444445 0.50625 0.7527777777777778
0 0.38125 0.8194444444444444 0.3859375 0.8277777777777777 0.390625 0.8305555555555556 0.3921875 0.8388888888888889 0.3859375 0.8388888888888889 0.384375 0.8416666666666667 0.3578125 0.8416666666666667 0.35625 0.8444444444444444 0.3359375 0.8444444444444444 0.3328125 0.8416666666666667 0.3359375 0.8333333333333334 0.36875 0.8138888888888889 0.3734375 0.8138888888888889 0.3796875 0.8194444444444444
0 0.4703125 0.7527777777777778 0.471875 0.7555555555555555 0.4703125 0.7916666666666666 0.459375 0.7972222222222223 0.4421875 0.7972222222222223 0.440625 0.7888888888888889 0.4515625 0.7555555555555555 0.4546875 0.7527777777777778 0.46875 0.7527777777777778
0 0.7265625 0.7472222222222222 0.7390625 0.7472222222222222 0.746875 0.7527777777777778 0.775 0.7555555555555555 0.8109375 0.7722222222222223 0.8203125 0.7722222222222223 0.828125 0.7777777777777778 0.8359375 0.7777777777777778 0.846875 0.7861111111111111 0.8453125 0.7888888888888889 0.8328125 0.7888888888888889 0.83125 0.7861111111111111 0.825 0.7861111111111111 0.8 0.775 0.790625 0.775 0.7828125 0.7694444444444445 0.7765625 0.7694444444444445 0.7640625 0.7611111111111111 0.753125 0.7611111111111111 0.7515625 0.7583333333333333 0.74375 0.7583333333333333 0.7265625 0.75
0 0.7015625 0.7944444444444444 0.703125 0.7972222222222223 0.7140625 0.7972222222222223 0.734375 0.8083333333333333 0.7515625 0.8111111111111111 0.7578125 0.8166666666666667 0.759375 0.8222222222222222 0.7578125 0.825 0.746875 0.825 0.7453125 0.8277777777777777 0.6890625 0.8277777777777777 0.6828125 0.825 0.68125 0.8277777777777777 0.6515625 0.8277777777777777 0.65 0.8305555555555556 0.6484375 0.8277777777777777 0.640625 0.8277777777777777 0.6390625 0.8305555555555556 0.634375 0.8277777777777777 0.60625 0.8277777777777777 0.6046875 0.8305555555555556 0.5203125 0.8305555555555556 0.51875 0.8333333333333334 0.5 0.8333333333333334 0.496875 0.8305555555555556 0.4953125 0.8333333333333334 0.4765625 0.8333333333333334 0.475 0.8361111111111111 0.409375 0.8361111111111111 0.4078125 0.8333333333333334 0.4 0.8333333333333334 0.409375 0.8333333333333334 0.4453125 0.8083333333333333 0.446875 0.8027777777777778 0.440625 0.7944444444444444 0.440625 0.7888888888888889 0.446875 0.7722222222222223 0.446875 0.7638888888888888 0.4546875 0.7527777777777778 0.471875 0.7527777777777778 0.471875 0.7694444444444445 0.4703125 0.7722222222222223 0.4703125 0.7916666666666666 0.4578125 0.7972222222222223 0.453125 0.8055555555555556 0.465625 0.8194444444444444 0.4703125 0.8194444444444444 0.4828125 0.8305555555555556 0.5015625 0.8305555555555556 0.5328125 0.8027777777777778 0.540625 0.8027777777777778 0.5453125 0.8083333333333333 0.578125 0.8277777777777777 0.5921875 0.825 0.6015625 0.8166666666666667 0.6109375 0.8027777777777778 0.628125 0.8027777777777778 0.6390625 0.8111111111111111 0.6453125 0.8111111111111111 0.6671875 0.8222222222222222 0.684375 0.825 0.690625 0.8166666666666667 0.69375 0.8 0.7 0.7944444444444444
0 0.8296875 0.9222222222222223 0.83125 0.925 0.8390625 0.925 0.840625 0.9222222222222223 0.95625 0.9222222222222223 0.9578125 0.925 0.9953125 0.9222222222222223 0.9984375 0.925 0.9984375 0.95 0.9828125 0.95 0.98125 0.9527777777777777 0.978125 0.95 0.971875 0.95 0.9703125 0.9527777777777777 0.9640625 0.9527777777777777 0.9625 0.95 0.946875 0.95 0.9453125 0.9527777777777777 0.725 0.9527777777777777 0.7234375 0.9555555555555556 0.696875 0.9527777777777777 0.6953125 0.9555555555555556 0.6359375 0.9583333333333334 0.634375 0.9611111111111111 0.60625 0.9611111111111111 0.6046875 0.9638888888888889 0.553125 0.9638888888888889 0.5515625 0.9666666666666667 0.5265625 0.9666666666666667 0.525 0.9694444444444444 0.403125 0.9722222222222222 0.4015625 0.975 0.378125 0.975 0.3765625 0.9777777777777777 0.3734375 0.975 0.3609375 0.975 0.359375 0.9777777777777777 0.3421875 0.9777777777777777 0.340625 0.9805555555555555 0.3015625 0.9805555555555555 0.3 0.9833333333333333 0.265625 0.9861111111111112 0.2640625 0.9888888888888889 0.2578125 0.9861111111111112 0.2328125 0.9861111111111112 0.2328125 0.9833333333333333 0.2390625 0.9722222222222222 0.2515625 0.9583333333333334 0.2734375 0.9555555555555556 0.275 0.9527777777777777 0.3015625 0.9527777777777777 0.303125 0.95 0.325 0.95 0.3265625 0.9472222222222222 0.3703125 0.9444444444444444 0.371875 0.9416666666666667 0.4625 0.9388888888888889 0.4640625 0.9361111111111111 0.4765625 0.9361111111111111 0.478125 0.9333333333333333 0.53125 0.9333333333333333 0.5328125 0.9305555555555556 0.5390625 0.9333333333333333 0.5625 0.9333333333333333 0.5640625 0.9305555555555556 0.5921875 0.9305555555555556 0.59375 0.9277777777777778 0.809375 0.925 0.8109375 0.9222222222222223 0.828125 0.9222222222222223
0 0.728125 0.8055555555555556 0.7296875 0.8083333333333333 0.75 0.8138888888888889 0.7578125 0.8194444444444444 0.7578125 0.8222222222222222 0.7546875 0.825 0.7125 0.825 0.7109375 0.8277777777777777 0.69375 0.8277777777777777 0.690625 0.825 0.690625 0.8194444444444444 0.696875 0.8 0.7140625 0.8 0.7265625 0.8055555555555556