0 0.2140625 0.5944444444444444 0.215625 0.5944444444444444 0.2125 0.6 0.203125 0.6083333333333333 0.1953125 0.6083333333333333 0.196875 0.6027777777777777 0.2078125 0.5944444444444444 0.2125 0.5944444444444444
0 0.0453125 0.5972222222222222 0.0484375 0.6 0.0453125 0.6055555555555555 0.0265625 0.6111111111111112 0.025 0.6138888888888889 0.0171875 0.6138888888888889 0.015625 0.6166666666666667 0 0.6166666666666667 0 0.6083333333333333 0.04375 0.5972222222222222
0 0.0796875 0.6805555555555556 0.0828125 0.6833333333333333 0.0796875 0.6888888888888889 0.0515625 0.7055555555555556 0.0375 0.7194444444444444 0.034375 0.7194444444444444 0.0140625 0.7361111111111112 0.009375 0.7361111111111112 0.0015625 0.7444444444444445 0 0.7444444444444445 0 0.7305555555555555 0.078125 0.6805555555555556
0 0.075 0.5638888888888889 0.0671875 0.5694444444444444 0.0453125 0.5722222222222222 0.028125 0.5805555555555556 0.015625 0.5805555555555556 0.0140625 0.5833333333333334 0 0.5833333333333334 0 0.5722222222222222 0.0015625 0.5694444444444444 0.0359375 0.5666666666666667 0.0375 0.5638888888888889 0.0734375 0.5638888888888889
0 0.2390625 0.5361111111111111 0.24375 0.5388888888888889 0.228125 0.5416666666666666 0.2265625 0.5444444444444444 0.215625 0.5444444444444444 0.19375 0.5555555555555556 0.1703125 0.5611111111111111 0.16875 0.5638888888888889 0.159375 0.5638888888888889 0.1578125 0.5666666666666667 0.146875 0.5666666666666667 0.1453125 0.5694444444444444 0.1359375 0.5694444444444444 0.1390625 0.5638888888888889 0.1546875 0.5611111111111111 0.171875 0.5527777777777778 0.1796875 0.5527777777777778 0.1875 0.5472222222222223 0.2125 0.5416666666666666 0.2140625 0.5388888888888889 0.234375 0.5388888888888889 0.2375 0.5361111111111111
0 0.2328125 0.5388888888888889 0.240625 0.5388888888888889 0.2203125 0.5416666666666666 0.178125 0.5611111111111111 0.1484375 0.5666666666666667 0.146875 0.5694444444444444 0.1296875 0.5694444444444444 0.128125 0.5722222222222222 0.125 0.5722222222222222 0.1328125 0.5694444444444444 0.1375 0.5638888888888889 0.171875 0.5555555555555556 0.1875 0.5472222222222223 0.2046875 0.5444444444444444 0.2140625 0.5388888888888889 0.23125 0.5388888888888889
0 0.2765625 0.6694444444444444 0.278125 0.6722222222222223 0.2890625 0.6722222222222223 0.290625 0.6694444444444444 0.3375 0.6694444444444444 0.3359375 0.675 0.33125 0.6777777777777778 0.3296875 0.675 0.2421875 0.6777777777777778 0.240625 0.6805555555555556 0.2390625 0.6777777777777778 0.2265625 0.6777777777777778 0.2 0.6944444444444444 0.16875 0.7083333333333334 0.1546875 0.7194444444444444 0.1375 0.725 0.1328125 0.7305555555555555 0.1171875 0.7305555555555555 0.115625 0.7277777777777777 0.10625 0.7277777777777777 0.09375 0.7222222222222222 0.065625 0.7194444444444444 0.05625 0.7138888888888889 0.0421875 0.7138888888888889 0.021875 0.7305555555555555 0.0046875 0.7388888888888889 0.0015625 0.7444444444444445 0 0.7444444444444445 0 0.7305555555555555 0.0046875 0.7305555555555555 0.0125 0.7222222222222222 0.0296875 0.7138888888888889 0.034375 0.7083333333333334 0.059375 0.6944444444444444 0.0765625 0.6805555555555556 0.1578125 0.6777777777777778 0.159375 0.675 0.1796875 0.675 0.18125 0.6777777777777778 0.190625 0.675 0.196875 0.6777777777777778 0.1984375 0.675 0.2453125 0.675 0.246875 0.6722222222222223 0.26875 0.6722222222222223 0.275 0.6694444444444444
0 0.734375 0.6027777777777777 0.7296875 0.6083333333333333 0.7109375 0.6194444444444445 0.6875 0.6194444444444445 0.6828125 0.6138888888888889 0.66875 0.6138888888888889 0.6671875 0.6166666666666667 0.6546875 0.6166666666666667 0.653125 0.6194444444444445 0.6015625 0.6277777777777778 0.6 0.6333333333333333 0.60625 0.6444444444444445 0.64375 0.6444444444444445 0.6453125 0.6416666666666667 0.6828125 0.6388888888888888 0.684375 0.6416666666666667 0.68125 0.6472222222222223 0.675 0.6472222222222223 0.665625 0.6527777777777778 0.615625 0.6527777777777778 0.6140625 0.6555555555555556 0.5859375 0.6555555555555556 0.5796875 0.6583333333333333 0.5734375 0.65 0.5734375 0.6444444444444445 0.56875 0.6361111111111111 0.5578125 0.6361111111111111 0.55625 0.6388888888888888 0.5453125 0.6388888888888888 0.54375 0.6416666666666667 0.5328125 0.6416666666666667 0.53125 0.6444444444444445 0.5078125 0.6444444444444445 0.5078125 0.6416666666666667 0.515625 0.6416666666666667 0.5171875 0.6388888888888888 0.53125 0.6388888888888888 0.54375 0.6333333333333333 0.5546875 0.6333333333333333 0.5640625 0.6277777777777778 0.5921875 0.625 0.59375 0.6222222222222222 0.6046875 0.6222222222222222 0.60625 0.6194444444444445 0.6171875 0.6194444444444445 0.61875 0.6166666666666667 0.6609375 0.6111111111111112 0.6625 0.6083333333333333 0.678125 0.6083333333333333 0.6796875 0.6055555555555555 0.6953125 0.6055555555555555 0.696875 0.6027777777777777 0.7140625 0.6027777777777777 0.715625 0.6 0.7328125 0.6
0 0.0484375 0.7111111111111111 0.053125 0.7055555555555556 0.0578125 0.7055555555555556 0.0640625 0.7 0.0859375 0.7027777777777777 0.0984375 0.7083333333333334 0.1109375 0.7083333333333334 0.1125 0.7111111111111111 0.128125 0.7111111111111111 0.140625 0.7027777777777777 0.1578125 0.6972222222222222 0.1640625 0.6916666666666667 0.1953125 0.6777777777777778 0.221875 0.6777777777777778 0.221875 0.6805555555555556 0.1796875 0.7055555555555556 0.16875 0.7083333333333334 0.1546875 0.7194444444444444 0.14375 0.7222222222222222 0.1328125 0.7305555555555555 0.1171875 0.7305555555555555 0.1046875 0.725 0.0796875 0.7222222222222222 0.078125 0.7194444444444444 0.059375 0.7166666666666667 0.05 0.7111111111111111
0 0.171875 0.6222222222222222 0.1703125 0.6277777777777778 0.140625 0.65 0.1328125 0.65 0.13125 0.6472222222222223 0.1328125 0.6444444444444445 0.1484375 0.6361111111111111 0.15625 0.6277777777777778 0.1703125 0.6222222222222222
0 0.7578125 0.5944444444444444 0.7484375 0.6055555555555555 0.7375 0.6111111111111112 0.7265625 0.6222222222222222 0.7 0.6388888888888888 0.6921875 0.6472222222222223 0.684375 0.65 0.66875 0.6666666666666666 0.6578125 0.6722222222222223 0.6375 0.6916666666666667 0.6046875 0.7138888888888889 0.5984375 0.7222222222222222 0.59375 0.7222222222222222 0.5796875 0.7361111111111112 0.5734375 0.7388888888888889 0.5671875 0.7472222222222222 0.55625 0.7527777777777778 0.553125 0.7583333333333333 0.3703125 0.9194444444444444 0.3671875 0.925 0.34375 0.9444444444444444 0.3234375 0.9666666666666667 0.3140625 0.9722222222222222 0.303125 0.9861111111111112 0.290625 0.9944444444444445 0.265625 0.9944444444444445 0.26875 0.9888888888888889 0.2921875 0.9694444444444444 0.2953125 0.9694444444444444 0.321875 0.9416666666666667 0.33125 0.9361111111111111 0.334375 0.9305555555555556 0.38125 0.8888888888888888 0.390625 0.8833333333333333 0.3953125 0.875 0.39375 0.8722222222222222 0.390625 0.875 0.359375 0.8777777777777778 0.3578125 0.8805555555555555 0.3375 0.8805555555555555 0.3359375 0.8833333333333333 0.321875 0.8833333333333333 0.3203125 0.8861111111111111 0.3046875 0.8861111111111111 0.303125 0.8888888888888888 0.2640625 0.8916666666666667 0.2625 0.8944444444444445 0.2484375 0.8944444444444445 0.246875 0.8972222222222223 0.21875 0.8972222222222223 0.2171875 0.9 0.196875 0.9 0.1953125 0.9027777777777778 0.1421875 0.9055555555555556 0.140625 0.9083333333333333 0.078125 0.9111111111111111 0.0703125 0.9055555555555556 0.0640625 0.9055555555555556 0.0484375 0.8972222222222223 0.0421875 0.8972222222222223 0.040625 0.8944444444444445 0.034375 0.8944444444444445 0.0265625 0.8888888888888888 0 0.8805555555555555 0 0.8333333333333334 0.021875 0.8388888888888889 0.0296875 0.8444444444444444 0.0484375 0.8472222222222222 0.0640625 0.8555555555555555 0.0890625 0.8611111111111112 0.0984375 0.8666666666666667 0.1265625 0.8722222222222222 0.128125 0.875 0.1328125 0.8722222222222222 0.2109375 0.8694444444444445 0.2125 0.8666666666666667 0.2640625 0.8638888888888889 0.265625 0.8611111111111112 0.2890625 0.8611111111111112 0.290625 0.8583333333333333 0.3015625 0.8583333333333333 0.303125 0.8611111111111112 0.3046875 0.8583333333333333 0.325 0.8583333333333333 0.3265625 0.8555555555555555 0.33125 0.8583333333333333 0.3390625 0.8527777777777777 0.3578125 0.85 0.359375 0.8472222222222222 0.39375 0.8444444444444444 0.3953125 0.8416666666666667 0.40625 0.8416666666666667 0.4078125 0.8388888888888889 0.4359375 0.8361111111111111 0.4546875 0.8277777777777777 0.49375 0.7916666666666666 0.496875 0.7916666666666666 0.5234375 0.7666666666666667 0.5265625 0.7666666666666667 0.578125 0.7222222222222222 0.5796875 0.7194444444444444 0.578125 0.7138888888888889 0.571875 0.7138888888888889 0.5703125 0.7166666666666667 0.56875 0.7138888888888889 0.5421875 0.7138888888888889 0.5390625 0.7083333333333334 0.5421875 0.7055555555555556 0.55625 0.7027777777777777 0.5546875 0.7055555555555556 0.55625 0.7083333333333334 0.5625 0.7083333333333334 0.5640625 0.7027777777777777 0.603125 0.7027777777777777 0.609375 0.7 0.6328125 0.6805555555555556 0.6359375 0.6805555555555556 0.653125 0.6638888888888889 0.6640625 0.6583333333333333 0.68125 0.6416666666666667 0.7046875 0.6277777777777778 0.70625 0.625 0.7046875 0.6138888888888889 0.7078125 0.6138888888888889 0.709375 0.6083333333333333 0.7171875 0.6083333333333333 0.71875 0.6055555555555555 0.7234375 0.6083333333333333 0.7265625 0.6027777777777777 0.7359375 0.6027777777777777 0.740625 0.5972222222222222 0.75625 0.5944444444444444
0 0.73125 0.6 0.7375 0.6027777777777777 0.740625 0.5972222222222222 0.746875 0.5944444444444444 0.7578125 0.5944444444444444 0.7578125 0.5972222222222222 0.7484375 0.6055555555555555 0.7375 0.6111111111111112 0.73125 0.6194444444444445 0.715625 0.6277777777777778 0.6921875 0.6472222222222223 0.684375 0.65 0.665625 0.6694444444444444 0.6625 0.6694444444444444 0.6375 0.6916666666666667 0.6015625 0.7166666666666667 0.5984375 0.7222222222222222 0.59375 0.7222222222222222 0.5703125 0.7444444444444445 0.5671875 0.7444444444444445 0.459375 0.8416666666666667 0.45625 0.8416666666666667 0.434375 0.8611111111111112 0.4109375 0.8861111111111111 0.3828125 0.9083333333333333 0.365625 0.9277777777777778 0.359375 0.9305555555555556 0.35625 0.9361111111111111 0.3421875 0.9472222222222222 0.325 0.9666666666666667 0.3125 0.975 0.2953125 0.9944444444444445 0.2828125 0.9944444444444445 0.28125 0.9972222222222222 0.2609375 0.9972222222222222 0.2625 0.9944444444444445 0.2921875 0.9694444444444444 0.2953125 0.9694444444444444 0.315625 0.9472222222222222 0.38125 0.8888888888888888 0.4203125 0.8638888888888889 0.428125 0.8527777777777777 0.4375 0.85 0.440625 0.8416666666666667 0.4453125 0.8388888888888889 0.45 0.8305555555555556 0.48125 0.8027777777777778 0.484375 0.8027777777777778 0.49375 0.7916666666666666 0.496875 0.7916666666666666 0.5171875 0.7722222222222223 0.5203125 0.7722222222222223 0.55625 0.7388888888888889 0.5671875 0.7333333333333333 0.5703125 0.7277777777777777 0.5890625 0.7111111111111111 0.59375 0.7111111111111111 0.6015625 0.7027777777777777 0.6109375 0.7 0.625 0.6861111111111111 0.653125 0.6666666666666666 0.65625 0.6611111111111111 0.6640625 0.6583333333333333 0.6859375 0.6388888888888888 0.7015625 0.6305555555555555 0.7078125 0.6222222222222222 0.709375 0.6138888888888889 0.7171875 0.6111111111111112 0.71875 0.6055555555555555 0.7234375 0.6083333333333333 0.7296875 0.6
0 0.29375 0.5777777777777777 0.2953125 0.5805555555555556 0.2984375 0.5777777777777777 0.35 0.5777777777777777 0.35625 0.5805555555555556 0.35625 0.5861111111111111 0.3625 0.5916666666666667 0.3796875 0.5944444444444444 0.371875 0.5944444444444444 0.3703125 0.5972222222222222 0.353125 0.5972222222222222 0.3515625 0.5944444444444444 0.340625 0.5944444444444444 0.3390625 0.5972222222222222 0.2875 0.5972222222222222 0.2859375 0.6 0.2828125 0.5972222222222222 0.265625 0.6 0.2640625 0.5972222222222222 0.215625 0.5944444444444444 0.2390625 0.5777777777777777 0.2453125 0.5805555555555556 0.2734375 0.5805555555555556 0.275 0.5777777777777777 0.2859375 0.5805555555555556 0.2921875 0.5777777777777777
0 0.6640625 0.5444444444444444 0.6671875 0.5472222222222223 0.665625 0.5527777777777778 0.6390625 0.5583333333333333 0.6296875 0.5638888888888889 0.6140625 0.5638888888888889 0.6125 0.5666666666666667 0.565625 0.5722222222222222 0.5640625 0.575 0.53125 0.575 0.521875 0.5805555555555556 0.4890625 0.5833333333333334 0.4875 0.5861111111111111 0.4640625 0.5861111111111111 0.4625 0.5888888888888889 0.4265625 0.5888888888888889 0.4265625 0.5861111111111111 0.43125 0.5861111111111111 0.434375 0.5805555555555556 0.440625 0.5777777777777777 0.446875 0.5777777777777777 0.4484375 0.5805555555555556 0.4546875 0.5777777777777777 0.4578125 0.5805555555555556 0.475 0.5805555555555556 0.484375 0.575 0.4921875 0.5777777777777777 0.5046875 0.5722222222222222 0.5203125 0.5722222222222222 0.521875 0.5694444444444444 0.51875 0.5666666666666667 0.5296875 0.5666666666666667 0.528125 0.5694444444444444 0.5296875 0.5722222222222222 0.5375 0.5722222222222222 0.5390625 0.5694444444444444 0.5421875 0.5722222222222222 0.5546875 0.5666666666666667 0.575 0.5666666666666667 0.5765625 0.5638888888888889 0.590625 0.5638888888888889 0.5921875 0.5611111111111111 0.6171875 0.5611111111111111 0.61875 0.5583333333333333 0.6265625 0.5611111111111111 0.6296875 0.5555555555555556 0.646875 0.5527777777777778 0.6546875 0.5444444444444444 0.6625 0.5444444444444444
0 0.55625 0.7 0.5578125 0.7027777777777777 0.6046875 0.7027777777777777 0.5796875 0.7166666666666667 0.5359375 0.7166666666666667 0.5328125 0.7138888888888889 0.5375 0.7083333333333334 0.546875 0.7027777777777777 0.5546875 0.7027777777777777
0 0 0.8333333333333334 0.0140625 0.8361111111111111 0.03125 0.8444444444444444 0.040625 0.8444444444444444 0.071875 0.8583333333333333 0.1171875 0.8694444444444445 0.11875 0.8722222222222222 0.2 0.8694444444444445 0.2015625 0.8666666666666667 0.2296875 0.8666666666666667 0.23125 0.8638888888888889 0.3140625 0.8583333333333333 0.315625 0.8555555555555555 0.3359375 0.8555555555555555 0.3453125 0.85 0.35625 0.85 0.3578125 0.8472222222222222 0.36875 0.8472222222222222 0.3703125 0.8444444444444444 0.3875 0.8444444444444444 0.3890625 0.8416666666666667 0.40625 0.8416666666666667 0.4078125 0.8388888888888889 0.446875 0.8333333333333334 0.44375 0.8416666666666667 0.4453125 0.8444444444444444 0.4390625 0.85 0.428125 0.8527777777777777 0.421875 0.8611111111111112 0.4078125 0.8694444444444445 0.3921875 0.8722222222222222 0.390625 0.875 0.3734375 0.875 0.3609375 0.8805555555555555 0.3421875 0.8805555555555555 0.340625 0.8833333333333333 0.30625 0.8861111111111111 0.3046875 0.8888888888888888 0.253125 0.8944444444444445 0.2515625 0.8972222222222223 0.1984375 0.9 0.196875 0.9027777777777778 0.1484375 0.9055555555555556 0.146875 0.9083333333333333 0.1140625 0.9083333333333333 0.1125 0.9111111111111111 0.078125 0.9111111111111111 0.0625 0.9027777777777778 0.05625 0.9027777777777778 0.0546875 0.9 0.040625 0.8972222222222223 0.0265625 0.8888888888888888 0 0.8805555555555555 0 0.8361111111111111
0 0.5984375 0.6277777777777778 0.6 0.6361111111111111 0.6046875 0.6444444444444445 0.609375 0.6472222222222223 0.6109375 0.6444444444444445 0.64375 0.6444444444444445 0.6453125 0.6416666666666667 0.68125 0.6416666666666667 0.68125 0.6444444444444445 0.665625 0.6527777777777778 0.6125 0.6527777777777778 0.6109375 0.6555555555555556 0.590625 0.6555555555555556 0.5890625 0.6583333333333333 0.5765625 0.6583333333333333 0.5734375 0.65 0.571875 0.6333333333333333 0.5796875 0.6277777777777778 0.596875 0.6277777777777778