0 0.6328125 0.7583333333333333 0.646875 0.7722222222222223 0.65 0.7777777777777778 0.6484375 0.7805555555555556 0.64375 0.7805555555555556 0.634375 0.7722222222222223 0.628125 0.7611111111111111 0.63125 0.7583333333333333
0 0.5875 0.7138888888888889 0.5921875 0.7138888888888889 0.6 0.7222222222222222 0.59375 0.725 0.5875 0.7194444444444444 0.5875 0.7166666666666667
0 0.76875 0.8777777777777778 0.7734375 0.8805555555555555 0.778125 0.8888888888888888 0.7953125 0.8861111111111111 0.8078125 0.9 0.81875 0.9055555555555556 0.8265625 0.9055555555555556 0.8453125 0.9166666666666666 0.865625 0.9388888888888889 0.86875 0.9444444444444444 0.86875 0.95 0.859375 0.95 0.8421875 0.9388888888888889 0.8359375 0.9388888888888889 0.834375 0.9416666666666667 0.8359375 0.9472222222222222 0.8328125 0.95 0.8234375 0.95 0.809375 0.9416666666666667 0.8015625 0.9305555555555556 0.784375 0.9138888888888889 0.7671875 0.8805555555555555
0 0.721875 0.8527777777777777 0.7609375 0.8916666666666667 0.7625 0.9 0.7515625 0.9 0.7421875 0.8916666666666667 0.715625 0.8611111111111112 0.7140625 0.8555555555555555 0.7203125 0.8527777777777777
0 0.7671875 0.8777777777777778 0.7734375 0.8805555555555555 0.778125 0.8888888888888888 0.7953125 0.8861111111111111 0.8078125 0.9 0.8375 0.9111111111111111 0.8640625 0.9361111111111111 0.8703125 0.9472222222222222 0.86875 0.95 0.8578125 0.95 0.840625 0.9388888888888889 0.8375 0.9388888888888889 0.834375 0.95 0.8234375 0.95 0.8125 0.9444444444444444 0.784375 0.9138888888888889 0.7734375 0.8916666666666667 0.7671875 0.8861111111111111 0.7671875 0.8805555555555555
0 0.5703125 0.7666666666666667 0.696875 0.9916666666666667 0.696875 0.9944444444444445 0.6859375 0.9944444444444445 0.684375 0.9972222222222222 0.6828125 0.9944444444444445 0.678125 0.9972222222222222 0.65 0.9972222222222222 0.64375 0.9944444444444445 0.61875 0.9361111111111111 0.6109375 0.9222222222222223 0.6015625 0.8972222222222223 0.590625 0.8777777777777778 0.575 0.8333333333333334 0.5671875 0.8166666666666667 0.565625 0.7916666666666666 0.5671875 0.7888888888888889 0.5671875 0.775 0.5703125 0.7694444444444445
0 0.4203125 0.6388888888888888 0.4234375 0.6388888888888888 0.409375 0.65 0.396875 0.6527777777777778 0.375 0.6638888888888889 0.371875 0.6694444444444444 0.334375 0.7 0.3171875 0.7194444444444444 0.290625 0.7416666666666667 0.2875 0.7472222222222222 0.284375 0.7472222222222222 0.26875 0.7611111111111111 0.265625 0.7666666666666667 0.2078125 0.8166666666666667 0.2046875 0.8222222222222222 0.178125 0.8444444444444444 0.175 0.85 0.1328125 0.8861111111111111 0.1203125 0.9 0.1171875 0.9 0.0984375 0.9194444444444444 0.0890625 0.925 0.065625 0.95 0.05 0.9638888888888889 0.046875 0.9638888888888889 0.015625 0.9944444444444445 0 0.9972222222222222 0 0.9694444444444444 0.0046875 0.9694444444444444 0.028125 0.9472222222222222 0.0484375 0.9333333333333333 0.084375 0.9 0.0875 0.9 0.1140625 0.875 0.1171875 0.875 0.1375 0.8555555555555555 0.140625 0.8555555555555555 0.1828125 0.8166666666666667 0.1859375 0.8166666666666667 0.1890625 0.8111111111111111 0.1921875 0.8111111111111111 0.2125 0.7916666666666666 0.215625 0.7916666666666666 0.2328125 0.775 0.2359375 0.775 0.253125 0.7583333333333333 0.25625 0.7583333333333333 0.259375 0.7527777777777778 0.2625 0.7527777777777778 0.2953125 0.7222222222222222 0.2984375 0.7222222222222222 0.3171875 0.7055555555555556 0.33125 0.6888888888888889 0.334375 0.6888888888888889 0.3421875 0.6805555555555556 0.34375 0.675 0.3625 0.6666666666666666 0.396875 0.6361111111111111 0.4046875 0.6333333333333333 0.4078125 0.6416666666666667 0.409375 0.6388888888888888 0.41875 0.6416666666666667
0 0.5609375 0.6861111111111111 0.5671875 0.6861111111111111 0.56875 0.6888888888888889 0.5671875 0.6944444444444444 0.5640625 0.6944444444444444 0.5609375 0.6888888888888889
0 0.7671875 0.8805555555555555 0.771875 0.8805555555555555 0.7765625 0.8888888888888888 0.7953125 0.8861111111111111 0.8078125 0.9 0.8453125 0.9166666666666666 0.86875 0.9444444444444444 0.86875 0.95 0.859375 0.95 0.8484375 0.9416666666666667 0.8359375 0.9388888888888889 0.834375 0.95 0.8234375 0.95 0.809375 0.9416666666666667 0.8015625 0.9305555555555556 0.784375 0.9138888888888889 0.78125 0.9027777777777778 0.7671875 0.8833333333333333
0 0.6078125 0.7972222222222223 0.6171875 0.7972222222222223 0.625 0.8027777777777778 0.63125 0.7972222222222223 0.6421875 0.7972222222222223 0.65625 0.8083333333333333 0.6578125 0.8166666666666667 0.6671875 0.8277777777777777 0.665625 0.8333333333333334 0.6546875 0.8277777777777777 0.6453125 0.8305555555555556 0.6328125 0.8194444444444444 0.625 0.8194444444444444 0.609375 0.8055555555555556 0.6078125 0.8
0 0.6828125 0.8805555555555555 0.6875 0.8777777777777778 0.69375 0.8805555555555555 0.7234375 0.9166666666666666 0.740625 0.9194444444444444 0.7421875 0.95 0.7328125 0.9472222222222222 0.6984375 0.9222222222222223 0.696875 0.9194444444444444 0.703125 0.9138888888888889 0.684375 0.8833333333333333
0 0.6890625 0.8 0.6984375 0.8 0.7109375 0.8055555555555556 0.7203125 0.8222222222222222 0.728125 0.8305555555555556 0.7265625 0.8361111111111111 0.7203125 0.8333333333333334 0.7 0.8138888888888889 0.6921875 0.8138888888888889 0.6890625 0.8111111111111111 0.6890625 0.8027777777777778