0 0.7609375 0.7333333333333333 0.9859375 0.8333333333333334 0.9984375 0.8416666666666667 0.9984375 0.85 0.98125 0.8444444444444444 0.9625 0.8333333333333334 0.95625 0.8333333333333334 0.9453125 0.825 0.9390625 0.825 0.9328125 0.8194444444444444 0.9265625 0.8194444444444444 0.9140625 0.8111111111111111 0.8640625 0.7888888888888889 0.8578125 0.7888888888888889 0.840625 0.7777777777777778 0.790625 0.7555555555555555 0.7796875 0.7472222222222222 0.7625 0.7416666666666667 0.759375 0.7361111111111112
0 0.503125 0.6805555555555556 0.5109375 0.6888888888888889 0.5109375 0.6944444444444444 0.5078125 0.6944444444444444 0.5046875 0.6916666666666667 0.503125 0.6833333333333333
0 0.828125 0.8722222222222222 0.84375 0.875 0.8515625 0.8833333333333333 0.88125 0.9027777777777778 0.8921875 0.9138888888888889 0.8953125 0.9138888888888889 0.9296875 0.9416666666666667 0.9515625 0.9555555555555556 0.959375 0.9638888888888889 0.9625 0.9638888888888889 0.9734375 0.975 0.996875 0.9888888888888889 0.9984375 0.9972222222222222 0.9828125 0.9972222222222222 0.978125 0.9944444444444445 0.9578125 0.975 0.9546875 0.975 0.915625 0.9416666666666667 0.8796875 0.9166666666666666 0.865625 0.9027777777777778 0.8578125 0.9 0.8296875 0.875
0 0.7625 0.7333333333333333 0.85 0.7722222222222223 0.85625 0.7777777777777778 0.8625 0.7777777777777778 0.875 0.7861111111111111 0.88125 0.7861111111111111 0.95625 0.8194444444444444 0.9625 0.825 0.9921875 0.8361111111111111 0.9984375 0.8416666666666667 0.9984375 0.85 0.9921875 0.85 0.9734375 0.8388888888888889 0.95 0.8305555555555556 0.94375 0.825 0.8234375 0.7722222222222223 0.8125 0.7638888888888888 0.7625 0.7416666666666667 0.7578125 0.7361111111111112 0.7609375 0.7333333333333333
0 0.1390625 0.9972222222222222 0.1421875 0.9888888888888889 0.1484375 0.9833333333333333 0.1546875 0.9722222222222222 0.159375 0.9694444444444444 0.1921875 0.9277777777777778 0.1953125 0.9277777777777778 0.20625 0.9166666666666666 0.234375 0.8972222222222223 0.2546875 0.8777777777777778 0.2625 0.8666666666666667 0.2671875 0.8666666666666667 0.2671875 0.875 0.2640625 0.8833333333333333 0.234375 0.9111111111111111 0.23125 0.9111111111111111 0.2109375 0.9305555555555556 0.2078125 0.9305555555555556 0.175 0.9694444444444444 0.1578125 0.9944444444444445 0.140625 0.9972222222222222
0 0.2359375 0.7583333333333333 0.2390625 0.7694444444444445 0.2546875 0.7722222222222223 0.253125 0.775 0.2359375 0.7805555555555556 0.228125 0.7888888888888889 0.178125 0.8166666666666667 0.153125 0.8138888888888889 0.1546875 0.8083333333333333 0.1765625 0.7972222222222223 0.209375 0.7694444444444445 0.234375 0.7583333333333333
0 0.521875 0.7305555555555555 0.5234375 0.7277777777777777 0.528125 0.7305555555555555 0.534375 0.7416666666666667 0.5375 0.7527777777777778 0.5359375 0.7555555555555555 0.528125 0.75 0.5234375 0.7333333333333333
0 0 0.9222222222222223 0.0109375 0.9194444444444444 0.0171875 0.9138888888888889 0.028125 0.9138888888888889 0.0265625 0.9222222222222223 0.003125 0.9388888888888889 0 0.9388888888888889 0 0.925
0 0.24375 0.7694444444444445 0.2453125 0.7722222222222223 0.253125 0.7722222222222223 0.2515625 0.775 0.2328125 0.7805555555555556 0.2234375 0.7916666666666666 0.209375 0.7972222222222223 0.178125 0.8166666666666667 0.165625 0.8166666666666667 0.1546875 0.8111111111111111 0.18125 0.7944444444444444 0.203125 0.775 0.225 0.7611111111111111 0.2359375 0.7611111111111111 0.2390625 0.7694444444444445 0.2421875 0.7694444444444445
0 0.7625 0.7333333333333333 0.99375 0.8361111111111111 0.9984375 0.8388888888888889 0.9984375 0.8527777777777777 0.9734375 0.8388888888888889 0.94375 0.8277777777777777 0.9375 0.8222222222222222 0.925 0.8194444444444444 0.91875 0.8138888888888889 0.8828125 0.8 0.8765625 0.7944444444444444 0.8578125 0.7888888888888889 0.840625 0.7777777777777778 0.834375 0.7777777777777778 0.80625 0.7611111111111111 0.7953125 0.7583333333333333 0.784375 0.75 0.765625 0.7444444444444445 0.7578125 0.7388888888888889 0.7609375 0.7333333333333333
0 0.584375 0.8722222222222222 0.5953125 0.8722222222222222 0.60625 0.8916666666666667 0.63125 0.95 0.6484375 0.9833333333333333 0.6515625 0.9944444444444445 0.65 0.9972222222222222 0.6375 0.9972222222222222 0.60625 0.9305555555555556 0.584375 0.875
0 0.5953125 0.8722222222222222 0.60625 0.8916666666666667 0.63125 0.95 0.6484375 0.9833333333333333 0.65 0.9972222222222222 0.6390625 0.9972222222222222 0.6296875 0.9833333333333333 0.621875 0.9611111111111111 0.5859375 0.8805555555555555 0.584375 0.875 0.5859375 0.8722222222222222 0.59375 0.8722222222222222
0 0.24375 0.7694444444444445 0.2453125 0.7722222222222223 0.253125 0.7722222222222223 0.2515625 0.775 0.240625 0.7777777777777778 0.2234375 0.7916666666666666 0.209375 0.7972222222222223 0.178125 0.8166666666666667 0.153125 0.8138888888888889 0.1546875 0.8083333333333333 0.1734375 0.8 0.209375 0.7694444444444445 0.2328125 0.7555555555555555 0.2375 0.7611111111111111 0.2390625 0.7694444444444445 0.2421875 0.7694444444444445