0 0.6109375 0.7416666666666667 0.615625 0.7416666666666667 0.621875 0.7527777777777778 0.621875 0.7555555555555555 0.6171875 0.7555555555555555 0.6109375 0.7444444444444445
0 0.6875 0.8694444444444445 0.6953125 0.8694444444444445 0.7 0.875 0.78125 0.9944444444444445 0.78125 0.9972222222222222 0.7625 0.9972222222222222 0.759375 0.9944444444444445 0.7484375 0.9722222222222222 0.7046875 0.9083333333333333 0.690625 0.8833333333333333 0.6875 0.8722222222222222
0 0.6875 0.8694444444444445 0.69375 0.8694444444444445 0.7 0.875 0.78125 0.9944444444444445 0.78125 0.9972222222222222 0.7625 0.9972222222222222 0.759375 0.9944444444444445 0.7359375 0.9527777777777777 0.70625 0.9111111111111111 0.6890625 0.8805555555555555 0.6875 0.8722222222222222
0 0.8234375 0.7944444444444444 0.8296875 0.7944444444444444 0.8546875 0.8083333333333333 0.865625 0.8111111111111111 0.890625 0.825 0.8953125 0.8305555555555556 0.89375 0.8333333333333334 0.8875 0.8333333333333334 0.86875 0.8222222222222222 0.85625 0.8194444444444444 0.8265625 0.8027777777777778 0.8234375 0.7972222222222223
0 0.425 0.8416666666666667 0.4265625 0.85 0.4140625 0.8694444444444445 0.390625 0.8972222222222223 0.3703125 0.9277777777777778 0.3640625 0.9305555555555556 0.3515625 0.9472222222222222 0.3453125 0.9472222222222222 0.34375 0.9444444444444444 0.34375 0.9388888888888889 0.35 0.9277777777777778 0.3984375 0.8694444444444445 0.4140625 0.8472222222222222 0.4234375 0.8416666666666667
0 0.46875 0.7916666666666666 0.4625 0.8055555555555556 0.446875 0.8222222222222222 0.440625 0.8222222222222222 0.4390625 0.8194444444444444 0.44375 0.8111111111111111 0.4640625 0.7888888888888889 0.4671875 0.7916666666666666
0 0.690625 0.7555555555555555 0.6921875 0.7583333333333333 0.7109375 0.7611111111111111 0.7171875 0.7666666666666667 0.7328125 0.7638888888888888 0.734375 0.7666666666666667 0.746875 0.7694444444444445 0.7515625 0.775 0.75 0.7777777777777778 0.7328125 0.7777777777777778 0.7296875 0.7833333333333333 0.7296875 0.7888888888888889 0.721875 0.7888888888888889 0.69375 0.7666666666666667 0.68125 0.7666666666666667 0.6796875 0.7638888888888888 0.68125 0.7583333333333333 0.6890625 0.7555555555555555
0 0.3671875 0.7611111111111111 0.365625 0.7666666666666667 0.3375 0.7805555555555556 0.328125 0.7777777777777778 0.33125 0.7722222222222223 0.365625 0.7611111111111111
0 0.4828125 0.7666666666666667 0.484375 0.775 0.478125 0.775 0.478125 0.7694444444444445 0.48125 0.7666666666666667
0 0.6546875 0.8027777777777778 0.659375 0.8111111111111111 0.659375 0.8166666666666667 0.6484375 0.8138888888888889 0.6390625 0.7972222222222223 0.6375 0.7916666666666666 0.6390625 0.7861111111111111 0.6453125 0.7888888888888889 0.653125 0.8027777777777778
0 0.4359375 0.7611111111111111 0.4390625 0.7638888888888888 0.4359375 0.7694444444444445 0.4203125 0.7722222222222223 0.390625 0.7944444444444444 0.3828125 0.7944444444444444 0.384375 0.7888888888888889 0.39375 0.7861111111111111 0.4109375 0.7666666666666667 0.4234375 0.7611111111111111 0.434375 0.7611111111111111