0 0.6234375 0.6638888888888889 0.640625 0.6638888888888889 0.6421875 0.6666666666666666 0.665625 0.6694444444444444 0.675 0.6777777777777778 0.6859375 0.6805555555555556 0.684375 0.6833333333333333 0.665625 0.6833333333333333 0.6640625 0.6805555555555556 0.6609375 0.6833333333333333 0.6234375 0.6666666666666666
0 0.3953125 0.6944444444444444 0.3953125 0.7 0.3859375 0.7055555555555556 0.378125 0.7194444444444444 0.3671875 0.7305555555555555 0.3609375 0.7416666666666667 0.3140625 0.8027777777777778 0.3109375 0.8 0.3109375 0.7916666666666666 0.3140625 0.7833333333333333 0.325 0.7722222222222223 0.3421875 0.7472222222222222 0.346875 0.7444444444444445 0.3546875 0.7305555555555555 0.359375 0.7277777777777777 0.378125 0.7027777777777777 0.3890625 0.6944444444444444 0.39375 0.6944444444444444
0 0.6484375 0.6861111111111111 0.6578125 0.6861111111111111 0.665625 0.6916666666666667 0.6890625 0.6972222222222222 0.7 0.7055555555555556 0.709375 0.7055555555555556 0.7109375 0.7083333333333334 0.7203125 0.7055555555555556 0.7296875 0.7194444444444444 0.7421875 0.725 0.75 0.725 0.759375 0.7333333333333333 0.7765625 0.7388888888888889 0.7875 0.7472222222222222 0.8015625 0.7527777777777778 0.8046875 0.7583333333333333 0.7890625 0.7583333333333333 0.778125 0.75 0.74375 0.7361111111111112 0.7328125 0.7277777777777777 0.7203125 0.7222222222222222 0.7125 0.7222222222222222 0.69375 0.7083333333333334 0.68125 0.7055555555555556 0.65 0.6861111111111111
0 0.2890625 0.7666666666666667 0.290625 0.775 0.28125 0.7833333333333333 0.2765625 0.7805555555555556 0.275 0.775 0.2765625 0.7666666666666667 0.278125 0.7638888888888888 0.2859375 0.7638888888888888 0.2875 0.7666666666666667
0 0.0875 0.825 0.0859375 0.8333333333333334 0.06875 0.8416666666666667 0.0578125 0.8583333333333333 0.0390625 0.8638888888888889 0.0375 0.8666666666666667 0.0296875 0.8666666666666667 0.028125 0.8694444444444445 0.01875 0.8694444444444445 0.0140625 0.875 0.0078125 0.875 0.0078125 0.8722222222222222 0.0125 0.8722222222222222 0.034375 0.8527777777777777 0.0390625 0.8527777777777777 0.05 0.8444444444444444 0.05625 0.8444444444444444 0.0609375 0.8388888888888889 0.0734375 0.8333333333333334 0.08125 0.825 0.0859375 0.825
0 0.2578125 0.6944444444444444 0.259375 0.6972222222222222 0.2578125 0.7083333333333334 0.2421875 0.7138888888888889 0.234375 0.7222222222222222 0.2125 0.7277777777777777 0.203125 0.7416666666666667 0.184375 0.7444444444444445 0.1734375 0.7555555555555555 0.1546875 0.7611111111111111 0.1453125 0.7722222222222223 0.1390625 0.7722222222222223 0.1265625 0.7833333333333333 0.109375 0.7861111111111111 0.10625 0.7916666666666666 0.09375 0.7944444444444444 0.0765625 0.8083333333333333 0.0703125 0.8083333333333333 0.0453125 0.8222222222222222 0.021875 0.8277777777777777 0 0.8388888888888889 0 0.8166666666666667 0.03125 0.8027777777777778 0.0375 0.7972222222222223 0.0421875 0.7972222222222223 0.053125 0.7888888888888889 0.059375 0.7888888888888889 0.084375 0.7777777777777778 0.0953125 0.7694444444444445 0.1140625 0.7638888888888888 0.13125 0.7527777777777778 0.14375 0.75 0.15625 0.7416666666666667 0.1796875 0.7333333333333333 0.1859375 0.7277777777777777 0.215625 0.7166666666666667 0.2296875 0.7055555555555556 0.25625 0.6972222222222222
0 0.6203125 0.7138888888888889 0.63125 0.7166666666666667 0.64375 0.725 0.6734375 0.75 0.696875 0.7638888888888888 0.7109375 0.7777777777777778 0.71875 0.7805555555555556 0.7296875 0.7916666666666666 0.7515625 0.8055555555555556 0.765625 0.8194444444444444 0.7890625 0.8333333333333334 0.821875 0.8611111111111112 0.8296875 0.8638888888888889 0.8375 0.8722222222222222 0.853125 0.8805555555555555 0.8921875 0.9111111111111111 0.946875 0.9472222222222222 0.9921875 0.9833333333333333 0.996875 0.9833333333333333 0.9984375 0.9861111111111112 0.9984375 0.9972222222222222 0.9859375 0.9944444444444445 0.978125 0.9861111111111112 0.9515625 0.9694444444444444 0.940625 0.9583333333333334 0.903125 0.9333333333333333 0.8921875 0.9222222222222223 0.8578125 0.9 0.8234375 0.8722222222222222 0.8078125 0.8638888888888889 0.796875 0.8527777777777777 0.753125 0.8222222222222222 0.725 0.7972222222222223 0.721875 0.7972222222222223 0.7140625 0.7888888888888889 0.678125 0.7638888888888888 0.646875 0.7361111111111112 0.6359375 0.7333333333333333 0.621875 0.7194444444444444 0.621875 0.7166666666666667
0 0.4671875 0.6555555555555556 0.46875 0.6583333333333333 0.4984375 0.6583333333333333 0.5 0.6555555555555556 0.50625 0.6583333333333333 0.53125 0.6583333333333333 0.5328125 0.6611111111111111 0.5328125 0.6722222222222223 0.53125 0.675 0.5015625 0.675 0.5 0.6777777777777778 0.43125 0.6722222222222223 0.43125 0.6666666666666666 0.4359375 0.6583333333333333 0.459375 0.6583333333333333 0.465625 0.6555555555555556
0 0.9984375 0.8444444444444444 0.9984375 0.8555555555555555 0.99375 0.8555555555555555 0.9828125 0.8472222222222222 0.9859375 0.8444444444444444 0.996875 0.8444444444444444
0 0.5046875 0.6777777777777778 0.5125 0.6888888888888889 0.546875 0.7583333333333333 0.55 0.7611111111111111 0.55625 0.7777777777777778 0.65 0.9638888888888889 0.6640625 0.9972222222222222 0.6484375 0.9972222222222222 0.6421875 0.9861111111111112 0.61875 0.9305555555555556 0.6078125 0.9111111111111111 0.596875 0.8833333333333333 0.559375 0.8055555555555556 0.5546875 0.7916666666666666 0.5109375 0.7027777777777777 0.503125 0.6805555555555556
0 0 0.9222222222222223 0.0171875 0.9138888888888889 0.03125 0.9027777777777778 0.0359375 0.9027777777777778 0.05 0.8916666666666667 0.06875 0.8888888888888888 0.06875 0.8944444444444445 0.0578125 0.9111111111111111 0.0359375 0.9388888888888889 0.03125 0.9416666666666667 0.01875 0.9611111111111111 0 0.9833333333333333 0 0.925
0 0.240625 0.6638888888888889 0.2453125 0.6666666666666666 0.24375 0.6805555555555556 0.2171875 0.6861111111111111 0.20625 0.6916666666666667 0.203125 0.6972222222222222 0.190625 0.6972222222222222 0.175 0.7055555555555556 0.159375 0.7083333333333334 0.1515625 0.7138888888888889 0.115625 0.725 0.1015625 0.7333333333333333 0.078125 0.7388888888888889 0.059375 0.75 0.0453125 0.75 0.04375 0.7527777777777778 0.028125 0.7555555555555555 0.0265625 0.7583333333333333 0 0.7666666666666667 0 0.7583333333333333 0.0046875 0.7555555555555555 0.0125 0.7555555555555555 0.0203125 0.75 0.04375 0.7444444444444445 0.0796875 0.7277777777777777 0.090625 0.7277777777777777 0.0984375 0.7222222222222222 0.10625 0.7222222222222222 0.1234375 0.7111111111111111 0.1328125 0.7111111111111111 0.1421875 0.7055555555555556 0.159375 0.7027777777777777 0.184375 0.6916666666666667 0.1953125 0.6916666666666667 0.2078125 0.6833333333333333 0.215625 0.6833333333333333 0.2171875 0.6805555555555556 0.2234375 0.6805555555555556 0.228125 0.675 0.234375 0.675 0.240625 0.6666666666666666
0 0.0671875 0.8388888888888889 0.0640625 0.8444444444444444 0.0625 0.8555555555555555 0.0640625 0.8583333333333333 0.053125 0.8638888888888889 0.053125 0.8722222222222222 0.05625 0.875 0.0546875 0.8777777777777778 0.059375 0.8861111111111111 0.0515625 0.8861111111111111 0.05 0.8888888888888888 0.0515625 0.8916666666666667 0.0640625 0.8916666666666667 0.071875 0.8861111111111111 0.078125 0.8861111111111111 0.075 0.8972222222222223 0.0765625 0.9 0.0703125 0.9027777777777778 0.071875 0.9055555555555556 0.078125 0.9055555555555556 0.0765625 0.9083333333333333 0.06875 0.9055555555555556 0.0609375 0.9222222222222223 0.05 0.9305555555555556 0.046875 0.9277777777777778 0.0421875 0.9305555555555556 0.040625 0.9333333333333333 0.04375 0.9388888888888889 0.0375 0.9527777777777777 0.046875 0.9583333333333334 0.0421875 0.9666666666666667 0.040625 0.9611111111111111 0.025 0.9638888888888889 0.0203125 0.9722222222222222 0.0125 0.9722222222222222 0.0015625 0.9777777777777777 0 0.9777777777777777 0.0015625 0.9722222222222222 0 0.9666666666666667 0 0.9138888888888889 0.00625 0.9138888888888889 0.0078125 0.9111111111111111 0.0140625 0.9138888888888889 0.01875 0.9111111111111111 0.021875 0.9027777777777778 0.0234375 0.9055555555555556 0.0375 0.9027777777777778 0.040625 0.8972222222222223 0.0390625 0.8916666666666667 0.0421875 0.8888888888888888 0.04375 0.8944444444444445 0.046875 0.8944444444444445 0.05 0.8861111111111111 0.0546875 0.8861111111111111 0.05625 0.8805555555555555 0.0515625 0.8777777777777778 0.0546875 0.875 0.05 0.8611111111111112 0.0484375 0.8638888888888889 0.034375 0.8638888888888889 0.034375 0.8611111111111112 0.0421875 0.8527777777777777 0.05625 0.85 0.0578125 0.8472222222222222 0.05625 0.8444444444444444 0.065625 0.8388888888888889
0 0.1953125 0.8388888888888889 0.2015625 0.8444444444444444 0.20625 0.8444444444444444 0.20625 0.8638888888888889 0.203125 0.8722222222222222 0.1984375 0.875 0.1921875 0.875 0.184375 0.8638888888888889 0.18125 0.8666666666666667 0.16875 0.8666666666666667 0.1609375 0.8722222222222222 0.146875 0.8722222222222222 0.1453125 0.8694444444444445 0.15 0.8583333333333333 0.1625 0.8472222222222222 0.18125 0.8416666666666667 0.1828125 0.8388888888888889 0.19375 0.8388888888888889
0 0 0.8166666666666667 0.03125 0.8027777777777778 0.046875 0.7916666666666666 0.065625 0.7833333333333333 0.071875 0.7833333333333333 0.0890625 0.7722222222222223 0.1171875 0.7611111111111111 0.121875 0.7555555555555555 0.159375 0.7416666666666667 0.165625 0.7361111111111112 0.19375 0.725 0.2 0.7194444444444444 0.20625 0.7194444444444444 0.2265625 0.7055555555555556 0.2453125 0.6972222222222222 0.2515625 0.6972222222222222 0.253125 0.6944444444444444 0.2578125 0.6944444444444444 0.2609375 0.7 0.2546875 0.7083333333333334 0.24375 0.7111111111111111 0.2296875 0.7222222222222222 0.2125 0.7277777777777777 0.2046875 0.7388888888888889 0.1828125 0.7444444444444445 0.1734375 0.7527777777777778 0.1484375 0.7638888888888888 0.14375 0.7694444444444445 0.128125 0.775 0.1234375 0.7805555555555556 0.11875 0.7805555555555556 0.1 0.7916666666666666 0.09375 0.7916666666666666 0.0859375 0.8 0.065625 0.8083333333333333 0.05 0.8194444444444444 0.0203125 0.8277777777777777 0.0125 0.8333333333333334 0.003125 0.8333333333333334 0.0015625 0.8361111111111111 0 0.8361111111111111 0 0.8194444444444444
0 0.9984375 0.7555555555555555 0.9984375 0.7777777777777778 0.9890625 0.7777777777777778 0.984375 0.7722222222222223 0.975 0.7722222222222223 0.965625 0.7666666666666667 0.9796875 0.7555555555555555 0.996875 0.7555555555555555
0 0.815625 0.7611111111111111 0.828125 0.7611111111111111 0.8296875 0.7638888888888888 0.85 0.7666666666666667 0.8578125 0.7722222222222223 0.8703125 0.775 0.8796875 0.7805555555555556 0.8875 0.7944444444444444 0.921875 0.8083333333333333 0.9453125 0.8222222222222222 0.94375 0.825 0.934375 0.825 0.9328125 0.8222222222222222 0.9109375 0.8166666666666667 0.90625 0.8111111111111111 0.8609375 0.7916666666666666 0.846875 0.7805555555555556 0.83125 0.775 0.815625 0.7638888888888888
0 0.4390625 0.6555555555555556 0.440625 0.6583333333333333 0.459375 0.6583333333333333 0.465625 0.6555555555555556 0.4671875 0.6583333333333333 0.509375 0.6583333333333333 0.5109375 0.6611111111111111 0.521875 0.6583333333333333 0.5234375 0.6611111111111111 0.53125 0.6611111111111111 0.5328125 0.6666666666666666 0.5296875 0.6722222222222223 0.515625 0.6722222222222223 0.5140625 0.675 0.5078125 0.675 0.50625 0.6722222222222223 0.496875 0.6722222222222223 0.4953125 0.675 0.446875 0.6722222222222223 0.4453125 0.6694444444444444 0.43125 0.6694444444444444 0.4375 0.6583333333333333
0 0.6421875 0.6833333333333333 0.65625 0.6833333333333333 0.665625 0.6916666666666667 0.6890625 0.6972222222222222 0.7046875 0.7083333333333334 0.7203125 0.7083333333333334 0.7296875 0.7194444444444444 0.7421875 0.725 0.75 0.725 0.7640625 0.7361111111111112 0.7765625 0.7388888888888889 0.8 0.7527777777777778 0.8015625 0.7555555555555555 0.8 0.7583333333333333 0.784375 0.7555555555555555 0.7734375 0.7472222222222222 0.7625 0.7444444444444445 0.75625 0.7388888888888889 0.7453125 0.7361111111111112 0.721875 0.7222222222222222 0.7140625 0.7222222222222222 0.6984375 0.7111111111111111 0.675 0.7027777777777777 0.6484375 0.6861111111111111 0.64375 0.6861111111111111
0 0 0.8166666666666667 0.03125 0.8027777777777778 0.053125 0.7888888888888889 0.071875 0.7833333333333333 0.0890625 0.7722222222222223 0.10625 0.7666666666666667 0.1234375 0.7555555555555555 0.20625 0.7194444444444444 0.2390625 0.7 0.2453125 0.7 0.253125 0.6944444444444444 0.2578125 0.6944444444444444 0.2609375 0.7 0.2578125 0.7083333333333334 0.2484375 0.7111111111111111 0.234375 0.7222222222222222 0.2140625 0.7277777777777777 0.203125 0.7416666666666667 0.1921875 0.7416666666666667 0.190625 0.7444444444444445 0.178125 0.7472222222222222 0.1765625 0.7527777777777778 0.1546875 0.7611111111111111 0.14375 0.7722222222222223 0.1359375 0.7722222222222223 0.1234375 0.7833333333333333 0.109375 0.7861111111111111 0.10625 0.7916666666666666 0.0984375 0.7916666666666666 0.0890625 0.8 0.0640625 0.8111111111111111 0.053125 0.8194444444444444 0.046875 0.8194444444444444 0.0296875 0.8277777777777777 0.021875 0.8277777777777777 0.0140625 0.8333333333333334 0.0078125 0.8333333333333334 0.0015625 0.8388888888888889 0 0.8388888888888889 0 0.8194444444444444