0 0.525 0.6888888888888889 0.5328125 0.6972222222222222 0.54375 0.7166666666666667 0.540625 0.7194444444444444 0.5328125 0.7111111111111111 0.525 0.6916666666666667
0 0.6125 0.8138888888888889 0.6203125 0.8166666666666667 0.634375 0.8472222222222222 0.640625 0.8527777777777777 0.684375 0.9138888888888889 0.6921875 0.9222222222222223 0.7015625 0.9222222222222223 0.7078125 0.9277777777777778 0.721875 0.95 0.759375 0.9944444444444445 0.759375 0.9972222222222222 0.73125 0.9972222222222222 0.725 0.9861111111111112 0.7140625 0.975 0.69375 0.9472222222222222 0.6515625 0.8805555555555555 0.621875 0.8416666666666667 0.6203125 0.8333333333333334 0.6125 0.8222222222222222 0.6125 0.8166666666666667
0 0.621875 0.8361111111111111 0.6296875 0.8388888888888889 0.6890625 0.9194444444444444 0.6921875 0.9222222222222223 0.7015625 0.9222222222222223 0.7078125 0.9277777777777778 0.721875 0.95 0.759375 0.9944444444444445 0.759375 0.9972222222222222 0.73125 0.9972222222222222 0.7234375 0.9833333333333333 0.7125 0.9722222222222222 0.690625 0.9388888888888889 0.6765625 0.9222222222222223 0.6609375 0.8944444444444445 0.63125 0.8555555555555555 0.621875 0.8388888888888889
0 0.4453125 0.7277777777777777 0.4453125 0.7333333333333333 0.4421875 0.7361111111111112 0.440625 0.7361111111111112 0.440625 0.7305555555555555 0.44375 0.7277777777777777
0 0.371875 0.8222222222222222 0.378125 0.8166666666666667 0.384375 0.8194444444444444 0.3765625 0.8333333333333334 0.371875 0.8305555555555556 0.371875 0.825
0 0.2421875 0.9972222222222222 0.2453125 0.9888888888888889 0.25625 0.9777777777777777 0.28125 0.9416666666666667 0.290625 0.9333333333333333 0.3078125 0.9333333333333333 0.3078125 0.9361111111111111 0.275 0.9861111111111112 0.265625 0.9972222222222222 0.24375 0.9972222222222222
0 0.434375 0.7472222222222222 0.4265625 0.7638888888888888 0.4203125 0.7694444444444445 0.41875 0.7611111111111111 0.4265625 0.75 0.4328125 0.7472222222222222
0 0 0.8972222222222223 0.025 0.8861111111111111 0.046875 0.8722222222222222 0.0578125 0.8694444444444445 0.0640625 0.8638888888888889 0.08125 0.8583333333333333 0.0921875 0.85 0.109375 0.8444444444444444 0.128125 0.8305555555555556 0.1625 0.8194444444444444 0.171875 0.8111111111111111 0.1859375 0.8083333333333333 0.196875 0.8 0.2015625 0.8 0.20625 0.7944444444444444 0.21875 0.7916666666666666 0.234375 0.7805555555555556 0.24375 0.7805555555555556 0.25 0.775 0.259375 0.7722222222222223 0.2640625 0.7666666666666667 0.2796875 0.7638888888888888 0.2828125 0.7583333333333333 0.290625 0.7583333333333333 0.296875 0.7527777777777778 0.3015625 0.7527777777777778 0.3046875 0.7472222222222222 0.3125 0.7472222222222222 0.315625 0.7416666666666667 0.3234375 0.7416666666666667 0.321875 0.75 0.3140625 0.75 0.30625 0.7583333333333333 0.290625 0.7638888888888888 0.275 0.775 0.221875 0.7972222222222223 0.2109375 0.8055555555555556 0.2 0.8083333333333333 0.1546875 0.8333333333333334 0.1421875 0.8361111111111111 0.1265625 0.8472222222222222 0.1203125 0.8472222222222222 0.109375 0.8555555555555555 0.0765625 0.8694444444444445 0.0609375 0.8805555555555555 0.028125 0.8944444444444445 0.0171875 0.9027777777777778 0 0.9083333333333333 0 0.9
0 0 0.8972222222222223 0.0203125 0.8888888888888888 0.03125 0.8805555555555555 0.0359375 0.8805555555555555 0.046875 0.8722222222222222 0.0578125 0.8694444444444445 0.0640625 0.8638888888888889 0.08125 0.8583333333333333 0.0921875 0.85 0.109375 0.8444444444444444 0.1296875 0.8305555555555556 0.1421875 0.8277777777777777 0.15625 0.8194444444444444 0.1625 0.8194444444444444 0.171875 0.8111111111111111 0.178125 0.8111111111111111 0.2078125 0.7944444444444444 0.21875 0.7916666666666666 0.225 0.7861111111111111 0.2296875 0.7861111111111111 0.234375 0.7805555555555556 0.24375 0.7805555555555556 0.259375 0.7722222222222223 0.2640625 0.7666666666666667 0.2796875 0.7638888888888888 0.284375 0.7583333333333333 0.290625 0.7583333333333333 0.309375 0.7472222222222222 0.321875 0.7444444444444445 0.3203125 0.75 0.3140625 0.75 0.296875 0.7638888888888888 0.290625 0.7638888888888888 0.2640625 0.7805555555555556 0.2515625 0.7833333333333333 0.234375 0.7944444444444444 0.2171875 0.8 0.20625 0.8083333333333333 0.2 0.8083333333333333 0.1546875 0.8333333333333334 0.1375 0.8388888888888889 0.128125 0.8472222222222222 0.1203125 0.8472222222222222 0.109375 0.8555555555555555 0.0765625 0.8694444444444445 0.0609375 0.8805555555555555 0.0390625 0.8888888888888888 0.0109375 0.9055555555555556 0 0.9083333333333333 0 0.9
0 0.45703125 0.7166666666666667 0.0078125 0.011111111111111112
0 0.5609375 0.7472222222222222 0.5625 0.7444444444444445 0.56875 0.7472222222222222 0.578125 0.7583333333333333 0.584375 0.7694444444444445 0.58125 0.775 0.5703125 0.7638888888888888 0.5625 0.75
0 0.6125 0.8166666666666667 0.61875 0.8166666666666667 0.6265625 0.8277777777777777 0.625 0.8305555555555556 0.61875 0.8305555555555556 0.6125 0.8194444444444444