0 0.5203125 0.675 0.515625 0.675 0.5140625 0.6722222222222223 0.515625 0.6694444444444444 0.51875 0.6722222222222223
0 0.5578125 0.6444444444444445 0.5640625 0.6472222222222223 0.56875 0.6444444444444445 0.5828125 0.6555555555555556 0.584375 0.6527777777777778 0.6015625 0.6611111111111111 0.603125 0.6583333333333333 0.6171875 0.6666666666666666 0.6484375 0.6722222222222223 0.653125 0.6777777777777778 0.659375 0.6777777777777778 0.671875 0.6861111111111111 0.675 0.6833333333333333 0.684375 0.6888888888888889 0.6984375 0.6888888888888889 0.703125 0.6916666666666667 0.7078125 0.7 0.71875 0.7 0.725 0.7055555555555556 0.7328125 0.7055555555555556 0.74375 0.7138888888888889 0.7703125 0.7194444444444444 0.78125 0.7277777777777777 0.790625 0.7277777777777777 0.7921875 0.7305555555555555 0.80625 0.7277777777777777 0.815625 0.7388888888888889 0.8203125 0.7361111111111112 0.821875 0.7388888888888889 0.8390625 0.7388888888888889 0.85625 0.75 0.8546875 0.7527777777777778 0.8390625 0.7527777777777778 0.8375 0.7555555555555555 0.821875 0.7527777777777778 0.803125 0.7416666666666667 0.8 0.7444444444444445 0.7890625 0.7388888888888889 0.784375 0.7333333333333333 0.7828125 0.7361111111111112 0.76875 0.7277777777777777 0.7640625 0.7305555555555555 0.7578125 0.725 0.74375 0.7222222222222222 0.73125 0.7138888888888889 0.728125 0.7166666666666667 0.7140625 0.7083333333333334 0.690625 0.7027777777777777 0.68125 0.6944444444444444 0.6734375 0.6944444444444444 0.6609375 0.6861111111111111 0.6515625 0.6861111111111111 0.640625 0.6777777777777778 0.6390625 0.6805555555555556 0.628125 0.6722222222222223 0.621875 0.6694444444444444 0.6203125 0.6722222222222223 0.6078125 0.6638888888888889 0.6015625 0.6666666666666666 0.590625 0.6583333333333333 0.58125 0.6583333333333333 0.578125 0.6527777777777778 0.5640625 0.65 0.559375 0.6444444444444445
0 0.7828125 0.7333333333333333 0.784375 0.7305555555555555 0.80625 0.7277777777777777 0.8171875 0.7388888888888889 0.8203125 0.7361111111111112 0.825 0.7388888888888889 0.8390625 0.7388888888888889 0.8546875 0.75 0.853125 0.7527777777777778 0.8390625 0.7527777777777778 0.8375 0.7555555555555555 0.809375 0.7472222222222222 0.803125 0.7416666666666667 0.8015625 0.7444444444444445 0.784375 0.7333333333333333
0 0.1203125 0.8888888888888888 0.125 0.8805555555555555 0.1359375 0.875 0.1390625 0.8694444444444445 0.1484375 0.8638888888888889 0.1609375 0.85 0.1734375 0.8444444444444444 0.1828125 0.8333333333333334 0.190625 0.8333333333333334 0.1890625 0.8388888888888889 0.1859375 0.8388888888888889 0.1765625 0.85 0.1578125 0.8638888888888889 0.1546875 0.8694444444444445 0.1421875 0.875 0.140625 0.8805555555555555 0.121875 0.8916666666666667
0 0.3890625 0.8333333333333334 0.4 0.7972222222222223 0.40625 0.7888888888888889 0.409375 0.7916666666666666 0.409375 0.7972222222222223 0.40625 0.8027777777777778 0.4015625 0.825 0.3953125 0.8333333333333334 0.390625 0.8333333333333334
0 0.4234375 0.7333333333333333 0.4234375 0.725 0.428125 0.7138888888888889 0.4328125 0.7138888888888889 0.4328125 0.7166666666666667 0.425 0.7333333333333333
0 0.45 0.6527777777777778 0.446875 0.6666666666666666 0.44375 0.6722222222222223 0.44375 0.6805555555555556 0.4390625 0.6916666666666667 0.4359375 0.6888888888888889 0.4375 0.6805555555555556 0.4453125 0.6555555555555556 0.4484375 0.6527777777777778
0 0.534375 0.6944444444444444 0.54375 0.7027777777777777 0.546875 0.7111111111111111 0.5421875 0.7111111111111111 0.5359375 0.7055555555555556 0.534375 0.6972222222222222
0 0.496875 0.6444444444444445 0.503125 0.6472222222222223 0.521875 0.675 0.515625 0.675 0.5125 0.6666666666666666 0.50625 0.6638888888888889 0.496875 0.6472222222222223
0 0.578125 0.7527777777777778 0.5828125 0.7583333333333333 0.5859375 0.7583333333333333 0.6046875 0.7805555555555556 0.60625 0.7888888888888889 0.603125 0.7944444444444444 0.5984375 0.7916666666666666 0.5890625 0.775 0.5875 0.7777777777777778 0.578125 0.7638888888888888 0.5765625 0.7555555555555555
0 0.58125 0.7555555555555555 0.590625 0.7666666666666667 0.59375 0.7666666666666667 0.6015625 0.7805555555555556 0.6046875 0.7805555555555556 0.60625 0.7888888888888889 0.603125 0.7944444444444444 0.5984375 0.7916666666666666 0.5890625 0.775 0.5859375 0.775 0.578125 0.7638888888888888 0.5765625 0.7555555555555555 0.5796875 0.7555555555555555