0 0.3390625 0.7055555555555556 0.340625 0.6972222222222222 0.34375 0.7027777777777777 0.3421875 0.7083333333333334 0.340625 0.7055555555555556
0 0.7265625 0.7416666666666667 0.728125 0.7444444444444445 0.7328125 0.7416666666666667 0.7453125 0.75 0.759375 0.75 0.7734375 0.7583333333333333 0.7765625 0.7555555555555555 0.7953125 0.7666666666666667 0.79375 0.7694444444444445 0.7875 0.7694444444444445 0.778125 0.7638888888888888 0.7609375 0.7611111111111111 0.7546875 0.7555555555555555 0.7515625 0.7583333333333333 0.75 0.7555555555555555 0.7375 0.7527777777777778 0.73125 0.7472222222222222 0.728125 0.75 0.725 0.7444444444444445
0 0.265625 0.6777777777777778 0.26875 0.6777777777777778 0.26875 0.6916666666666667 0.2609375 0.7083333333333334 0.2375 0.7333333333333333 0.2359375 0.7388888888888889 0.215625 0.7527777777777778 0.2078125 0.7638888888888888 0.196875 0.7694444444444445 0.1921875 0.7777777777777778 0.178125 0.7861111111111111 0.175 0.7916666666666666 0.171875 0.7916666666666666 0.16875 0.7972222222222223 0.1625 0.8 0.159375 0.8055555555555556 0.15625 0.8055555555555556 0.14375 0.8194444444444444 0.128125 0.8305555555555556 0.125 0.8361111111111111 0.10625 0.8472222222222222 0.096875 0.8583333333333333 0.0890625 0.8611111111111112 0.0796875 0.8722222222222222 0.0671875 0.8777777777777778 0.05625 0.8888888888888888 0.0421875 0.8972222222222223 0.0359375 0.9055555555555556 0.015625 0.9166666666666666 0.015625 0.9055555555555556 0.0296875 0.9 0.046875 0.8833333333333333 0.059375 0.8777777777777778 0.065625 0.8694444444444445 0.0703125 0.8694444444444445 0.0859375 0.8527777777777777 0.1015625 0.8444444444444444 0.1109375 0.8333333333333334 0.11875 0.8305555555555556 0.125 0.825 0.1265625 0.8194444444444444 0.13125 0.8194444444444444 0.1359375 0.8138888888888889 0.146875 0.8083333333333333 0.1609375 0.7916666666666666 0.16875 0.7888888888888889 0.178125 0.7777777777777778 0.1859375 0.775 0.19375 0.7638888888888888 0.2 0.7611111111111111 0.203125 0.7555555555555555 0.209375 0.7527777777777778 0.221875 0.7388888888888889 0.2328125 0.7333333333333333 0.2375 0.725 0.2453125 0.7194444444444444 0.246875 0.7138888888888889 0.25 0.7138888888888889 0.2578125 0.7055555555555556 0.2640625 0.6916666666666667 0.265625 0.6805555555555556
0 0.33515625 0.6847222222222222 0.00625 0.011111111111111112
0 0.31875 0.8055555555555556 0.3203125 0.8083333333333333 0.31875 0.8138888888888889 0.3 0.8555555555555555 0.2953125 0.8555555555555555 0.29375 0.85 0.309375 0.8166666666666667 0.3171875 0.8055555555555556
0 0.3390625 0.7305555555555555 0.34375 0.7333333333333333 0.340625 0.7472222222222222 0.3359375 0.7472222222222222 0.3390625 0.7333333333333333
0 0.29375 0.6888888888888889 0.2953125 0.6916666666666667 0.309375 0.6888888888888889 0.3109375 0.6972222222222222 0.30625 0.6944444444444444 0.290625 0.6944444444444444 0.2921875 0.6916666666666667
0 0.5265625 0.6611111111111111 0.5359375 0.6666666666666666 0.546875 0.6666666666666666 0.5484375 0.6638888888888889 0.5515625 0.6666666666666666 0.5484375 0.6722222222222223 0.5421875 0.6722222222222223 0.540625 0.6694444444444444 0.5234375 0.6722222222222223 0.5203125 0.6694444444444444 0.5203125 0.6638888888888889 0.525 0.6638888888888889
0 0.471875 0.7138888888888889 0.4765625 0.7138888888888889 0.484375 0.7222222222222222 0.4828125 0.7277777777777777 0.475 0.7222222222222222 0.471875 0.7166666666666667
0 0.440625 0.6916666666666667 0.0078125 0.011111111111111112
0 0.534375 0.7777777777777778 0.5453125 0.7833333333333333 0.5734375 0.8166666666666667 0.5703125 0.8222222222222222 0.565625 0.8166666666666667 0.5625 0.8166666666666667 0.553125 0.8027777777777778 0.534375 0.7833333333333333 0.534375 0.7805555555555556
0 0.3828125 0.6805555555555556 0.3921875 0.6861111111111111 0.390625 0.6916666666666667 0.384375 0.6861111111111111 0.371875 0.6861111111111111 0.3703125 0.6888888888888889 0.3640625 0.6861111111111111 0.3640625 0.6833333333333333 0.3703125 0.6805555555555556 0.38125 0.6805555555555556
0 0.4453125 0.675 0.446875 0.6722222222222223 0.4640625 0.6722222222222223 0.46875 0.6805555555555556 0.465625 0.6777777777777778 0.459375 0.6805555555555556 0.446875 0.675