0 0.5109375 0.5083333333333333 0.521875 0.5194444444444445 0.534375 0.5444444444444444 0.528125 0.5444444444444444 0.5109375 0.5111111111111111
0 0.4015625 0.6277777777777778 0.40625 0.6305555555555555 0.4 0.6388888888888888 0.3890625 0.6638888888888889 0.2484375 0.9111111111111111 0.246875 0.9111111111111111 0.246875 0.8972222222222223 0.2453125 0.8944444444444445 0.2453125 0.8722222222222222 0.2625 0.8444444444444444 0.2625 0.8388888888888889 0.284375 0.8111111111111111 0.2984375 0.7833333333333333 0.3078125 0.7722222222222223 0.3296875 0.7333333333333333 0.328125 0.7305555555555555 0.3109375 0.75 0.2921875 0.7833333333333333 0.24375 0.8527777777777777 0.234375 0.8555555555555555 0.2265625 0.85 0.234375 0.8361111111111111 0.25 0.8166666666666667 0.253125 0.8083333333333333 0.2671875 0.7916666666666666 0.278125 0.7722222222222223 0.296875 0.75 0.3015625 0.7388888888888889 0.321875 0.7138888888888889 0.325 0.7055555555555556 0.3375 0.6916666666666667 0.3453125 0.6777777777777778 0.378125 0.6333333333333333 0.3890625 0.6277777777777778 0.4 0.6277777777777778
0 0.309375 0.5638888888888889 0.3109375 0.5638888888888889 0.3078125 0.5694444444444444 0.3 0.5722222222222222 0.296875 0.5777777777777777 0.303125 0.5833333333333334 0.303125 0.5888888888888889 0.3 0.5944444444444444 0.2875 0.5944444444444444 0.284375 0.5888888888888889 0.2796875 0.5888888888888889 0.275 0.5944444444444444 0.275 0.6055555555555555 0.2734375 0.6083333333333333 0.2609375 0.6027777777777777 0.2484375 0.6055555555555555 0.24375 0.6 0.246875 0.6 0.2546875 0.5916666666666667 0.25625 0.5944444444444444 0.26875 0.5944444444444444 0.2703125 0.5861111111111111 0.2765625 0.5805555555555556 0.2859375 0.5833333333333334 0.2875 0.5805555555555556 0.284375 0.5777777777777777 0.303125 0.5638888888888889 0.3078125 0.5638888888888889
0 0.725 0.5944444444444444 0.7171875 0.6083333333333333 0.6953125 0.625 0.6734375 0.6611111111111111 0.665625 0.6916666666666667 0.6671875 0.6944444444444444 0.665625 0.7111111111111111 0.66875 0.725 0.66875 0.7361111111111112 0.678125 0.7583333333333333 0.6796875 0.7666666666666667 0.7046875 0.8111111111111111 0.7078125 0.8111111111111111 0.71875 0.8277777777777777 0.7359375 0.8444444444444444 0.7484375 0.8611111111111112 0.75625 0.8694444444444445 0.759375 0.8694444444444445 0.7875 0.9055555555555556 0.790625 0.9055555555555556 0.8125 0.9305555555555556 0.81875 0.9333333333333333 0.8390625 0.9583333333333334 0.84375 0.9583333333333334 0.8546875 0.9694444444444444 0.85625 0.975 0.8421875 0.975 0.840625 0.9777777777777777 0.8265625 0.9777777777777777 0.8171875 0.9638888888888889 0.7953125 0.9444444444444444 0.753125 0.8916666666666667 0.7453125 0.8861111111111111 0.73125 0.8694444444444445 0.7234375 0.8555555555555555 0.7203125 0.8555555555555555 0.6875 0.8138888888888889 0.6515625 0.75 0.6546875 0.7361111111111112 0.6546875 0.7277777777777777 0.6515625 0.7194444444444444 0.6515625 0.7055555555555556 0.653125 0.7027777777777777 0.6515625 0.6944444444444444 0.6640625 0.6555555555555556 0.6828125 0.6277777777777778 0.6890625 0.6222222222222222 0.6953125 0.6222222222222222 0.7046875 0.6055555555555555 0.7234375 0.5944444444444444
0 0.053125 0.7388888888888889 0.05 0.7472222222222222 0.040625 0.75 0.0296875 0.7611111111111111 0.0140625 0.7666666666666667 0.0078125 0.7722222222222223 0.0046875 0.7722222222222223 0.0046875 0.7638888888888888 0.028125 0.7527777777777778 0.040625 0.7416666666666667 0.0515625 0.7388888888888889
0 0.5671875 0.5027777777777778 0.5734375 0.5055555555555555 0.5703125 0.5055555555555555 0.5671875 0.5111111111111111 0.53125 0.5111111111111111 0.5296875 0.5083333333333333 0.5125 0.5111111111111111 0.5109375 0.5083333333333333 0.521875 0.5 0.5375 0.5 0.5390625 0.49722222222222223 0.546875 0.49722222222222223 0.5578125 0.5055555555555555 0.565625 0.5055555555555555
0 0.76875 0.9527777777777777 0.7734375 0.95 0.7765625 0.9527777777777777 0.7875 0.9527777777777777 0.7984375 0.9666666666666667 0.803125 0.9777777777777777 0.778125 0.9805555555555555 0.76875 0.9638888888888889 0.7671875 0.9583333333333334 0.76875 0.9555555555555556
0 0.165625 0.6666666666666666 0.171875 0.6638888888888889 0.1765625 0.6666666666666666 0.171875 0.6722222222222223 0.16875 0.6722222222222223 0.165625 0.6777777777777778 0.140625 0.6916666666666667 0.128125 0.6916666666666667 0.128125 0.6888888888888889 0.165625 0.6694444444444444
0 0.5625 0.5888888888888889 0.56875 0.5944444444444444 0.56875 0.6027777777777777 0.559375 0.5972222222222222 0.55625 0.5888888888888889 0.5578125 0.5861111111111111 0.5609375 0.5888888888888889
0 0.5765625 0.6166666666666667 0.5859375 0.6222222222222222 0.6046875 0.6527777777777778 0.6046875 0.6555555555555556 0.5953125 0.6555555555555556 0.5765625 0.625 0.5765625 0.6194444444444445
0 0.5515625 0.575 0.553125 0.5777777777777777 0.5890625 0.575 0.59375 0.5777777777777777 0.5953125 0.5805555555555556 0.59375 0.5833333333333334 0.525 0.5833333333333334 0.5234375 0.5861111111111111 0.5109375 0.5861111111111111 0.509375 0.5833333333333334 0.4390625 0.5861111111111111 0.440625 0.5805555555555556 0.55 0.575
0 0.63125 0.7027777777777777 0.646875 0.7277777777777777 0.6515625 0.7305555555555555 0.65 0.7416666666666667 0.64375 0.7388888888888889 0.625 0.7083333333333334 0.6234375 0.7027777777777777 0.625 0.6972222222222222 0.6296875 0.7027777777777777
0 0.2546875 0.5777777777777777 0.25625 0.5805555555555556 0.275 0.5805555555555556 0.2765625 0.5777777777777777 0.2890625 0.575 0.29375 0.5694444444444444 0.2984375 0.5694444444444444 0.3015625 0.5638888888888889 0.3078125 0.5638888888888889 0.315625 0.5583333333333333 0.3421875 0.55 0.3453125 0.5444444444444444 0.35625 0.5416666666666666 0.3625 0.5361111111111111 0.36875 0.5361111111111111 0.378125 0.5305555555555556 0.3875 0.5305555555555556 0.3890625 0.5277777777777778 0.390625 0.5277777777777778 0.390625 0.5333333333333333 0.3828125 0.5444444444444444 0.346875 0.5638888888888889 0.34375 0.5694444444444444 0.340625 0.5694444444444444 0.3359375 0.575 0.3203125 0.5805555555555556 0.3015625 0.5916666666666667 0.3 0.5972222222222222 0.2734375 0.6083333333333333 0.2359375 0.6333333333333333 0.228125 0.6277777777777778 0.2265625 0.6194444444444445 0.2265625 0.5944444444444444 0.2390625 0.5833333333333334 0.253125 0.5805555555555556