0 0.484375 0.7083333333333334 0.48125 0.7138888888888889 0.4609375 0.7222222222222222 0.4578125 0.7277777777777777 0.4453125 0.7333333333333333 0.440625 0.7388888888888889 0.421875 0.75 0.3578125 0.8055555555555556 0.31875 0.8472222222222222 0.3140625 0.8555555555555555 0.309375 0.8583333333333333 0.3046875 0.8666666666666667 0.2625 0.9138888888888889 0.2 0.9944444444444445 0.1953125 0.9972222222222222 0.1703125 0.9972222222222222 0.1703125 0.9944444444444445 0.2078125 0.95 0.215625 0.9444444444444444 0.2203125 0.9361111111111111 0.228125 0.9305555555555556 0.240625 0.9111111111111111 0.26875 0.8805555555555555 0.275 0.8694444444444445 0.29375 0.8555555555555555 0.3171875 0.8277777777777777 0.346875 0.8 0.353125 0.7972222222222223 0.3734375 0.775 0.38125 0.7722222222222223 0.409375 0.7472222222222222 0.4234375 0.7416666666666667 0.428125 0.7361111111111112 0.4546875 0.7194444444444444 0.4828125 0.7111111111111111
0 0.8953125 0.8361111111111111 0.896875 0.8333333333333334 0.9046875 0.8333333333333334 0.9296875 0.8527777777777777 0.928125 0.8583333333333333 0.925 0.8583333333333333 0.909375 0.85 0.896875 0.8388888888888889
0 0.6296875 0.675 0.63125 0.6777777777777778 0.6484375 0.6777777777777778 0.65 0.6805555555555556 0.6625 0.6805555555555556 0.6640625 0.6833333333333333 0.665625 0.6805555555555556 0.675 0.6805555555555556 0.678125 0.6833333333333333 0.68125 0.7083333333333334 0.675 0.7194444444444444 0.6390625 0.7194444444444444 0.6375 0.7166666666666667 0.628125 0.7166666666666667 0.61875 0.7111111111111111 0.6171875 0.7083333333333334 0.615625 0.6861111111111111 0.61875 0.6777777777777778 0.628125 0.675
0 0.896875 0.8333333333333334 0.903125 0.8333333333333334 0.9125 0.8388888888888889 0.928125 0.8527777777777777 0.928125 0.8555555555555555 0.9203125 0.8555555555555555 0.90625 0.8472222222222222 0.896875 0.8361111111111111
0 0.859375 0.8027777777777778 0.8625 0.8 0.878125 0.8111111111111111 0.8796875 0.8166666666666667 0.871875 0.8166666666666667 0.8609375 0.8055555555555556
0 0 0.8388888888888889 0 0.8277777777777777 0.0109375 0.8194444444444444 0.015625 0.8194444444444444 0.0359375 0.8055555555555556 0.040625 0.8055555555555556 0.05625 0.7944444444444444 0.09375 0.7777777777777778 0.115625 0.7638888888888888 0.1328125 0.7583333333333333 0.1578125 0.7416666666666667 0.178125 0.7361111111111112 0.196875 0.725 0.2078125 0.725 0.20625 0.7305555555555555 0.2015625 0.7333333333333333 0.1953125 0.7333333333333333 0.1796875 0.7444444444444445 0.1515625 0.7555555555555555 0.13125 0.7694444444444445 0.1046875 0.7805555555555556 0.0796875 0.7972222222222223 0.0640625 0.8027777777777778 0.025 0.8277777777777777 0.0203125 0.8277777777777777 0.0015625 0.8388888888888889
0 0.34375 0.6944444444444444 0.3484375 0.6944444444444444 0.35 0.7055555555555556 0.3421875 0.7222222222222222 0.3265625 0.7388888888888889 0.3203125 0.75 0.3125 0.7555555555555555 0.3046875 0.7694444444444445 0.2875 0.7888888888888889 0.2765625 0.8083333333333333 0.25625 0.8277777777777777 0.2453125 0.8472222222222222 0.234375 0.8583333333333333 0.2140625 0.8888888888888888 0.2046875 0.8972222222222223 0.19375 0.9166666666666666 0.18125 0.9333333333333333 0.1734375 0.9388888888888889 0.1453125 0.9805555555555555 0.13125 0.9972222222222222 0.10625 0.9972222222222222 0.10625 0.9916666666666667 0.1171875 0.9805555555555555 0.1328125 0.9583333333333334 0.1421875 0.95 0.184375 0.8944444444444445 0.19375 0.8861111111111111 0.225 0.8444444444444444 0.2390625 0.8305555555555556 0.2453125 0.8194444444444444 0.2828125 0.7777777777777778 0.29375 0.7611111111111111 0.3359375 0.7166666666666667 0.34375 0.7055555555555556 0.34375 0.6972222222222222
0 0.20625 0.725 0.2046875 0.7305555555555555 0.2 0.7333333333333333 0.1953125 0.7333333333333333 0.16875 0.75 0.15625 0.7527777777777778 0.1359375 0.7666666666666667 0.109375 0.7777777777777778 0.0890625 0.7916666666666666 0.0640625 0.8027777777777778 0.003125 0.8388888888888889 0 0.8388888888888889 0 0.8277777777777777 0.0109375 0.8194444444444444 0.015625 0.8194444444444444 0.03125 0.8083333333333333 0.0359375 0.8083333333333333 0.0515625 0.7972222222222223 0.078125 0.7861111111111111 0.121875 0.7611111111111111 0.128125 0.7611111111111111 0.1484375 0.7472222222222222 0.1921875 0.7277777777777777 0.2046875 0.725
0 0.9890625 0.9 0.990625 0.9027777777777778 0.996875 0.9027777777777778 0.9984375 0.9055555555555556 0.9984375 0.9166666666666666 0.9875 0.9083333333333333 0.984375 0.9027777777777778 0.9875 0.9
0 0.6015625 0.7416666666666667 0.609375 0.7416666666666667 0.6109375 0.7388888888888889 0.63125 0.7388888888888889 0.6328125 0.7416666666666667 0.6484375 0.7416666666666667 0.65 0.7444444444444445 0.6828125 0.7416666666666667 0.684375 0.7444444444444445 0.703125 0.7444444444444445 0.7046875 0.7472222222222222 0.721875 0.7472222222222222 0.7234375 0.75 0.7890625 0.7472222222222222 0.796875 0.7527777777777778 0.8203125 0.7527777777777778 0.821875 0.7555555555555555 0.828125 0.7555555555555555 0.8296875 0.7583333333333333 0.8171875 0.7583333333333333 0.815625 0.7611111111111111 0.7890625 0.7611111111111111 0.7875 0.7583333333333333 0.7078125 0.7583333333333333 0.70625 0.7555555555555555 0.6421875 0.75 0.640625 0.7472222222222222 0.625 0.7472222222222222 0.6234375 0.7444444444444445 0.603125 0.7416666666666667
0 0.61875 0.7444444444444445 0.6203125 0.7472222222222222 0.6203125 0.7888888888888889 0.621875 0.7916666666666666 0.6234375 0.8194444444444444 0.6296875 0.85 0.6328125 0.8555555555555555 0.6328125 0.8611111111111112 0.6359375 0.8694444444444445 0.6390625 0.8916666666666667 0.6546875 0.95 0.6546875 0.9555555555555556 0.6609375 0.9722222222222222 0.6609375 0.9805555555555555 0.665625 0.9972222222222222 0.6515625 0.9972222222222222 0.65 0.9944444444444445 0.6375 0.9416666666666667 0.6375 0.9333333333333333 0.6296875 0.9055555555555556 0.6234375 0.8638888888888889 0.61875 0.85 0.61875 0.8416666666666667 0.6125 0.8083333333333333 0.6125 0.7611111111111111 0.6140625 0.75 0.6171875 0.7472222222222222