0 0.0625 0.7666666666666667 0.0609375 0.7611111111111111 0.0609375 0.7444444444444445 0.06875 0.7277777777777777 0.0734375 0.7333333333333333 0.0703125 0.7472222222222222 0.071875 0.7638888888888888 0.0671875 0.7694444444444445 0.0640625 0.7666666666666667
0 0.9515625 0.7277777777777777 0.953125 0.7361111111111112 0.9453125 0.75 0.94375 0.7583333333333333 0.9546875 0.7805555555555556 0.95625 0.7861111111111111 0.9546875 0.7944444444444444 0.9484375 0.7916666666666666 0.9390625 0.7944444444444444 0.9328125 0.7888888888888889 0.91875 0.7611111111111111 0.9203125 0.7527777777777778 0.9328125 0.7277777777777777 0.95 0.7277777777777777
0 0.3859375 0.8527777777777777 0.3984375 0.8527777777777777 0.4078125 0.8583333333333333 0.4125 0.8555555555555555 0.421875 0.8611111111111112 0.428125 0.8583333333333333 0.4359375 0.8638888888888889 0.4265625 0.8694444444444445 0.415625 0.8638888888888889 0.403125 0.8638888888888889 0.396875 0.8583333333333333 0.3875 0.8583333333333333 0.3859375 0.8555555555555555
0 0.471875 0.875 0.4734375 0.8722222222222222 0.4875 0.8722222222222222 0.4953125 0.8777777777777778 0.5 0.875 0.51875 0.8833333333333333 0.5171875 0.8888888888888888 0.5078125 0.8888888888888888 0.50625 0.8861111111111111 0.496875 0.8861111111111111 0.4890625 0.8805555555555555 0.4734375 0.8777777777777778
0 0.3484375 0.725 0.3515625 0.7305555555555555 0.346875 0.7472222222222222 0.35 0.7583333333333333 0.35 0.7722222222222223 0.346875 0.775 0.34375 0.775 0.3359375 0.7666666666666667 0.3328125 0.75 0.3359375 0.7416666666666667 0.3359375 0.7361111111111112 0.3421875 0.725 0.346875 0.725
0 0.5328125 0.7513888888888889 0.028125 0.058333333333333334
0 0.6828125 0.9333333333333333 0.69375 0.9416666666666667 0.7015625 0.9416666666666667 0.7078125 0.9472222222222222 0.725 0.9527777777777777 0.7296875 0.9583333333333334 0.728125 0.9611111111111111 0.7125 0.9638888888888889 0.703125 0.9555555555555556 0.6984375 0.9583333333333334 0.6828125 0.95 0.6765625 0.95 0.675 0.9416666666666667 0.68125 0.9361111111111111
0 0.1921875 0.7305555555555555 0.196875 0.7361111111111112 0.1921875 0.7555555555555555 0.1921875 0.7611111111111111 0.1953125 0.7694444444444445 0.190625 0.775 0.1828125 0.7638888888888888 0.1828125 0.75 0.1875 0.7361111111111112 0.190625 0.7333333333333333
0 0.6484375 0.7222222222222222 0.659375 0.7277777777777777 0.65625 0.7361111111111112 0.65625 0.7416666666666667 0.653125 0.7472222222222222 0.653125 0.7583333333333333 0.6609375 0.7722222222222223 0.659375 0.7805555555555556 0.646875 0.7805555555555556 0.640625 0.775 0.634375 0.7583333333333333 0.634375 0.7472222222222222 0.628125 0.7361111111111112 0.6296875 0.725 0.6375 0.725 0.6390625 0.7277777777777777 0.646875 0.7222222222222222
0 0.125 0.7305555555555555 0.13125 0.7305555555555555 0.1328125 0.7333333333333333 0.13125 0.7444444444444445 0.13125 0.7666666666666667 0.1328125 0.7722222222222223 0.1234375 0.7722222222222223 0.1203125 0.7611111111111111 0.1203125 0.7472222222222222 0.125 0.7333333333333333
0 0.790625 0.7166666666666667 0.79375 0.7166666666666667 0.7953125 0.725 0.8 0.7305555555555555 0.796875 0.7388888888888889 0.7984375 0.75 0.7953125 0.7555555555555555 0.7953125 0.7666666666666667 0.8 0.775 0.8046875 0.7722222222222223 0.80625 0.7861111111111111 0.803125 0.7888888888888889 0.79375 0.7888888888888889 0.7921875 0.7916666666666666 0.7859375 0.7888888888888889 0.784375 0.7916666666666666 0.775 0.7861111111111111 0.7625 0.7638888888888888 0.7640625 0.7611111111111111 0.7640625 0.75 0.7734375 0.7305555555555555 0.790625 0.7194444444444444
0 0.6875 0.9333333333333333 0.69375 0.9416666666666667 0.703125 0.9416666666666667 0.7296875 0.9555555555555556 0.73125 0.9611111111111111 0.71875 0.9638888888888889 0.7171875 0.9666666666666667 0.7078125 0.9638888888888889 0.703125 0.9583333333333334 0.6984375 0.9611111111111111 0.6875 0.9527777777777777 0.671875 0.9527777777777777 0.671875 0.9416666666666667 0.678125 0.9388888888888889 0.68125 0.9333333333333333 0.6859375 0.9333333333333333
0 0.4390625 0.725 0.440625 0.7333333333333333 0.4375 0.7388888888888889 0.4375 0.7611111111111111 0.4390625 0.7638888888888888 0.4375 0.775 0.4265625 0.7722222222222223 0.421875 0.7583333333333333 0.421875 0.7416666666666667 0.4265625 0.7277777777777777 0.43125 0.7222222222222222 0.4375 0.725
0 0.2671875 0.7277777777777777 0.2703125 0.7305555555555555 0.265625 0.7472222222222222 0.26875 0.7694444444444445 0.2640625 0.775 0.2578125 0.7722222222222223 0.253125 0.7583333333333333 0.253125 0.75 0.2578125 0.7333333333333333 0.265625 0.7277777777777777
0 0.7984375 0.7305555555555555 0.79375 0.75 0.790625 0.7555555555555555 0.790625 0.7611111111111111 0.796875 0.7805555555555556 0.7921875 0.7888888888888889 0.78125 0.7888888888888889 0.7734375 0.7805555555555556 0.7703125 0.7666666666666667 0.7671875 0.7638888888888888 0.7671875 0.7472222222222222 0.7765625 0.7305555555555555 0.7828125 0.7305555555555555 0.784375 0.7277777777777777 0.7953125 0.7277777777777777 0.796875 0.7305555555555555