0 0.484375 0.6833333333333333 0.4875 0.6833333333333333 0.4859375 0.6944444444444444 0.4828125 0.6944444444444444 0.484375 0.6861111111111111
0 0.34375 0.7277777777777777 0.3453125 0.7305555555555555 0.34375 0.7333333333333333 0.3328125 0.7388888888888889 0.3265625 0.7472222222222222 0.3203125 0.75 0.315625 0.75 0.315625 0.7472222222222222 0.325 0.7416666666666667 0.33125 0.7333333333333333 0.3421875 0.7305555555555555
0 0.5515625 0.6638888888888889 0.55625 0.6666666666666666 0.56875 0.6833333333333333 0.575 0.6861111111111111 0.5796875 0.6944444444444444 0.5890625 0.7 0.59375 0.7083333333333334 0.5984375 0.7083333333333334 0.6078125 0.7222222222222222 0.6140625 0.725 0.628125 0.7388888888888889 0.6328125 0.7472222222222222 0.6375 0.75 0.6390625 0.7555555555555555 0.640625 0.7527777777777778 0.653125 0.7694444444444445 0.65625 0.7694444444444445 0.6640625 0.7805555555555556 0.6703125 0.7833333333333333 0.68125 0.8 0.6875 0.8027777777777778 0.703125 0.825 0.7125 0.8305555555555556 0.721875 0.8444444444444444 0.725 0.8444444444444444 0.7296875 0.8527777777777777 0.7359375 0.8555555555555555 0.7515625 0.875 0.7546875 0.875 0.7578125 0.8805555555555555 0.7671875 0.8861111111111111 0.7765625 0.8972222222222223 0.7796875 0.8972222222222223 0.79375 0.9166666666666666 0.796875 0.9166666666666666 0.8109375 0.9305555555555556 0.8203125 0.9444444444444444 0.825 0.9444444444444444 0.834375 0.9583333333333334 0.8203125 0.9611111111111111 0.809375 0.9527777777777777 0.803125 0.9416666666666667 0.796875 0.9388888888888889 0.7859375 0.9222222222222223 0.7828125 0.9222222222222223 0.775 0.9111111111111111 0.771875 0.9111111111111111 0.759375 0.8944444444444445 0.75625 0.8944444444444445 0.7453125 0.8805555555555555 0.7421875 0.8805555555555555 0.7328125 0.8666666666666667 0.7296875 0.8666666666666667 0.7171875 0.85 0.709375 0.8444444444444444 0.70625 0.8388888888888889 0.703125 0.8388888888888889 0.678125 0.8083333333333333 0.675 0.8083333333333333 0.6640625 0.7916666666666666 0.6609375 0.7916666666666666 0.65 0.775 0.646875 0.775 0.6359375 0.7611111111111111 0.6328125 0.7611111111111111 0.621875 0.7444444444444445 0.6046875 0.7277777777777777 0.5953125 0.7138888888888889 0.5921875 0.7138888888888889 0.58125 0.7 0.578125 0.7 0.56875 0.6888888888888889 0.565625 0.6888888888888889 0.5515625 0.6666666666666666
0 0.0875 0.8222222222222222 0.0890625 0.825 0.0875 0.8277777777777777 0.078125 0.8361111111111111 0.0609375 0.8416666666666667 0.0578125 0.8472222222222222 0.040625 0.8527777777777777 0.0375 0.8583333333333333 0.0203125 0.8638888888888889 0.0140625 0.8694444444444445 0.0140625 0.8611111111111112 0.01875 0.8555555555555555 0.0359375 0.85 0.046875 0.8416666666666667 0.053125 0.8416666666666667 0.0625 0.8333333333333334 0.0796875 0.8277777777777777 0.0859375 0.8222222222222222
0 0.303125 0.7138888888888889 0.3046875 0.7083333333333334 0.315625 0.7027777777777777 0.31875 0.7055555555555556 0.3125 0.7138888888888889 0.3046875 0.7138888888888889
0 0.453125 0.8222222222222222 0.4609375 0.7888888888888889 0.4671875 0.7861111111111111 0.46875 0.7944444444444444 0.459375 0.8388888888888889 0.4578125 0.8416666666666667 0.4515625 0.8416666666666667 0.4515625 0.8333333333333334 0.4546875 0.825
0 0.47421875 0.7513888888888889 0.00625 0.011111111111111112
0 0.2390625 0.8055555555555556 0.234375 0.8138888888888889 0.225 0.8166666666666667 0.215625 0.8277777777777777 0.1984375 0.8361111111111111 0.1921875 0.8444444444444444 0.1765625 0.8527777777777777 0.1703125 0.8611111111111112 0.165625 0.8611111111111112 0.1640625 0.8555555555555555 0.1734375 0.8444444444444444 0.190625 0.8361111111111111 0.2 0.825 0.2140625 0.8194444444444444 0.215625 0.8138888888888889 0.2296875 0.8055555555555556 0.2375 0.8055555555555556
0 0.378125 0.7 0.3890625 0.6972222222222222 0.3875 0.7027777777777777 0.38125 0.7055555555555556 0.3765625 0.7055555555555556 0.378125 0.7027777777777777
0 0.2484375 0.7416666666666667 0.25 0.7416666666666667 0.2484375 0.7444444444444445 0.2453125 0.7444444444444445 0.2328125 0.7555555555555555 0.215625 0.7583333333333333 0.2140625 0.7611111111111111 0.2125 0.7583333333333333 0.21875 0.7527777777777778 0.2359375 0.7472222222222222 0.2390625 0.7416666666666667 0.246875 0.7416666666666667
0 0.4453125 0.8972222222222223 0.45 0.9055555555555556 0.4421875 0.9055555555555556 0.440625 0.9083333333333333 0.4375 0.9027777777777778 0.44375 0.8972222222222223
0 0.4796875 0.7138888888888889 0.48125 0.7166666666666667 0.48125 0.7277777777777777 0.478125 0.7333333333333333 0.475 0.7333333333333333 0.475 0.7222222222222222 0.478125 0.7166666666666667
0 0.296875 0.7611111111111111 0.296875 0.7666666666666667 0.2890625 0.7666666666666667 0.290625 0.7611111111111111 0.2953125 0.7611111111111111