0 0.5671875 0.75 0.58125 0.7722222222222223 0.578125 0.775 0.56875 0.7694444444444445 0.5609375 0.7583333333333333 0.5609375 0.7472222222222222 0.565625 0.75
0 0.7859375 0.7861111111111111 0.7890625 0.7916666666666666 0.8 0.7972222222222223 0.7984375 0.8055555555555556 0.7875 0.8055555555555556 0.784375 0.8 0.7703125 0.7944444444444444 0.76875 0.7916666666666666 0.7703125 0.7861111111111111 0.775 0.7833333333333333 0.784375 0.7861111111111111
0 0.60625 0.6944444444444444 0.6171875 0.7027777777777777 0.6328125 0.7055555555555556 0.646875 0.7166666666666667 0.6625 0.7194444444444444 0.665625 0.725 0.675 0.725 0.684375 0.7333333333333333 0.690625 0.7333333333333333 0.703125 0.7444444444444445 0.7109375 0.7472222222222222 0.7203125 0.7583333333333333 0.7359375 0.7583333333333333 0.7515625 0.7694444444444445 0.7546875 0.775 0.753125 0.7777777777777778 0.74375 0.7777777777777778 0.7375 0.7722222222222223 0.7328125 0.7722222222222223 0.71875 0.7555555555555555 0.7015625 0.7555555555555555 0.6921875 0.7444444444444445 0.68125 0.7388888888888889 0.6734375 0.7388888888888889 0.665625 0.7305555555555555 0.65625 0.7277777777777777 0.653125 0.7222222222222222 0.65 0.7222222222222222 0.6453125 0.7166666666666667 0.621875 0.7083333333333334 0.6078125 0.6972222222222222
0 0.1578125 0.7777777777777778 0.15625 0.7861111111111111 0.11875 0.8083333333333333 0.1140625 0.8083333333333333 0.1 0.8222222222222222 0.096875 0.8222222222222222 0.09375 0.8277777777777777 0.0828125 0.8305555555555556 0.0734375 0.8388888888888889 0.0703125 0.8361111111111111 0.06875 0.8388888888888889 0.0609375 0.8388888888888889 0.059375 0.8416666666666667 0.0515625 0.8416666666666667 0.05 0.8444444444444444 0.0421875 0.8444444444444444 0.0296875 0.85 0.021875 0.8638888888888889 0.01875 0.8638888888888889 0.0046875 0.8777777777777778 0 0.8777777777777778 0 0.8444444444444444 0.0015625 0.8416666666666667 0.00625 0.8416666666666667 0.021875 0.8305555555555556 0.040625 0.8277777777777777 0.0640625 0.8138888888888889 0.084375 0.8083333333333333 0.0953125 0.8 0.1140625 0.7916666666666666 0.1203125 0.7916666666666666 0.1421875 0.7777777777777778 0.1484375 0.7777777777777778 0.15 0.775 0.15625 0.7777777777777778
0 0.8953125 0.8555555555555555 0.909375 0.8555555555555555 0.9171875 0.8638888888888889 0.921875 0.8638888888888889 0.925 0.8694444444444445 0.940625 0.8722222222222222 0.965625 0.8833333333333333 0.96875 0.8888888888888888 0.9734375 0.8888888888888888 0.978125 0.8944444444444445 0.990625 0.9 0.990625 0.9166666666666666 0.9859375 0.9166666666666666 0.9796875 0.9111111111111111 0.96875 0.9083333333333333 0.9609375 0.9 0.93125 0.8888888888888888 0.91875 0.875 0.915625 0.875 0.8953125 0.8583333333333333
0 0.8328125 0.8138888888888889 0.8375 0.8194444444444444 0.859375 0.8277777777777777 0.865625 0.8333333333333334 0.8671875 0.8416666666666667 0.8515625 0.8416666666666667 0.8203125 0.8222222222222222 0.81875 0.8166666666666667 0.8203125 0.8138888888888889 0.83125 0.8138888888888889
0 0.65625 0.9 0.6703125 0.9 0.675 0.9055555555555556 0.6875 0.9222222222222223 0.6921875 0.9333333333333333 0.703125 0.9472222222222222 0.715625 0.9694444444444444 0.7359375 0.9972222222222222 0.715625 0.9972222222222222 0.7 0.9694444444444444 0.684375 0.95 0.675 0.9305555555555556 0.65625 0.9027777777777778
0 0.2359375 0.7444444444444445 0.2125 0.7638888888888888 0.20625 0.7666666666666667 0.203125 0.7638888888888888 0.1984375 0.7694444444444445 0.184375 0.7722222222222223 0.1640625 0.7861111111111111 0.1515625 0.7888888888888889 0.1421875 0.7972222222222223 0.1265625 0.8027777777777778 0.1203125 0.8111111111111111 0.115625 0.8083333333333333 0.1125 0.8138888888888889 0.0875 0.8361111111111111 0.0796875 0.8361111111111111 0.071875 0.8416666666666667 0.059375 0.8416666666666667 0.0546875 0.8472222222222222 0.0359375 0.85 0.03125 0.8527777777777777 0.021875 0.8666666666666667 0.0171875 0.8666666666666667 0 0.8805555555555555 0 0.8416666666666667 0.0046875 0.8416666666666667 0.025 0.8277777777777777 0.028125 0.8305555555555556 0.0296875 0.8277777777777777 0.04375 0.825 0.071875 0.8083333333333333 0.0734375 0.8111111111111111 0.08125 0.8083333333333333 0.103125 0.7944444444444444 0.134375 0.7833333333333333 0.1453125 0.775 0.1578125 0.775 0.159375 0.7722222222222223 0.1625 0.775 0.1671875 0.7694444444444445 0.171875 0.7694444444444445 0.1765625 0.7638888888888888 0.18125 0.7638888888888888 0.1859375 0.7583333333333333 0.196875 0.7555555555555555 0.203125 0.75 0.2140625 0.75 0.2203125 0.7444444444444445 0.234375 0.7444444444444445
0 0.65625 0.9 0.6703125 0.9 0.6734375 0.9027777777777778 0.7359375 0.9972222222222222 0.715625 0.9972222222222222 0.6984375 0.9666666666666667 0.6796875 0.9416666666666667 0.6734375 0.9277777777777778 0.65625 0.9027777777777778
0 0.5359375 0.7027777777777777 0.5375 0.7111111111111111 0.5359375 0.7138888888888889 0.5265625 0.7027777777777777 0.5265625 0.7 0.5328125 0.7 0.534375 0.7027777777777777
0 0.734375 0.7583333333333333 0.75 0.7694444444444445 0.7515625 0.7722222222222223 0.75 0.7777777777777778 0.74375 0.7777777777777778 0.7296875 0.7694444444444445 0.7265625 0.7611111111111111 0.7328125 0.7583333333333333
0 0.66875 0.7277777777777777 0.6796875 0.7277777777777777 0.684375 0.7333333333333333 0.684375 0.7388888888888889 0.675 0.7388888888888889 0.6703125 0.7361111111111112 0.66875 0.7305555555555555
0 0.325 0.8722222222222222 0.3265625 0.875 0.3203125 0.8777777777777778 0.3171875 0.8888888888888888 0.3015625 0.9138888888888889 0.2953125 0.9138888888888889 0.2921875 0.9083333333333333 0.290625 0.9 0.2921875 0.8916666666666667 0.303125 0.8777777777777778 0.3203125 0.8694444444444445 0.3234375 0.8722222222222222
0 0.6984375 0.7388888888888889 0.7015625 0.7444444444444445 0.7109375 0.7472222222222222 0.7125 0.7555555555555555 0.6984375 0.7527777777777778 0.690625 0.7416666666666667 0.696875 0.7388888888888889