0 0.5640625 0.5222222222222223 0.5765625 0.525 0.5921875 0.5361111111111111 0.603125 0.5388888888888889 0.6234375 0.5527777777777778 0.628125 0.5527777777777778 0.6421875 0.5638888888888889 0.659375 0.5694444444444444 0.6734375 0.5805555555555556 0.7 0.5916666666666667 0.71875 0.6055555555555555 0.734375 0.6111111111111112 0.8 0.65 0.8109375 0.6527777777777778 0.825 0.6638888888888889 0.85 0.675 0.875 0.6916666666666667 0.8796875 0.6916666666666667 0.9046875 0.7083333333333334 0.909375 0.7083333333333334 0.91875 0.7166666666666667 0.928125 0.7194444444444444 0.9484375 0.7333333333333333 0.953125 0.7333333333333333 0.9625 0.7416666666666667 0.978125 0.7472222222222222 0.9984375 0.7611111111111111 0.9984375 0.7722222222222223 0.9921875 0.7694444444444445 0.9875 0.7638888888888888 0.96875 0.7527777777777778 0.9640625 0.7527777777777778 0.93125 0.7305555555555555 0.9265625 0.7305555555555555 0.8671875 0.6944444444444444 0.8625 0.6944444444444444 0.8484375 0.6833333333333333 0.8390625 0.6805555555555556 0.775 0.6416666666666667 0.7703125 0.6416666666666667 0.7265625 0.6138888888888889 0.721875 0.6138888888888889 0.7171875 0.6083333333333333 0.7125 0.6083333333333333 0.6859375 0.5888888888888889 0.6796875 0.5888888888888889 0.6515625 0.5694444444444444 0.6453125 0.5694444444444444 0.6125 0.55 0.6078125 0.55 0.5890625 0.5361111111111111 0.5640625 0.525
0 0.534375 0.5583333333333333 0.5390625 0.5583333333333333 0.54375 0.5666666666666667 0.54375 0.5694444444444444 0.5390625 0.5694444444444444 0.534375 0.5611111111111111
0 0.5453125 0.575 0.5484375 0.575 0.5546875 0.5833333333333334 0.5546875 0.5888888888888889 0.55 0.5888888888888889 0.5453125 0.5777777777777777
0 0.3765625 0.5472222222222223 0.35 0.5638888888888889 0.33125 0.5694444444444444 0.3234375 0.5777777777777777 0.3125 0.5833333333333334 0.30625 0.5833333333333334 0.3046875 0.5805555555555556 0.3171875 0.5722222222222222 0.321875 0.5722222222222222 0.3421875 0.5583333333333333 0.3484375 0.5583333333333333 0.3625 0.55 0.375 0.5472222222222223
0 0.2546875 0.6055555555555555 0.28125 0.5916666666666667 0.284375 0.5944444444444444 0.28125 0.6 0.2765625 0.6 0.2703125 0.6055555555555555 0.2546875 0.6083333333333333
0 0.4734375 0.5083333333333333 0.475 0.5083333333333333 0.4734375 0.5138888888888888 0.4671875 0.5277777777777778 0.4578125 0.5388888888888889 0.4390625 0.5722222222222222 0.4296875 0.5805555555555556 0.41875 0.6027777777777777 0.4140625 0.6027777777777777 0.409375 0.6111111111111112 0.4046875 0.6111111111111112 0.390625 0.6222222222222222 0.384375 0.6333333333333333 0.390625 0.6444444444444445 0.390625 0.65 0.3828125 0.6666666666666666 0.378125 0.6694444444444444 0.371875 0.6666666666666666 0.36875 0.6694444444444444 0.3625 0.6833333333333333 0.3578125 0.6833333333333333 0.35 0.6944444444444444 0.346875 0.6944444444444444 0.334375 0.7194444444444444 0.33125 0.7194444444444444 0.328125 0.7277777777777777 0.3375 0.7361111111111112 0.3375 0.7416666666666667 0.334375 0.75 0.31875 0.7694444444444445 0.303125 0.8 0.2390625 0.9027777777777778 0.234375 0.9166666666666666 0.1953125 0.9861111111111112 0.1875 0.9944444444444445 0.153125 0.9944444444444445 0.153125 0.9888888888888889 0.1609375 0.9805555555555555 0.184375 0.9388888888888889 0.203125 0.9166666666666666 0.225 0.8777777777777778 0.2390625 0.8611111111111112 0.25 0.8416666666666667 0.246875 0.8361111111111111 0.225 0.8638888888888889 0.21875 0.8777777777777778 0.209375 0.8861111111111111 0.196875 0.9055555555555556 0.190625 0.9111111111111111 0.1890625 0.9166666666666666 0.18125 0.925 0.171875 0.9416666666666667 0.159375 0.9583333333333334 0.1546875 0.9611111111111111 0.1453125 0.9777777777777777 0.146875 0.9861111111111112 0.1453125 0.9916666666666667 0.140625 0.9861111111111112 0.1328125 0.9944444444444445 0.11875 0.9944444444444445 0.1171875 0.9972222222222222 0.103125 0.9972222222222222 0.1015625 0.9944444444444445 0.1671875 0.9055555555555556 0.1875 0.8833333333333333 0.2125 0.8472222222222222 0.21875 0.8416666666666667 0.2359375 0.8166666666666667 0.240625 0.8138888888888889 0.2671875 0.775 0.284375 0.7555555555555555 0.3078125 0.7222222222222222 0.321875 0.7055555555555556 0.325 0.7055555555555556 0.3296875 0.7 0.3546875 0.6611111111111111 0.378125 0.6361111111111111 0.39375 0.6083333333333333 0.4203125 0.5722222222222222 0.4328125 0.5611111111111111 0.4625 0.5194444444444445 0.471875 0.5111111111111111
0 0.6390625 0.7416666666666667 0.65 0.7416666666666667 0.6546875 0.7472222222222222 0.6875 0.8055555555555556 0.70625 0.8333333333333334 0.725 0.8666666666666667 0.7296875 0.8694444444444445 0.7296875 0.8805555555555555 0.7265625 0.8861111111111111 0.7234375 0.8888888888888888 0.715625 0.8833333333333333 0.646875 0.7638888888888888 0.6390625 0.7444444444444445
0 0 0.7388888888888889 0.0109375 0.7361111111111112 0.025 0.725 0.046875 0.7166666666666667 0.090625 0.6916666666666667 0.096875 0.6916666666666667 0.0984375 0.6888888888888889 0.1046875 0.6916666666666667 0.084375 0.7055555555555556 0.053125 0.7194444444444444 0.0265625 0.7361111111111112 0.021875 0.7361111111111112 0.0015625 0.75 0 0.75 0 0.7416666666666667
0 0.30625 0.5833333333333334 0.3078125 0.5777777777777777 0.3171875 0.575 0.3234375 0.5694444444444444 0.328125 0.5694444444444444 0.3234375 0.5777777777777777 0.3078125 0.5833333333333334
0 0.559375 0.6027777777777777 0.5625 0.6 0.5703125 0.6083333333333333 0.5765625 0.6194444444444445 0.5765625 0.625 0.571875 0.625 0.5609375 0.6055555555555555
0 0.221875 0.625 0.2234375 0.625 0.2203125 0.6305555555555555 0.171875 0.6555555555555556 0.1671875 0.6527777777777778 0.1734375 0.6472222222222223 0.1984375 0.6361111111111111 0.209375 0.6277777777777778 0.2203125 0.625
0 0.6390625 0.7416666666666667 0.65 0.7416666666666667 0.6546875 0.7472222222222222 0.7046875 0.8333333333333334 0.7234375 0.8638888888888889 0.73125 0.8722222222222222 0.728125 0.8888888888888888 0.721875 0.8888888888888888 0.7125 0.8805555555555555 0.6421875 0.7555555555555555 0.6390625 0.7444444444444445
0 0.5859375 0.6472222222222223 0.5953125 0.65 0.6203125 0.6916666666666667 0.61875 0.6944444444444444 0.6078125 0.6916666666666667 0.5859375 0.65