0 0.728125 0.7611111111111111 0.7296875 0.7638888888888888 0.7359375 0.7638888888888888 0.7609375 0.775 0.765625 0.7805555555555556 0.7625 0.7861111111111111 0.7484375 0.7833333333333333 0.746875 0.7805555555555556 0.7375 0.7805555555555556 0.7234375 0.7722222222222223 0.7125 0.7638888888888888 0.7125 0.7611111111111111 0.7140625 0.7583333333333333 0.7265625 0.7611111111111111
0 0.4859375 0.775 0.028125 0.044444444444444446
0 0.4078125 0.8027777777777778 0.4125 0.7888888888888889 0.4265625 0.7611111111111111 0.44375 0.7611111111111111 0.44375 0.7694444444444445 0.434375 0.7972222222222223 0.4296875 0.8027777777777778 0.409375 0.8027777777777778
0 0.396875 0.7638888888888888 0.3984375 0.7638888888888888 0.396875 0.7694444444444445 0.384375 0.7888888888888889 0.3796875 0.7916666666666666 0.371875 0.8027777777777778 0.3625 0.8111111111111111 0.3421875 0.8138888888888889 0.340625 0.8083333333333333 0.3609375 0.7888888888888889 0.3796875 0.7638888888888888 0.3953125 0.7611111111111111
0 0.6453125 0.7472222222222222 0.6546875 0.7472222222222222 0.6671875 0.7555555555555555 0.678125 0.7555555555555555 0.6875 0.7638888888888888 0.696875 0.7666666666666667 0.703125 0.775 0.6984375 0.7777777777777778 0.6828125 0.775 0.671875 0.7666666666666667 0.65625 0.7611111111111111 0.6453125 0.75
0 0.0640625 0.7222222222222222 0.0921875 0.7222222222222222 0.09375 0.725 0.096875 0.7222222222222222 0.1140625 0.7222222222222222 0.115625 0.7194444444444444 0.1359375 0.7222222222222222 0.1375 0.7277777777777777 0.1359375 0.7527777777777778 0.128125 0.7611111111111111 0.1140625 0.7611111111111111 0.1125 0.7638888888888888 0.06875 0.7638888888888888 0.0625 0.7611111111111111 0.05 0.7666666666666667 0.0453125 0.7638888888888888 0.04375 0.7666666666666667 0.0265625 0.7666666666666667 0.025 0.7694444444444445 0.0203125 0.7666666666666667 0.0359375 0.7472222222222222 0.0484375 0.7361111111111112 0.0625 0.7305555555555555 0.065625 0.725
0 0.615625 0.7444444444444445 0.625 0.75 0.628125 0.7472222222222222 0.659375 0.7472222222222222 0.665625 0.7527777777777778 0.6828125 0.7527777777777778 0.6921875 0.7583333333333333 0.6953125 0.7638888888888888 0.7 0.7555555555555555 0.71875 0.7527777777777778 0.725 0.7583333333333333 0.7265625 0.75 0.734375 0.75 0.7359375 0.7527777777777778 0.7515625 0.7555555555555555 0.7578125 0.7611111111111111 0.7671875 0.7611111111111111 0.784375 0.7722222222222223 0.80625 0.7777777777777778 0.79375 0.7805555555555556 0.784375 0.7888888888888889 0.75625 0.7888888888888889 0.7484375 0.7833333333333333 0.7 0.7805555555555556 0.6984375 0.7777777777777778 0.6875 0.7777777777777778 0.6859375 0.775 0.671875 0.7777777777777778 0.665625 0.7833333333333333 0.6453125 0.7833333333333333 0.63125 0.775 0.6265625 0.7833333333333333 0.6234375 0.7805555555555556 0.6171875 0.7861111111111111 0.596875 0.7861111111111111 0.5953125 0.7833333333333333 0.5828125 0.7805555555555556 0.58125 0.775 0.578125 0.7805555555555556 0.565625 0.7805555555555556 0.565625 0.7777777777777778 0.575 0.7805555555555556 0.5796875 0.775 0.5640625 0.7583333333333333 0.559375 0.75 0.55625 0.75 0.5796875 0.7472222222222222 0.584375 0.7527777777777778 0.5875 0.7527777777777778 0.5890625 0.75 0.5875 0.7472222222222222 0.6140625 0.7444444444444445
0 0.5203125 0.7527777777777778 0.5375 0.7527777777777778 0.55625 0.7833333333333333 0.55625 0.7888888888888889 0.546875 0.7888888888888889 0.5453125 0.7916666666666666 0.5328125 0.7888888888888889 0.5296875 0.7777777777777778 0.525 0.7722222222222223 0.5203125 0.7555555555555555
0 0.965625 0.7083333333333334 0.9671875 0.7111111111111111 0.9671875 0.7222222222222222 0.95625 0.725 0.9453125 0.7333333333333333 0.89375 0.7277777777777777 0.884375 0.7222222222222222 0.8734375 0.725 0.8734375 0.7194444444444444 0.875 0.7166666666666667 0.953125 0.7166666666666667 0.9640625 0.7111111111111111
0 0.5765625 0.7472222222222222 0.6 0.7666666666666667 0.609375 0.7777777777777778 0.6125 0.7777777777777778 0.6140625 0.7833333333333333 0.5921875 0.7833333333333333 0.5796875 0.7722222222222223 0.5625 0.75 0.5640625 0.7472222222222222 0.575 0.7472222222222222
0 0.6109375 0.7444444444444445 0.6296875 0.7527777777777778 0.634375 0.7583333333333333 0.6375 0.7583333333333333 0.6421875 0.7666666666666667 0.6640625 0.775 0.66875 0.7805555555555556 0.6625 0.7805555555555556 0.6609375 0.7833333333333333 0.6453125 0.7805555555555556 0.63125 0.7722222222222223 0.628125 0.7666666666666667 0.625 0.7666666666666667 0.6203125 0.7611111111111111 0.6125 0.7583333333333333 0.603125 0.7472222222222222 0.609375 0.7444444444444445