0 0.69375 0.7722222222222223 0.7015625 0.7722222222222223 0.70625 0.7777777777777778 0.709375 0.7777777777777778 0.7375 0.8027777777777778 0.740625 0.8027777777777778 0.75 0.8138888888888889 0.75 0.8166666666666667 0.74375 0.8166666666666667 0.69375 0.775
0 0.70625 0.7055555555555556 0.715625 0.7055555555555556 0.725 0.7111111111111111 0.725 0.7138888888888889 0.7140625 0.7138888888888889 0.7078125 0.7083333333333334
0 0.2875 0.7222222222222222 0.2859375 0.7277777777777777 0.278125 0.7333333333333333 0.2734375 0.7333333333333333 0.271875 0.7277777777777777 0.278125 0.7222222222222222 0.2859375 0.7222222222222222
0 0.134375 0.9972222222222222 0.1546875 0.9694444444444444 0.159375 0.9666666666666667 0.165625 0.9555555555555556 0.1703125 0.9527777777777777 0.1765625 0.9416666666666667 0.18125 0.9388888888888889 0.1953125 0.9194444444444444 0.2234375 0.8888888888888888 0.2546875 0.8472222222222222 0.321875 0.7694444444444445 0.3875 0.6861111111111111 0.4046875 0.6694444444444444 0.4078125 0.675 0.4 0.6805555555555556 0.3890625 0.6972222222222222 0.384375 0.7 0.36875 0.725 0.353125 0.7416666666666667 0.3359375 0.7666666666666667 0.3203125 0.7833333333333333 0.3140625 0.7944444444444444 0.30625 0.8 0.271875 0.8472222222222222 0.2609375 0.8583333333333333 0.2546875 0.8694444444444445 0.2390625 0.8861111111111111 0.228125 0.9027777777777778 0.21875 0.9111111111111111 0.2125 0.9222222222222223 0.16875 0.975 0.15625 0.9944444444444445 0.153125 0.9972222222222222 0.1359375 0.9972222222222222
0 0.5125 0.7 0.5171875 0.7 0.521875 0.7111111111111111 0.5171875 0.7138888888888889 0.5125 0.7027777777777777
0 0.1359375 0.6888888888888889 0.1375 0.6888888888888889 0.1359375 0.6916666666666667 0.13125 0.6944444444444444 0.1125 0.6972222222222222 0.1109375 0.7 0.10625 0.6972222222222222 0.109375 0.6916666666666667 0.134375 0.6888888888888889
0 0.8125 0.7638888888888888 0.825 0.7638888888888888 0.8484375 0.7777777777777778 0.846875 0.7833333333333333 0.84375 0.7833333333333333 0.81875 0.7722222222222223 0.8125 0.7666666666666667
0 0.765625 0.7388888888888889 0.778125 0.7388888888888889 0.796875 0.75 0.7953125 0.7555555555555555 0.7890625 0.7555555555555555 0.765625 0.7416666666666667
0 0 0.9194444444444444 0.0078125 0.9166666666666666 0.0578125 0.8805555555555555 0.06875 0.8805555555555555 0.0703125 0.8833333333333333 0.0484375 0.9027777777777778 0.0359375 0.9083333333333333 0.028125 0.9166666666666666 0.025 0.9166666666666666 0.0125 0.9277777777777778 0.0078125 0.9277777777777778 0.003125 0.9333333333333333 0 0.9333333333333333 0 0.9222222222222223
0 0.2203125 0.6805555555555556 0.221875 0.6833333333333333 0.2203125 0.6861111111111111 0.2078125 0.6916666666666667 0.196875 0.6916666666666667 0.1984375 0.6888888888888889 0.21875 0.6805555555555556
0 0.3265625 0.6916666666666667 0.3234375 0.7 0.31875 0.7 0.31875 0.6972222222222222 0.325 0.6916666666666667
0 0.3203125 0.6611111111111111 0.3234375 0.6611111111111111 0.31875 0.6638888888888889 0.3140625 0.6722222222222223 0.2921875 0.6861111111111111 0.2796875 0.6888888888888889 0.2640625 0.7 0.259375 0.7 0.2515625 0.7083333333333334 0.23125 0.7166666666666667 0.2265625 0.7222222222222222 0.2109375 0.7277777777777777 0.1734375 0.75 0.1625 0.7527777777777778 0.146875 0.7638888888888888 0.1359375 0.7666666666666667 0.125 0.775 0.1046875 0.7833333333333333 0.1 0.7888888888888889 0.05 0.8111111111111111 0.0078125 0.8361111111111111 0 0.8388888888888889 0 0.8138888888888889 0.00625 0.8083333333333333 0.025 0.8 0.03125 0.8 0.0484375 0.7888888888888889 0.059375 0.7861111111111111 0.0703125 0.7777777777777778 0.09375 0.7694444444444445 0.1109375 0.7583333333333333 0.1171875 0.7583333333333333 0.1234375 0.7527777777777778 0.1703125 0.7333333333333333 0.18125 0.725 0.2046875 0.7166666666666667 0.2171875 0.7083333333333334 0.2296875 0.7055555555555556 0.2515625 0.6916666666666667 0.259375 0.6916666666666667 0.275 0.6805555555555556 0.2890625 0.6777777777777778 0.3046875 0.6666666666666666 0.31875 0.6638888888888889
0 0.8125 0.7638888888888888 0.825 0.7638888888888888 0.840625 0.775 0.8453125 0.775 0.85 0.7805555555555556 0.8484375 0.7833333333333333 0.840625 0.7833333333333333 0.8125 0.7666666666666667
0 0.1890625 0.7916666666666666 0.1953125 0.7805555555555556 0.215625 0.7694444444444445 0.2203125 0.7694444444444445 0.221875 0.7722222222222223 0.2203125 0.775 0.1984375 0.7916666666666666 0.190625 0.7916666666666666
0 0.04375 0.75 0.0625 0.7388888888888889 0.06875 0.7388888888888889 0.0765625 0.7333333333333333 0.084375 0.7333333333333333 0.1015625 0.725 0.109375 0.725 0.109375 0.7277777777777777 0.1 0.7333333333333333 0.0796875 0.7388888888888889 0.065625 0.7472222222222222 0.0453125 0.75
0 0.68125 0.6888888888888889 0.6953125 0.6888888888888889 0.7015625 0.6944444444444444 0.690625 0.6972222222222222 0.68125 0.6916666666666667
0 0.6078125 0.7027777777777777 0.615625 0.7027777777777777 0.6265625 0.7138888888888889 0.628125 0.7166666666666667 0.6265625 0.7194444444444444 0.609375 0.7055555555555556
0 0.5390625 0.7638888888888888 0.54375 0.7638888888888888 0.55625 0.7861111111111111 0.5625 0.8027777777777778 0.5625 0.8055555555555556 0.5546875 0.8055555555555556 0.5390625 0.7666666666666667
0 0.7328125 0.7222222222222222 0.7390625 0.7194444444444444 0.7546875 0.7277777777777777 0.75625 0.7305555555555555 0.7546875 0.7333333333333333 0.7484375 0.7333333333333333 0.734375 0.725