0 0.0890625 0.7472222222222222 0.084375 0.7527777777777778 0.065625 0.7583333333333333 0.0640625 0.7611111111111111 0.0546875 0.7611111111111111 0.053125 0.7638888888888888 0.0375 0.7638888888888888 0.0453125 0.7583333333333333 0.0671875 0.7527777777777778 0.0734375 0.7472222222222222 0.0875 0.7472222222222222
0 0.5703125 0.8611111111111112 0.5796875 0.8611111111111112 0.5953125 0.8833333333333333 0.603125 0.9 0.6015625 0.9027777777777778 0.5921875 0.9027777777777778 0.5890625 0.9 0.5703125 0.8638888888888889
0 0.4953125 0.7333333333333333 0.5 0.7333333333333333 0.5046875 0.7388888888888889 0.5046875 0.7444444444444445 0.5 0.7444444444444445 0.4953125 0.7361111111111112
0 0.6265625 0.9388888888888889 0.6390625 0.9555555555555556 0.6640625 0.9972222222222222 0.64375 0.9972222222222222 0.615625 0.9444444444444444 0.6171875 0.9388888888888889 0.625 0.9388888888888889
0 0.284375 0.8388888888888889 0.284375 0.8305555555555556 0.296875 0.8055555555555556 0.303125 0.8083333333333333 0.3015625 0.8194444444444444 0.2921875 0.8388888888888889 0.2859375 0.8388888888888889
0 0.3046875 0.6777777777777778 0.2984375 0.6833333333333333 0.2859375 0.6833333333333333 0.284375 0.6805555555555556 0.2890625 0.6777777777777778 0.303125 0.6777777777777778
0 0.05 0.8472222222222222 0.0515625 0.85 0.05 0.8527777777777777 0.0015625 0.8777777777777778 0 0.8777777777777778 0 0.8666666666666667 0.040625 0.8472222222222222 0.0484375 0.8472222222222222
0 0.3 0.7194444444444444 0.303125 0.7222222222222222 0.2953125 0.7305555555555555 0.290625 0.7305555555555555 0.2890625 0.725 0.2984375 0.7222222222222222
0 0.1125 0.7361111111111112 0.1234375 0.7305555555555555 0.134375 0.7305555555555555 0.134375 0.7361111111111112 0.128125 0.7388888888888889 0.1125 0.7388888888888889
0 0.2765625 0.8583333333333333 0.278125 0.8638888888888889 0.275 0.875 0.2640625 0.8972222222222223 0.253125 0.8972222222222223 0.253125 0.8916666666666667 0.2703125 0.8583333333333333 0.275 0.8583333333333333
0 0.325 0.7083333333333334 0.321875 0.7166666666666667 0.3140625 0.7166666666666667 0.3140625 0.7138888888888889 0.31875 0.7083333333333334 0.3234375 0.7083333333333334
0 0.240625 0.75 0.253125 0.7388888888888889 0.2671875 0.7361111111111112 0.26875 0.7333333333333333 0.2734375 0.7333333333333333 0.271875 0.7388888888888889 0.2609375 0.7444444444444445 0.2578125 0.75 0.2515625 0.75 0.25 0.7527777777777778 0.24375 0.7527777777777778 0.2421875 0.75
0 0.31875 0.7555555555555555 0.3234375 0.7444444444444445 0.328125 0.7416666666666667 0.33125 0.7472222222222222 0.328125 0.7555555555555555 0.3203125 0.7583333333333333
0 0.3203125 0.7722222222222223 0.3171875 0.7833333333333333 0.3109375 0.7916666666666666 0.3046875 0.7916666666666666 0.3046875 0.7861111111111111 0.3125 0.7722222222222223 0.315625 0.7694444444444445 0.31875 0.7722222222222223
0 0.48125 0.6916666666666667 0.4828125 0.6972222222222222 0.4765625 0.6972222222222222 0.475 0.6916666666666667 0.4765625 0.6888888888888889 0.4796875 0.6916666666666667
0 0.509375 0.75 0.51875 0.7638888888888888 0.5171875 0.7694444444444445 0.5109375 0.7666666666666667 0.50625 0.7583333333333333 0.5046875 0.7527777777777778 0.5078125 0.75
0 0.18125 0.7805555555555556 0.20625 0.7666666666666667 0.2125 0.7666666666666667 0.2140625 0.7638888888888888 0.2171875 0.7666666666666667 0.1984375 0.7805555555555556 0.18125 0.7833333333333333
0 0.096875 0.825 0.1078125 0.8166666666666667 0.125 0.8111111111111111 0.13125 0.8055555555555556 0.14375 0.8 0.1515625 0.8 0.15 0.8055555555555556 0.140625 0.8111111111111111 0.1359375 0.8111111111111111 0.10625 0.8277777777777777 0.0984375 0.8277777777777777
0 0.521875 0.7805555555555556 0.525 0.7777777777777778 0.5296875 0.7805555555555556 0.5390625 0.7972222222222223 0.5375 0.8027777777777778 0.5328125 0.8027777777777778 0.521875 0.7833333333333333
0 0.3453125 0.7055555555555556 0.346875 0.7083333333333334 0.3453125 0.7166666666666667 0.3390625 0.7194444444444444 0.3390625 0.7111111111111111 0.34375 0.7083333333333334
0 0.615625 0.9388888888888889 0.6265625 0.9388888888888889 0.6296875 0.9416666666666667 0.6640625 0.9972222222222222 0.6421875 0.9972222222222222 0.628125 0.9666666666666667 0.61875 0.9527777777777777 0.615625 0.9416666666666667
0 0.3375 0.7222222222222222 0.3375 0.7305555555555555 0.334375 0.7361111111111112 0.33125 0.7361111111111112 0.3296875 0.7305555555555555 0.33125 0.725 0.3359375 0.7222222222222222
0 0.4890625 0.7194444444444444 0.4953125 0.7194444444444444 0.496875 0.7222222222222222 0.496875 0.7305555555555555 0.490625 0.7277777777777777 0.4890625 0.7222222222222222
0 0.2046875 0.9972222222222222 0.2046875 0.9916666666666667 0.209375 0.9805555555555555 0.225 0.9472222222222222 0.2296875 0.9416666666666667 0.240625 0.9416666666666667 0.2421875 0.9444444444444444 0.240625 0.95 0.2234375 0.9861111111111112 0.2203125 0.9972222222222222 0.20625 0.9972222222222222
0 0.5453125 0.8222222222222222 0.5546875 0.8222222222222222 0.565625 0.8416666666666667 0.565625 0.8472222222222222 0.5578125 0.8472222222222222 0.5453125 0.825