0 0.475 0.6611111111111111 0.484375 0.6611111111111111 0.4859375 0.6638888888888889 0.4859375 0.6694444444444444 0.475 0.6694444444444444 0.475 0.6638888888888889
0 0.45 0.7 0.453125 0.6972222222222222 0.4640625 0.6972222222222222 0.4671875 0.7027777777777777 0.46875 0.7138888888888889 0.46875 0.7222222222222222 0.465625 0.725 0.4515625 0.725 0.4484375 0.7138888888888889 0.45 0.7027777777777777
0 0.3 0.75 0.3109375 0.7333333333333333 0.3328125 0.7138888888888889 0.346875 0.7138888888888889 0.34375 0.7222222222222222 0.334375 0.7333333333333333 0.315625 0.75 0.3015625 0.75
0 0.4875 0.6944444444444444 0.5015625 0.6944444444444444 0.5109375 0.7138888888888889 0.5109375 0.7194444444444444 0.49375 0.7194444444444444 0.4890625 0.7083333333333334 0.4875 0.6972222222222222
0 0.3875 0.7083333333333334 0.3859375 0.7166666666666667 0.371875 0.7388888888888889 0.3546875 0.7388888888888889 0.3546875 0.7361111111111112 0.3703125 0.7111111111111111 0.3859375 0.7083333333333334
0 0.534375 0.6916666666666667 0.5515625 0.7083333333333334 0.553125 0.7138888888888889 0.5484375 0.7166666666666667 0.5390625 0.7166666666666667 0.525 0.7 0.5234375 0.6972222222222222 0.525 0.6916666666666667 0.5328125 0.6916666666666667
0 0.21875 0.9 0.2171875 0.9083333333333333 0.196875 0.9305555555555556 0.178125 0.9611111111111111 0.16875 0.9694444444444444 0.1484375 0.9972222222222222 0.125 0.9972222222222222 0.125 0.9944444444444445 0.165625 0.9444444444444444 0.16875 0.9361111111111111 0.1625 0.9333333333333333 0.1609375 0.9361111111111111 0.1234375 0.9361111111111111 0.121875 0.9388888888888889 0.1140625 0.9388888888888889 0.1125 0.9444444444444444 0.109375 0.9416666666666667 0.10625 0.9527777777777777 0.1078125 0.9555555555555556 0.1109375 0.9527777777777777 0.1125 0.9583333333333334 0.1109375 0.9638888888888889 0.1046875 0.9638888888888889 0.1078125 0.9555555555555556 0.1046875 0.95 0.103125 0.9388888888888889 0.103125 0.9222222222222223 0.1046875 0.9166666666666666 0.109375 0.9138888888888889 0.1328125 0.9138888888888889 0.134375 0.9111111111111111 0.153125 0.9111111111111111 0.1546875 0.9083333333333333 0.171875 0.9083333333333333 0.1734375 0.9055555555555556 0.190625 0.9055555555555556 0.1921875 0.9027777777777778 0.2109375 0.9027777777777778 0.2171875 0.9
0 0.4 0.7305555555555555 0.4078125 0.7083333333333334 0.4140625 0.7027777777777777 0.425 0.7027777777777777 0.4265625 0.7055555555555556 0.421875 0.725 0.4171875 0.7305555555555555 0.40625 0.7305555555555555 0.4046875 0.7333333333333333 0.4015625 0.7305555555555555
0 0.2171875 0.8194444444444444 0.21875 0.8222222222222222 0.225 0.8222222222222222 0.2265625 0.8194444444444444 0.2359375 0.8222222222222222 0.2390625 0.8361111111111111 0.2375 0.8444444444444444 0.234375 0.8472222222222222 0.2046875 0.8472222222222222 0.203125 0.85 0.190625 0.85 0.1890625 0.8527777777777777 0.1734375 0.8527777777777777 0.171875 0.85 0.1734375 0.8444444444444444 0.1875 0.8305555555555556 0.2 0.8222222222222222 0.215625 0.8222222222222222
0 0.48125 0.6583333333333333 0.4875 0.6611111111111111 0.490625 0.6666666666666666 0.4953125 0.6583333333333333 0.5328125 0.6583333333333333 0.534375 0.6611111111111111 0.5375 0.6583333333333333 0.56875 0.6583333333333333 0.5796875 0.6638888888888889 0.5921875 0.6638888888888889 0.59375 0.6611111111111111 0.5953125 0.6638888888888889 0.559375 0.6638888888888889 0.5578125 0.6666666666666666 0.540625 0.6666666666666666 0.5390625 0.6638888888888889 0.534375 0.6694444444444444 0.5203125 0.6666666666666666 0.509375 0.6722222222222223 0.503125 0.6722222222222223 0.49375 0.6666666666666666 0.490625 0.6722222222222223 0.4765625 0.6722222222222223 0.475 0.6694444444444444 0.4515625 0.6722222222222223 0.4453125 0.6666666666666666 0.4484375 0.6611111111111111 0.4734375 0.6611111111111111 0.4796875 0.6583333333333333
0 0.4171875 0.6861111111111111 0.41875 0.6888888888888889 0.428125 0.6888888888888889 0.425 0.6944444444444444 0.4265625 0.6972222222222222 0.434375 0.6972222222222222 0.4359375 0.7 0.440625 0.6972222222222222 0.475 0.6972222222222222 0.484375 0.6916666666666667 0.4859375 0.6944444444444444 0.4953125 0.6944444444444444 0.496875 0.6916666666666667 0.5 0.6944444444444444 0.5046875 0.6916666666666667 0.515625 0.6944444444444444 0.5265625 0.6888888888888889 0.540625 0.6916666666666667 0.5421875 0.6944444444444444 0.5453125 0.6916666666666667 0.5546875 0.6916666666666667 0.55625 0.6888888888888889 0.58125 0.6916666666666667 0.5828125 0.6888888888888889 0.596875 0.6861111111111111 0.6 0.6888888888888889 0.5984375 0.7166666666666667 0.5859375 0.7194444444444444 0.58125 0.7138888888888889 0.578125 0.7194444444444444 0.575 0.7166666666666667 0.5640625 0.7194444444444444 0.559375 0.7138888888888889 0.5484375 0.7222222222222222 0.5359375 0.7166666666666667 0.5265625 0.7166666666666667 0.525 0.7194444444444444 0.5140625 0.7166666666666667 0.5078125 0.725 0.4921875 0.725 0.490625 0.7222222222222222 0.4859375 0.725 0.484375 0.7222222222222222 0.48125 0.7277777777777777 0.45 0.7277777777777777 0.44375 0.7166666666666667 0.4390625 0.725 0.4296875 0.7222222222222222 0.4234375 0.7305555555555555 0.4109375 0.7361111111111112 0.3890625 0.7305555555555555 0.3875 0.7333333333333333 0.38125 0.7333333333333333 0.3734375 0.7416666666666667 0.3515625 0.7416666666666667 0.346875 0.7361111111111112 0.3375 0.7333333333333333 0.3171875 0.7527777777777778 0.2953125 0.7527777777777778 0.29375 0.75 0.2796875 0.7527777777777778 0.278125 0.75 0.2796875 0.7444444444444445 0.2828125 0.7444444444444445 0.2859375 0.75 0.290625 0.7444444444444445 0.3 0.7444444444444445 0.30625 0.7361111111111112 0.3078125 0.7277777777777777 0.30625 0.725 0.296875 0.7277777777777777 0.290625 0.7388888888888889 0.2890625 0.7361111111111112 0.2921875 0.7333333333333333 0.2921875 0.7277777777777777 0.296875 0.7222222222222222 0.309375 0.7194444444444444 0.3125 0.7138888888888889 0.328125 0.7166666666666667 0.33125 0.7111111111111111 0.3375 0.7111111111111111 0.3390625 0.7055555555555556 0.3421875 0.7055555555555556 0.3453125 0.7111111111111111 0.3609375 0.7111111111111111 0.3625 0.7083333333333334 0.3765625 0.7083333333333334 0.378125 0.7055555555555556 0.4015625 0.7055555555555556 0.403125 0.7027777777777777 0.409375 0.7027777777777777 0.4140625 0.6972222222222222 0.4234375 0.6972222222222222 0.425 0.6944444444444444 0.4234375 0.6916666666666667 0.4140625 0.6916666666666667 0.415625 0.6888888888888889
0 0.4953125 0.6583333333333333 0.5328125 0.6583333333333333 0.534375 0.6611111111111111 0.5375 0.6583333333333333 0.571875 0.6583333333333333 0.5734375 0.6611111111111111 0.5796875 0.6611111111111111 0.5796875 0.6638888888888889 0.559375 0.6638888888888889 0.5578125 0.6666666666666666 0.540625 0.6666666666666666 0.5390625 0.6638888888888889 0.53125 0.6694444444444444 0.528125 0.6666666666666666 0.4984375 0.6694444444444444 0.4953125 0.6666666666666666 0.4953125 0.6611111111111111
0 0.5046875 0.6583333333333333 0.5109375 0.6666666666666666 0.509375 0.6694444444444444 0.5 0.6694444444444444 0.496875 0.6611111111111111 0.503125 0.6583333333333333
0 0.5578125 0.6916666666666667 0.5734375 0.6916666666666667 0.5875 0.7055555555555556 0.59375 0.7083333333333334 0.59375 0.7111111111111111 0.5765625 0.7111111111111111 0.5578125 0.6944444444444444