0 0.4171875 0.7722222222222223 0.4171875 0.7777777777777778 0.4078125 0.7944444444444444 0.3984375 0.8027777777777778 0.3890625 0.8166666666666667 0.3859375 0.8111111111111111 0.3953125 0.7944444444444444 0.403125 0.7888888888888889 0.409375 0.7777777777777778 0.415625 0.775
0 0.521875 0.7222222222222222 0.5296875 0.725 0.5421875 0.7416666666666667 0.5421875 0.7444444444444445 0.5328125 0.7416666666666667 0.521875 0.7277777777777777 0.521875 0.725
0 0.2828125 0.7777777777777778 0.284375 0.7777777777777778 0.28125 0.7833333333333333 0.2671875 0.7944444444444444 0.2625 0.7944444444444444 0.2546875 0.8027777777777778 0.2421875 0.8055555555555556 0.2328125 0.8138888888888889 0.2203125 0.8166666666666667 0.2125 0.825 0.2 0.8277777777777777 0.19375 0.8333333333333334 0.1875 0.8305555555555556 0.196875 0.8222222222222222 0.2125 0.8166666666666667 0.215625 0.8111111111111111 0.2359375 0.8055555555555556 0.2390625 0.8 0.24375 0.8 0.265625 0.7861111111111111 0.28125 0.7805555555555556
0 0.015625 0.9222222222222223 0.0171875 0.9138888888888889 0.0375 0.9083333333333333 0.0390625 0.9055555555555556 0.040625 0.9055555555555556 0.040625 0.9111111111111111 0.0375 0.9166666666666666 0.0171875 0.9222222222222223
0 0.6390625 0.8555555555555555 0.665625 0.8805555555555555 0.684375 0.9055555555555556 0.690625 0.9083333333333333 0.7 0.9222222222222223 0.715625 0.9361111111111111 0.7296875 0.9555555555555556 0.74375 0.9694444444444444 0.734375 0.9694444444444444 0.7328125 0.9722222222222222 0.71875 0.9694444444444444 0.7125 0.9555555555555556 0.7078125 0.9527777777777777 0.7015625 0.9416666666666667 0.6921875 0.9333333333333333 0.6828125 0.9194444444444444 0.6796875 0.9194444444444444 0.675 0.9138888888888889 0.66875 0.9027777777777778 0.65 0.8833333333333333 0.64375 0.8722222222222222 0.640625 0.8722222222222222 0.634375 0.8611111111111112 0.6375 0.8555555555555555
0 0.06875 0.7888888888888889 0.075 0.7916666666666666 0.0765625 0.7972222222222223 0.065625 0.7972222222222223 0.0578125 0.8027777777777778 0.04375 0.8027777777777778 0.0359375 0.8083333333333333 0.0171875 0.8111111111111111 0.0125 0.8222222222222222 0.0109375 0.8055555555555556 0.015625 0.8 0.0671875 0.7888888888888889
0 0.4578125 0.7194444444444444 0.4421875 0.7444444444444445 0.434375 0.7527777777777778 0.4328125 0.7527777777777778 0.434375 0.7416666666666667 0.440625 0.7361111111111112 0.446875 0.725 0.45625 0.7194444444444444
0 0.1859375 0.7916666666666666 0.1875 0.7944444444444444 0.1859375 0.7972222222222223 0.1796875 0.8 0.15625 0.8027777777777778 0.1484375 0.8083333333333333 0.1265625 0.8083333333333333 0.125 0.8111111111111111 0.1125 0.8111111111111111 0.1125 0.8083333333333333 0.1171875 0.8027777777777778 0.125 0.8027777777777778 0.1328125 0.7972222222222223 0.184375 0.7916666666666666
0 0.553125 0.7583333333333333 0.5796875 0.7833333333333333 0.5796875 0.7888888888888889 0.5734375 0.7916666666666666 0.5625 0.775 0.5578125 0.7722222222222223 0.553125 0.7611111111111111
0 0.3390625 0.7527777777777778 0.3359375 0.7583333333333333 0.328125 0.7583333333333333 0.325 0.7638888888888888 0.315625 0.7666666666666667 0.3109375 0.7722222222222223 0.2890625 0.7777777777777778 0.28125 0.7861111111111111 0.2640625 0.7944444444444444 0.25 0.8055555555555556 0.2421875 0.8055555555555556 0.2328125 0.8138888888888889 0.221875 0.8166666666666667 0.2125 0.825 0.2 0.8277777777777777 0.19375 0.8333333333333334 0.1875 0.8305555555555556 0.196875 0.8222222222222222 0.2125 0.8166666666666667 0.215625 0.8111111111111111 0.2296875 0.8083333333333333 0.2375 0.8 0.2546875 0.7944444444444444 0.26875 0.7833333333333333 0.278125 0.7805555555555556 0.2859375 0.7722222222222223 0.296875 0.7722222222222223 0.303125 0.7694444444444445 0.30625 0.7638888888888888 0.3234375 0.7583333333333333 0.3265625 0.7527777777777778 0.3375 0.7527777777777778
0 0.3296875 0.8861111111111111 0.334375 0.8833333333333333 0.3390625 0.8861111111111111 0.3328125 0.9 0.325 0.9083333333333333 0.321875 0.9166666666666666 0.3109375 0.9277777777777778 0.30625 0.9388888888888889 0.3015625 0.9416666666666667 0.296875 0.9527777777777777 0.2828125 0.9722222222222222 0.271875 0.9833333333333333 0.26875 0.9916666666666667 0.2640625 0.9972222222222222 0.24375 0.9972222222222222 0.2484375 0.9888888888888889 0.2625 0.975 0.265625 0.9666666666666667 0.275 0.9583333333333334 0.2765625 0.9527777777777777 0.2828125 0.9472222222222222 0.2890625 0.9361111111111111 0.2984375 0.9277777777777778 0.315625 0.9027777777777778 0.3296875 0.8888888888888888