0 0.42109375 0.7527777777777778 0.03125 0.044444444444444446
0 0.3609375 0.8333333333333334 0.3625 0.8361111111111111 0.353125 0.8527777777777777 0.35 0.8527777777777777 0.3234375 0.8916666666666667 0.3140625 0.9 0.30625 0.9138888888888889 0.2984375 0.9194444444444444 0.2875 0.9388888888888889 0.284375 0.9388888888888889 0.278125 0.95 0.2546875 0.9777777777777777 0.253125 0.975 0.234375 0.975 0.2359375 0.9694444444444444 0.24375 0.9638888888888889 0.2546875 0.9472222222222222 0.2578125 0.9472222222222222 0.275 0.9222222222222223 0.2921875 0.9055555555555556 0.309375 0.8805555555555555 0.3125 0.8805555555555555 0.3265625 0.8611111111111112 0.3296875 0.8611111111111112 0.3453125 0.8388888888888889 0.359375 0.8333333333333334
0 0.6375 0.8722222222222222 0.6421875 0.8722222222222222 0.6453125 0.8777777777777778 0.6484375 0.8777777777777778 0.6546875 0.8861111111111111 0.6609375 0.8888888888888888 0.66875 0.9 0.6734375 0.9027777777777778 0.675 0.9083333333333333 0.690625 0.9222222222222223 0.7125 0.9527777777777777 0.725 0.9638888888888889 0.734375 0.9777777777777777 0.753125 0.9972222222222222 0.7328125 0.9972222222222222 0.7015625 0.9555555555555556 0.6890625 0.9444444444444444 0.6828125 0.9333333333333333 0.6734375 0.925 0.665625 0.9111111111111111 0.6546875 0.9 0.6375 0.875
0 0.6375 0.8722222222222222 0.6421875 0.8722222222222222 0.6453125 0.8777777777777778 0.6484375 0.8777777777777778 0.6546875 0.8861111111111111 0.6609375 0.8888888888888888 0.6765625 0.9111111111111111 0.6796875 0.9111111111111111 0.690625 0.9222222222222223 0.7125 0.9527777777777777 0.725 0.9638888888888889 0.7359375 0.9805555555555555 0.753125 0.9972222222222222 0.734375 0.9972222222222222 0.696875 0.95 0.684375 0.9388888888888889 0.6828125 0.9333333333333333 0.6703125 0.9194444444444444 0.66875 0.9138888888888889 0.653125 0.8972222222222223 0.6375 0.875
0 0.31875 0.7277777777777777 0.3203125 0.7305555555555555 0.328125 0.7305555555555555 0.328125 0.7333333333333333 0.31875 0.7388888888888889 0.315625 0.7361111111111112 0.296875 0.7472222222222222 0.290625 0.7472222222222222 0.2890625 0.75 0.2859375 0.7472222222222222 0.2796875 0.7527777777777778 0.271875 0.7527777777777778 0.2578125 0.7611111111111111 0.2546875 0.7583333333333333 0.2296875 0.7694444444444445 0.21875 0.7666666666666667 0.228125 0.7583333333333333 0.2328125 0.7611111111111111 0.2546875 0.75 0.259375 0.7527777777777778 0.2875 0.7388888888888889 0.2921875 0.7416666666666667 0.2984375 0.7361111111111112 0.3171875 0.7305555555555555
0 0.065625 0.8194444444444444 0.0640625 0.825 0.05625 0.8305555555555556 0.05 0.8305555555555556 0.0484375 0.8333333333333334 0.0453125 0.8305555555555556 0.03125 0.8388888888888889 0.0125 0.8416666666666667 0.0046875 0.8472222222222222 0 0.8472222222222222 0 0.8388888888888889 0.009375 0.8361111111111111 0.015625 0.8305555555555556 0.021875 0.8333333333333334 0.0421875 0.8222222222222222 0.0640625 0.8194444444444444
0 0.453125 0.7138888888888889 0.446875 0.7277777777777777 0.4421875 0.7277777777777777 0.44375 0.7194444444444444 0.4515625 0.7138888888888889
0 0.5234375 0.7472222222222222 0.55 0.7555555555555555 0.5609375 0.7722222222222223 0.565625 0.775 0.5671875 0.7833333333333333 0.5609375 0.7833333333333333 0.5484375 0.7666666666666667 0.5375 0.7583333333333333 0.528125 0.7555555555555555 0.525 0.75
0 0.253125 0.7222222222222222 0.246875 0.7277777777777777 0.2296875 0.7277777777777777 0.2265625 0.725 0.203125 0.7361111111111112 0.1828125 0.7361111111111112 0.171875 0.7416666666666667 0.1625 0.7388888888888889 0.1609375 0.7416666666666667 0.1421875 0.7444444444444445 0.140625 0.7472222222222222 0.1296875 0.7444444444444445 0.1171875 0.75 0.109375 0.75 0.1078125 0.7472222222222222 0.10625 0.75 0.096875 0.75 0.084375 0.7555555555555555 0.078125 0.7527777777777778 0.0765625 0.7555555555555555 0.0546875 0.7583333333333333 0.053125 0.7611111111111111 0.046875 0.7583333333333333 0.0453125 0.7611111111111111 0.025 0.7611111111111111 0.0234375 0.7638888888888888 0.01875 0.7611111111111111 0.0109375 0.7638888888888888 0.009375 0.7583333333333333 0.0140625 0.7527777777777778 0.0203125 0.7555555555555555 0.0359375 0.7555555555555555 0.0484375 0.75 0.05 0.7527777777777778 0.05625 0.7527777777777778 0.0578125 0.75 0.0671875 0.75 0.0765625 0.7444444444444445 0.084375 0.7472222222222222 0.0859375 0.7444444444444445 0.0984375 0.7444444444444445 0.109375 0.7388888888888889 0.1109375 0.7416666666666667 0.11875 0.7416666666666667 0.1296875 0.7361111111111112 0.1390625 0.7361111111111112 0.140625 0.7388888888888889 0.1421875 0.7361111111111112 0.15625 0.7361111111111112 0.165625 0.7305555555555555 0.175 0.7333333333333333 0.1859375 0.725 0.203125 0.7277777777777777 0.2140625 0.7222222222222222 0.228125 0.7222222222222222 0.2296875 0.725 0.234375 0.7222222222222222 0.2515625 0.7222222222222222
0 0.5453125 0.7555555555555555 0.55 0.7555555555555555 0.5671875 0.7805555555555556 0.5671875 0.7833333333333333 0.559375 0.7805555555555556 0.5546875 0.7722222222222223 0.55 0.7694444444444445 0.5453125 0.7583333333333333
0 0.1984375 0.7222222222222222 0.2046875 0.725 0.20625 0.7222222222222222 0.25625 0.7194444444444444 0.25625 0.725 0.2515625 0.7277777777777777 0.221875 0.7277777777777777 0.2046875 0.7361111111111112 0.18125 0.7361111111111112 0.1703125 0.7416666666666667 0.1625 0.7388888888888889 0.1609375 0.7416666666666667 0.1421875 0.7444444444444445 0.140625 0.7472222222222222 0.1296875 0.7444444444444445 0.128125 0.7472222222222222 0.1171875 0.7472222222222222 0.115625 0.75 0.096875 0.75 0.0953125 0.7527777777777778 0.084375 0.7527777777777778 0.0828125 0.7555555555555555 0.05625 0.7583333333333333 0.0546875 0.7611111111111111 0.0484375 0.7583333333333333 0.046875 0.7611111111111111 0.025 0.7611111111111111 0.0234375 0.7638888888888888 0.0109375 0.7611111111111111 0.0109375 0.7555555555555555 0.0140625 0.7527777777777778 0.0203125 0.7555555555555555 0.0328125 0.7555555555555555 0.0453125 0.75 0.0546875 0.7527777777777778 0.05625 0.75 0.065625 0.75 0.0765625 0.7444444444444445 0.0828125 0.7472222222222222 0.084375 0.7444444444444445 0.0953125 0.7444444444444445 0.1078125 0.7388888888888889 0.1171875 0.7416666666666667 0.1359375 0.7333333333333333 0.1515625 0.7361111111111112 0.1640625 0.7305555555555555 0.1765625 0.7305555555555555 0.1828125 0.7277777777777777 0.1859375 0.7222222222222222 0.196875 0.7222222222222222