0 0.83125 0.775 0.85 0.7777777777777778 0.8734375 0.7916666666666666 0.878125 0.7916666666666666 0.8796875 0.7944444444444444 0.878125 0.7972222222222223 0.865625 0.7972222222222223 0.846875 0.7888888888888889 0.8328125 0.7777777777777778
0 0.7015625 0.7805555555555556 0.715625 0.7861111111111111 0.7765625 0.8333333333333334 0.775 0.8361111111111111 0.76875 0.8361111111111111 0.7546875 0.8277777777777777 0.74375 0.8166666666666667 0.721875 0.8027777777777778 0.7015625 0.7833333333333333
0 0.515625 0.7055555555555556 0.51875 0.7055555555555556 0.525 0.7194444444444444 0.525 0.7222222222222222 0.51875 0.7194444444444444 0.515625 0.7083333333333334
0 0.7859375 0.7527777777777778 0.803125 0.7555555555555555 0.821875 0.7666666666666667 0.8203125 0.7694444444444445 0.809375 0.7694444444444445 0.7859375 0.7555555555555555
0 0.0953125 0.7083333333333334 0.096875 0.7027777777777777 0.121875 0.7 0.1234375 0.6972222222222222 0.1375 0.6972222222222222 0.1375 0.7 0.1265625 0.7055555555555556 0.1046875 0.7083333333333334 0.103125 0.7111111111111111 0.096875 0.7083333333333334
0 0.4375 0.6444444444444445 0.4390625 0.6444444444444445 0.434375 0.6527777777777778 0.43125 0.6555555555555556 0.428125 0.6527777777777778 0.4265625 0.6611111111111111 0.4125 0.6694444444444444 0.403125 0.6861111111111111 0.3703125 0.7277777777777777 0.3625 0.7416666666666667 0.3578125 0.7444444444444445 0.3390625 0.7722222222222223 0.2890625 0.8333333333333334 0.2703125 0.8611111111111112 0.2609375 0.8722222222222222 0.2546875 0.8722222222222222 0.2546875 0.8666666666666667 0.2859375 0.8222222222222222 0.3375 0.7611111111111111 0.378125 0.7055555555555556 0.4046875 0.675 0.4171875 0.6527777777777778 0.4359375 0.6472222222222223
0 0.5015625 0.675 0.50625 0.6777777777777778 0.50625 0.6833333333333333 0.503125 0.6833333333333333 0.5015625 0.6777777777777778
0 0.2890625 0.6638888888888889 0.2859375 0.6694444444444444 0.2734375 0.6722222222222223 0.271875 0.675 0.265625 0.675 0.265625 0.6694444444444444 0.2875 0.6638888888888889
0 0.8984375 0.8083333333333333 0.9125 0.8111111111111111 0.9515625 0.8305555555555556 0.9515625 0.8333333333333334 0.9390625 0.8333333333333334 0.9203125 0.8222222222222222 0.9140625 0.8222222222222222 0.8984375 0.8111111111111111
0 0.896875 0.8083333333333333 0.9140625 0.8111111111111111 0.953125 0.8305555555555556 0.953125 0.8333333333333334 0.9375 0.8333333333333334 0.91875 0.8222222222222222 0.9078125 0.8194444444444444 0.896875 0.8111111111111111
0 0.834375 0.7777777777777778 0.8484375 0.7777777777777778 0.8796875 0.7944444444444444 0.878125 0.7972222222222223 0.8671875 0.7972222222222223 0.834375 0.7805555555555556
0 0.425 0.65 0.4234375 0.6583333333333333 0.4203125 0.6583333333333333 0.4125 0.6666666666666666 0.4109375 0.6722222222222223 0.40625 0.675 0.3984375 0.6888888888888889 0.3859375 0.7027777777777777 0.35 0.7555555555555555 0.3453125 0.7583333333333333 0.3375 0.7722222222222223 0.33125 0.775 0.3234375 0.7888888888888889 0.315625 0.7888888888888889 0.3140625 0.7916666666666666 0.315625 0.7972222222222223 0.3109375 0.8027777777777778 0.30625 0.8027777777777778 0.3234375 0.7805555555555556 0.328125 0.7805555555555556 0.3296875 0.7777777777777778 0.328125 0.775 0.3375 0.7611111111111111 0.3578125 0.7388888888888889 0.365625 0.725 0.371875 0.7194444444444444 0.3796875 0.7055555555555556 0.390625 0.6944444444444444 0.3953125 0.6861111111111111 0.4046875 0.6777777777777778 0.4171875 0.6555555555555556 0.4234375 0.6527777777777778
0 0.3140625 0.7111111111111111 0.315625 0.7166666666666667 0.309375 0.7222222222222222 0.303125 0.7222222222222222 0.303125 0.7194444444444444 0.30625 0.7138888888888889 0.3125 0.7111111111111111
0 0 0.8305555555555556 0.0171875 0.8194444444444444 0.034375 0.8138888888888889 0.0546875 0.8 0.090625 0.7861111111111111 0.1109375 0.7722222222222223 0.134375 0.7638888888888888 0.15 0.7527777777777778 0.15625 0.7527777777777778 0.1625 0.7472222222222222 0.1671875 0.7472222222222222 0.1734375 0.7416666666666667 0.2109375 0.725 0.2171875 0.7194444444444444 0.2453125 0.7083333333333334 0.265625 0.6944444444444444 0.2796875 0.6916666666666667 0.2953125 0.6805555555555556 0.30625 0.6777777777777778 0.328125 0.6638888888888889 0.359375 0.6527777777777778 0.359375 0.6611111111111111 0.34375 0.6638888888888889 0.3171875 0.6833333333333333 0.3046875 0.6861111111111111 0.3 0.6916666666666667 0.290625 0.6944444444444444 0.2859375 0.7 0.28125 0.7 0.275 0.7055555555555556 0.2546875 0.7111111111111111 0.23125 0.7277777777777777 0.21875 0.7305555555555555 0.209375 0.7388888888888889 0.1953125 0.7444444444444445 0.1765625 0.7611111111111111 0.159375 0.7638888888888888 0.134375 0.7805555555555556 0.1234375 0.7833333333333333 0.11875 0.7916666666666666 0.1046875 0.8 0.0984375 0.8027777777777778 0.0859375 0.8027777777777778 0.084375 0.8 0.0796875 0.8027777777777778 0.075 0.8 0.071875 0.8055555555555556 0.0609375 0.8083333333333333 0.0578125 0.8138888888888889 0.0609375 0.8194444444444444 0.0578125 0.825 0.0484375 0.8305555555555556 0.0328125 0.8333333333333334 0.0328125 0.8305555555555556 0.0390625 0.8277777777777777 0.040625 0.825 0.0390625 0.8222222222222222 0.0203125 0.8277777777777777 0.0109375 0.8388888888888889 0.0125 0.8416666666666667 0.0203125 0.8416666666666667 0.021875 0.8388888888888889 0.0234375 0.8416666666666667 0.021875 0.8444444444444444 0.00625 0.8472222222222222 0.0046875 0.85 0.003125 0.8444444444444444 0.00625 0.8416666666666667 0.003125 0.8361111111111111 0 0.8361111111111111 0 0.8333333333333334
0 0.2140625 0.6611111111111111 0.21875 0.6694444444444444 0.215625 0.675 0.1875 0.6777777777777778 0.1859375 0.6805555555555556 0.1765625 0.6805555555555556 0.175 0.6777777777777778 0.1734375 0.6805555555555556 0.1625 0.6805555555555556 0.146875 0.6888888888888889 0.134375 0.6888888888888889 0.1296875 0.6944444444444444 0.128125 0.6916666666666667 0.121875 0.6916666666666667 0.1171875 0.6972222222222222 0.1078125 0.6944444444444444 0.1 0.7027777777777777 0.08125 0.7027777777777777 0.0796875 0.7055555555555556 0.0703125 0.7055555555555556 0.0640625 0.7111111111111111 0.05 0.7111111111111111 0.0484375 0.7138888888888889 0.0296875 0.7166666666666667 0.028125 0.7194444444444444 0.009375 0.7222222222222222 0.0078125 0.725 0 0.725 0 0.7138888888888889 0.025 0.7111111111111111 0.0265625 0.7083333333333334 0.0359375 0.7083333333333334 0.04375 0.7027777777777777 0.05 0.7027777777777777 0.05625 0.6944444444444444 0.053125 0.6888888888888889 0.05625 0.6833333333333333 0.059375 0.6861111111111111 0.0609375 0.6972222222222222 0.065625 0.6944444444444444 0.0875 0.6944444444444444 0.0890625 0.6916666666666667 0.1 0.6916666666666667 0.1015625 0.6888888888888889 0.109375 0.6944444444444444 0.121875 0.6777777777777778 0.1390625 0.6805555555555556 0.1515625 0.675 0.1546875 0.6694444444444444 0.2125 0.6611111111111111
0 0.190625 0.7027777777777777 0.1921875 0.6972222222222222 0.2109375 0.6888888888888889 0.221875 0.6888888888888889 0.221875 0.6916666666666667 0.20625 0.7 0.1921875 0.7027777777777777
0 0.05 0.7527777777777778 0.06875 0.7444444444444445 0.075 0.7444444444444445 0.0828125 0.7388888888888889 0.1046875 0.7333333333333333 0.10625 0.7305555555555555 0.1171875 0.7305555555555555 0.1171875 0.7333333333333333 0.1125 0.7361111111111112 0.0859375 0.7444444444444445 0.078125 0.75 0.071875 0.75 0.0546875 0.7583333333333333 0.05 0.7583333333333333 0.05 0.7555555555555555
0 0.5609375 0.8055555555555556 0.028125 0.05
0 0.271875 0.7472222222222222 0.2734375 0.75 0.271875 0.7527777777777778 0.2609375 0.7611111111111111 0.2546875 0.7611111111111111 0.25625 0.7527777777777778 0.2671875 0.7444444444444445 0.2703125 0.7472222222222222
0 0.0984375 0.875 0.1 0.8694444444444445 0.1484375 0.8305555555555556 0.15625 0.8305555555555556 0.1578125 0.8333333333333334 0.1546875 0.8388888888888889 0.1125 0.8722222222222222 0.1 0.875
0 0.7546875 0.7388888888888889 0.7609375 0.7361111111111112 0.7765625 0.7444444444444445 0.7765625 0.7472222222222222 0.765625 0.7472222222222222 0.75625 0.7416666666666667