0 0.896875 0.8027777777777778 0.9078125 0.8 0.94375 0.8166666666666667 0.9765625 0.825 0.996875 0.8361111111111111 0.9984375 0.8388888888888889 0.9984375 0.8527777777777777 0.9921875 0.8527777777777777 0.9734375 0.8416666666666667 0.9671875 0.8416666666666667 0.95625 0.8333333333333334 0.9296875 0.825 0.8984375 0.8055555555555556
0 0.8984375 0.7055555555555556 0.9375 0.7083333333333334 0.9390625 0.7111111111111111 0.978125 0.7194444444444444 0.9828125 0.725 0.98125 0.7277777777777777 0.9515625 0.7277777777777777 0.95 0.725 0.9390625 0.725 0.9375 0.7222222222222222 0.9125 0.7166666666666667 0.8984375 0.7083333333333334
0 0.34375 0.8944444444444445 0.34375 0.8888888888888888 0.35 0.8777777777777778 0.3734375 0.8527777777777777 0.396875 0.8222222222222222 0.415625 0.8111111111111111 0.43125 0.7972222222222223 0.4328125 0.8 0.428125 0.8083333333333333 0.4140625 0.8222222222222222 0.4 0.8444444444444444 0.3796875 0.8666666666666667 0.371875 0.8805555555555555 0.3546875 0.8972222222222223 0.346875 0.8972222222222223 0.3453125 0.8944444444444445
0 0.4171875 0.8138888888888889 0.4015625 0.8416666666666667 0.396875 0.8444444444444444 0.38125 0.8638888888888889 0.3734375 0.8777777777777778 0.3546875 0.8972222222222223 0.34375 0.8944444444444445 0.34375 0.8888888888888888 0.3484375 0.8805555555555555 0.3953125 0.825 0.4046875 0.8166666666666667 0.415625 0.8138888888888889
0 0.2953125 0.7777777777777778 0.296875 0.7777777777777778 0.2953125 0.7805555555555556 0.2640625 0.7944444444444444 0.259375 0.8 0.2375 0.8083333333333333 0.2328125 0.8138888888888889 0.1953125 0.8277777777777777 0.1734375 0.8416666666666667 0.1609375 0.8444444444444444 0.1546875 0.85 0.125 0.8611111111111112 0.1078125 0.8722222222222222 0.071875 0.8861111111111111 0.065625 0.8916666666666667 0.0421875 0.9 0.0359375 0.9055555555555556 0.0296875 0.9055555555555556 0 0.9222222222222223 0 0.9083333333333333 0.003125 0.9055555555555556 0.021875 0.8972222222222223 0.028125 0.8972222222222223 0.040625 0.8888888888888888 0.046875 0.8888888888888888 0.071875 0.875 0.0765625 0.875 0.0828125 0.8694444444444445 0.1 0.8638888888888889 0.10625 0.8583333333333333 0.15625 0.8388888888888889 0.1734375 0.8277777777777777 0.228125 0.8055555555555556 0.24375 0.7944444444444444 0.2625 0.7861111111111111 0.278125 0.7861111111111111 0.29375 0.7777777777777778
0 0 0.9055555555555556 0.0203125 0.9 0.0640625 0.8805555555555555 0.08125 0.8694444444444445 0.0984375 0.8638888888888889 0.1046875 0.8583333333333333 0.13125 0.85 0.1375 0.8444444444444444 0.1609375 0.8361111111111111 0.171875 0.8277777777777777 0.2265625 0.8055555555555556 0.2421875 0.7944444444444444 0.25625 0.7888888888888889 0.2609375 0.7833333333333333 0.26875 0.7833333333333333 0.275 0.7777777777777778 0.3 0.775 0.3 0.7777777777777778 0.29375 0.7833333333333333 0.278125 0.7888888888888889 0.2515625 0.8055555555555556 0.246875 0.8055555555555556 0.234375 0.8166666666666667 0.2234375 0.8166666666666667 0.221875 0.8194444444444444 0.215625 0.8194444444444444 0.196875 0.8277777777777777 0.16875 0.8444444444444444 0.1625 0.8444444444444444 0.15 0.8527777777777777 0.1203125 0.8638888888888889 0.109375 0.8722222222222222 0.025 0.9083333333333333 0.0015625 0.9222222222222223 0 0.9222222222222223 0 0.9083333333333333
0 0.7609375 0.675 0.7625 0.6777777777777778 0.778125 0.6805555555555556 0.78125 0.6833333333333333 0.778125 0.6888888888888889 0.7453125 0.6861111111111111 0.740625 0.6805555555555556 0.7421875 0.675 0.759375 0.675
0 0.6484375 0.8 0.7 0.8527777777777777 0.70625 0.8666666666666667 0.703125 0.8722222222222222 0.6921875 0.8666666666666667 0.671875 0.8472222222222222 0.64375 0.8055555555555556 0.646875 0.8
0 0.646875 0.8 0.6640625 0.8138888888888889 0.7015625 0.8555555555555555 0.7046875 0.8611111111111112 0.7046875 0.8694444444444445 0.7 0.8722222222222222 0.6765625 0.8527777777777777 0.6484375 0.8138888888888889 0.6453125 0.8083333333333333 0.64375 0.8027777777777778 0.6453125 0.8027777777777778
0 0.696875 0.6805555555555556 0.6984375 0.6777777777777778 0.721875 0.6777777777777778 0.7234375 0.6805555555555556 0.734375 0.6805555555555556 0.7375 0.6833333333333333 0.7359375 0.6888888888888889 0.6984375 0.6833333333333333
0 0.875 0.6638888888888889 0.9328125 0.6611111111111111 0.934375 0.6638888888888889 0.9546875 0.6638888888888889 0.9609375 0.6666666666666666 0.95625 0.6694444444444444 0.8765625 0.6694444444444444 0.875 0.6666666666666666