0 0.165625 0.8333333333333334 0.1671875 0.8361111111111111 0.1625 0.8416666666666667 0.115625 0.8416666666666667 0.1140625 0.8444444444444444 0.04375 0.8444444444444444 0.053125 0.8388888888888889 0.1640625 0.8333333333333334
0 0.403125 0.7055555555555556 0.4078125 0.7027777777777777 0.415625 0.7111111111111111 0.4140625 0.7166666666666667 0.4046875 0.7166666666666667 0.403125 0.7083333333333334
0 0.6046875 0.7555555555555555 0.63125 0.7694444444444445 0.640625 0.7694444444444445 0.6625 0.7805555555555556 0.68125 0.7833333333333333 0.703125 0.7972222222222223 0.7171875 0.8 0.721875 0.8055555555555556 0.7375 0.8055555555555556 0.746875 0.8138888888888889 0.7515625 0.8138888888888889 0.7578125 0.825 0.765625 0.825 0.796875 0.8388888888888889 0.809375 0.8388888888888889 0.821875 0.8472222222222222 0.8375 0.85 0.846875 0.8583333333333333 0.8546875 0.8611111111111112 0.8546875 0.8666666666666667 0.859375 0.8777777777777778 0.8734375 0.8777777777777778 0.8765625 0.875 0.8796875 0.8805555555555555 0.890625 0.8833333333333333 0.896875 0.8888888888888888 0.9 0.8861111111111111 0.9265625 0.9055555555555556 0.9328125 0.9055555555555556 0.946875 0.9138888888888889 0.9640625 0.9138888888888889 0.9671875 0.9194444444444444 0.9828125 0.9277777777777778 0.990625 0.9277777777777778 0.9984375 0.9361111111111111 0.9984375 0.9472222222222222 0.990625 0.9472222222222222 0.9703125 0.9361111111111111 0.9640625 0.9361111111111111 0.934375 0.9194444444444444 0.928125 0.9194444444444444 0.915625 0.9111111111111111 0.909375 0.9111111111111111 0.8828125 0.8944444444444445 0.8703125 0.8888888888888888 0.8625 0.8888888888888888 0.8484375 0.8777777777777778 0.834375 0.875 0.8140625 0.8611111111111112 0.80625 0.8611111111111112 0.79375 0.8527777777777777 0.7859375 0.8527777777777777 0.76875 0.8416666666666667 0.75625 0.8388888888888889 0.7234375 0.8194444444444444 0.7015625 0.8111111111111111 0.6875 0.8027777777777778 0.684375 0.7972222222222223 0.6609375 0.7916666666666666 0.65625 0.7861111111111111 0.65 0.7861111111111111 0.6375 0.7777777777777778 0.6296875 0.7777777777777778 0.625 0.7722222222222223 0.6203125 0.7722222222222223 0.615625 0.7666666666666667 0.6078125 0.7638888888888888 0.6046875 0.7583333333333333
0 0.3140625 0.7083333333333334 0.3203125 0.7 0.334375 0.7 0.3359375 0.7027777777777777 0.334375 0.7138888888888889 0.3234375 0.7166666666666667 0.315625 0.7111111111111111
0 0.1125 0.8722222222222222 0.1140625 0.8777777777777778 0.109375 0.8805555555555555 0.06875 0.8833333333333333 0.0671875 0.8861111111111111 0.025 0.8861111111111111 0.025 0.8805555555555555 0.028125 0.8777777777777778 0.0625 0.8777777777777778 0.0640625 0.875 0.1109375 0.8722222222222222
0 0.3703125 0.7138888888888889 0.3765625 0.7027777777777777 0.384375 0.7027777777777777 0.3859375 0.7055555555555556 0.384375 0.7166666666666667 0.371875 0.7166666666666667
0 0 0.9388888888888889 0.0359375 0.9388888888888889 0.0359375 0.9444444444444444 0.03125 0.9472222222222222 0.0046875 0.9472222222222222 0.003125 0.95 0 0.95 0 0.9416666666666667
0 0.4328125 0.7083333333333334 0.440625 0.7083333333333334 0.4453125 0.7138888888888889 0.44375 0.7194444444444444 0.4359375 0.7194444444444444 0.4328125 0.7111111111111111
0 0.434375 0.7277777777777777 0.440625 0.7277777777777777 0.4828125 0.7805555555555556 0.5078125 0.8166666666666667 0.525 0.8361111111111111 0.534375 0.8527777777777777 0.565625 0.8916666666666667 0.5734375 0.9055555555555556 0.6046875 0.9416666666666667 0.6171875 0.9638888888888889 0.634375 0.9805555555555555 0.6421875 0.9944444444444445 0.6421875 0.9972222222222222 0.625 0.9972222222222222 0.621875 0.9944444444444445 0.5984375 0.9583333333333334 0.5671875 0.9194444444444444 0.5375 0.875 0.5328125 0.8722222222222222 0.5109375 0.8361111111111111 0.434375 0.7305555555555555
0 0.3609375 0.7027777777777777 0.3625 0.7055555555555556 0.371875 0.7055555555555556 0.3734375 0.7027777777777777 0.3875 0.7027777777777777 0.3890625 0.7055555555555556 0.4015625 0.7055555555555556 0.403125 0.7027777777777777 0.4359375 0.7055555555555556 0.4421875 0.7083333333333334 0.4453125 0.7138888888888889 0.4421875 0.7194444444444444 0.3703125 0.7194444444444444 0.36875 0.7166666666666667 0.365625 0.7194444444444444 0.31875 0.7194444444444444 0.3125 0.7138888888888889 0.3125 0.7083333333333334 0.3203125 0.7 0.334375 0.7 0.3359375 0.7027777777777777 0.3578125 0.7 0.359375 0.7027777777777777
0 0.359375 0.7027777777777777 0.3578125 0.7111111111111111 0.3515625 0.7166666666666667 0.3421875 0.7166666666666667 0.340625 0.7138888888888889 0.34375 0.7055555555555556 0.346875 0.7027777777777777 0.3578125 0.7027777777777777