0 0.571875 0.9555555555555556 0.5734375 0.9583333333333334 0.6046875 0.9555555555555556 0.60625 0.9583333333333334 0.6265625 0.9583333333333334 0.628125 0.9611111111111111 0.6796875 0.9611111111111111 0.68125 0.9583333333333334 0.7265625 0.9583333333333334 0.728125 0.9611111111111111 0.7390625 0.9583333333333334 0.740625 0.9611111111111111 0.7515625 0.9611111111111111 0.753125 0.9638888888888889 0.7578125 0.9611111111111111 0.759375 0.9638888888888889 0.7703125 0.9638888888888889 0.771875 0.9666666666666667 0.8 0.9722222222222222 0.8046875 0.975 0.8078125 0.9833333333333333 0.809375 0.9805555555555555 0.8125 0.9833333333333333 0.790625 0.9861111111111112 0.7890625 0.9888888888888889 0.7734375 0.9888888888888889 0.771875 0.9916666666666667 0.684375 0.9916666666666667 0.6828125 0.9944444444444445 0.65 0.9944444444444445 0.6484375 0.9916666666666667 0.646875 0.9944444444444445 0.60625 0.9944444444444445 0.6046875 0.9916666666666667 0.5984375 0.9944444444444445 0.59375 0.9916666666666667 0.5921875 0.9944444444444445 0.5046875 0.9944444444444445 0.503125 0.9972222222222222 0.340625 0.9972222222222222 0.3390625 0.9944444444444445 0.334375 0.9972222222222222 0.165625 0.9972222222222222 0.1609375 0.9916666666666667 0.1546875 0.9916666666666667 0.153125 0.9944444444444445 0.1546875 0.9972222222222222 0.0046875 0.9972222222222222 0.0140625 0.9861111111111112 0.0328125 0.975 0.053125 0.975 0.0546875 0.9722222222222222 0.1140625 0.9722222222222222 0.115625 0.9694444444444444 0.1421875 0.9694444444444444 0.14375 0.9666666666666667 0.21875 0.9666666666666667 0.2203125 0.9638888888888889 0.23125 0.9666666666666667 0.2390625 0.9611111111111111 0.2515625 0.9611111111111111 0.253125 0.9638888888888889 0.3203125 0.9638888888888889 0.321875 0.9611111111111111 0.3421875 0.9611111111111111 0.34375 0.9638888888888889 0.4109375 0.9638888888888889 0.4125 0.9611111111111111 0.4734375 0.9611111111111111 0.475 0.9583333333333334 0.5 0.9583333333333334 0.5015625 0.9555555555555556 0.5703125 0.9583333333333334
0 0.5640625 0.7472222222222222 0.575 0.7638888888888888 0.5859375 0.7722222222222223 0.603125 0.7916666666666666 0.603125 0.7972222222222223 0.5984375 0.7972222222222223 0.5921875 0.8027777777777778 0.5703125 0.8 0.540625 0.7472222222222222 0.5421875 0.7416666666666667 0.55625 0.7416666666666667 0.5625 0.7472222222222222
0 0.3890625 0.7555555555555555 0.3859375 0.7666666666666667 0.375 0.7833333333333333 0.371875 0.7833333333333333 0.353125 0.8027777777777778 0.3359375 0.8027777777777778 0.334375 0.8055555555555556 0.325 0.8055555555555556 0.325 0.7972222222222223 0.3296875 0.7916666666666666 0.3421875 0.7805555555555556 0.3453125 0.7805555555555556 0.375 0.7527777777777778 0.3859375 0.7527777777777778 0.3875 0.7555555555555555
0 0.3375 0.7555555555555555 0.334375 0.7611111111111111 0.3296875 0.7611111111111111 0.3234375 0.7694444444444445 0.3140625 0.7722222222222223 0.3046875 0.7833333333333333 0.296875 0.7861111111111111 0.2921875 0.7916666666666666 0.2578125 0.8083333333333333 0.24375 0.8083333333333333 0.240625 0.8055555555555556 0.246875 0.7972222222222223 0.26875 0.7861111111111111 0.28125 0.775 0.290625 0.7722222222222223 0.3015625 0.7638888888888888 0.3203125 0.7583333333333333 0.321875 0.7555555555555555 0.3359375 0.7555555555555555
0 0.275 0.7583333333333333 0.2765625 0.7611111111111111 0.2703125 0.7694444444444445 0.2453125 0.7777777777777778 0.2203125 0.7972222222222223 0.20625 0.8 0.1984375 0.8055555555555556 0.190625 0.8055555555555556 0.1765625 0.8138888888888889 0.153125 0.8138888888888889 0.15625 0.8055555555555556 0.1703125 0.7972222222222223 0.190625 0.7916666666666666 0.2171875 0.7777777777777778 0.23125 0.775 0.2421875 0.7666666666666667 0.25 0.7666666666666667 0.2578125 0.7611111111111111 0.2703125 0.7611111111111111 0.2734375 0.7583333333333333
0 0.71875 0.75 0.7328125 0.7583333333333333 0.7484375 0.7611111111111111 0.7609375 0.7694444444444445 0.7671875 0.7694444444444445 0.76875 0.7666666666666667 0.803125 0.7833333333333333 0.825 0.7861111111111111 0.8390625 0.7972222222222223 0.840625 0.8 0.8390625 0.8027777777777778 0.815625 0.8027777777777778 0.778125 0.7861111111111111 0.7671875 0.7861111111111111 0.74375 0.7722222222222223 0.7375 0.7722222222222223 0.73125 0.7666666666666667 0.7140625 0.7611111111111111 0.7125 0.7555555555555555 0.7171875 0.75
0 0.515625 0.8111111111111111 0.5296875 0.8222222222222222 0.5328125 0.8277777777777777 0.5453125 0.8333333333333334 0.5484375 0.8388888888888889 0.546875 0.8416666666666667 0.515625 0.8416666666666667 0.5140625 0.8444444444444444 0.5078125 0.8444444444444444 0.50625 0.8416666666666667 0.5015625 0.8444444444444444 0.4796875 0.8444444444444444 0.478125 0.8416666666666667 0.4828125 0.8333333333333334 0.5015625 0.8138888888888889 0.5140625 0.8111111111111111
0 0.1703125 0.8527777777777777 0.175 0.8444444444444444 0.1828125 0.8388888888888889 0.1953125 0.8361111111111111 0.2015625 0.8305555555555556 0.2078125 0.8305555555555556 0.2140625 0.825 0.221875 0.825 0.2234375 0.8222222222222222 0.2328125 0.825 0.2359375 0.8305555555555556 0.2375 0.8472222222222222 0.2328125 0.8527777777777777 0.1765625 0.8527777777777777 0.175 0.8555555555555555 0.171875 0.8527777777777777
0 0.503125 0.7444444444444445 0.5109375 0.7555555555555555 0.515625 0.7694444444444445 0.515625 0.775 0.51875 0.7777777777777778 0.5203125 0.7944444444444444 0.5171875 0.7972222222222223 0.503125 0.7972222222222223 0.5015625 0.8 0.4890625 0.7944444444444444 0.4875 0.7555555555555555 0.4859375 0.7527777777777778 0.4859375 0.7472222222222222 0.490625 0.7444444444444445 0.5015625 0.7444444444444445
0 0.45 0.7472222222222222 0.453125 0.75 0.4515625 0.7638888888888888 0.44375 0.7916666666666666 0.44375 0.7972222222222223 0.440625 0.8 0.4078125 0.8 0.40625 0.7944444444444444 0.4140625 0.7805555555555556 0.4140625 0.775 0.421875 0.7666666666666667 0.43125 0.75 0.4421875 0.7444444444444445 0.4484375 0.7472222222222222
0 0.6609375 0.75 0.6796875 0.75 0.684375 0.7555555555555555 0.69375 0.7583333333333333 0.7 0.7638888888888888 0.7078125 0.7638888888888888 0.73125 0.7805555555555556 0.7453125 0.7833333333333333 0.7609375 0.7972222222222223 0.75625 0.8 0.7375 0.8 0.6984375 0.7777777777777778 0.6875 0.775 0.6828125 0.7694444444444445 0.68125 0.7722222222222223 0.6671875 0.7638888888888888 0.6609375 0.7583333333333333 0.6609375 0.7527777777777778
0 0.325 0.8194444444444444 0.3375 0.8388888888888889 0.3390625 0.8472222222222222 0.334375 0.85 0.33125 0.8472222222222222 0.325 0.8472222222222222 0.3234375 0.85 0.26875 0.85 0.2671875 0.8472222222222222 0.284375 0.8333333333333334 0.2984375 0.8305555555555556 0.3046875 0.825 0.3234375 0.8194444444444444
0 0.4203125 0.8166666666666667 0.428125 0.8222222222222222 0.434375 0.8333333333333334 0.4359375 0.8416666666666667 0.434375 0.8444444444444444 0.4140625 0.8444444444444444 0.4125 0.8472222222222222 0.4109375 0.8444444444444444 0.3875 0.8444444444444444 0.3859375 0.8388888888888889 0.403125 0.8194444444444444 0.41875 0.8166666666666667
0 0.4 0.7527777777777778 0.4015625 0.7555555555555555 0.396875 0.7638888888888888 0.3890625 0.7638888888888888 0.3796875 0.7833333333333333 0.3703125 0.7888888888888889 0.3640625 0.7972222222222223 0.359375 0.7972222222222223 0.3484375 0.8055555555555556 0.3390625 0.8055555555555556 0.3375 0.8083333333333333 0.334375 0.8055555555555556 0.3296875 0.8083333333333333 0.325 0.8166666666666667 0.3296875 0.8305555555555556 0.3375 0.8416666666666667 0.3359375 0.8472222222222222 0.325 0.8472222222222222 0.3234375 0.85 0.3140625 0.85 0.3125 0.8472222222222222 0.3078125 0.85 0.3046875 0.8472222222222222 0.28125 0.8472222222222222 0.2796875 0.85 0.2578125 0.8472222222222222 0.2578125 0.8444444444444444 0.2640625 0.8416666666666667 0.278125 0.8388888888888889 0.2859375 0.825 0.2921875 0.8277777777777777 0.309375 0.825 0.3234375 0.7972222222222223 0.346875 0.7722222222222223 0.3453125 0.7694444444444445 0.3296875 0.7694444444444445 0.321875 0.7777777777777778 0.3 0.7861111111111111 0.2953125 0.7944444444444444 0.2953125 0.8 0.2921875 0.7944444444444444 0.2796875 0.8027777777777778 0.2671875 0.8083333333333333 0.259375 0.8083333333333333 0.2578125 0.8111111111111111 0.246875 0.8111111111111111 0.2453125 0.8138888888888889 0.23125 0.8111111111111111 0.23125 0.8055555555555556 0.240625 0.7944444444444444 0.2375 0.7888888888888889 0.234375 0.7888888888888889 0.225 0.7972222222222223 0.2125 0.8027777777777778 0.2015625 0.8027777777777778 0.196875 0.8083333333333333 0.1890625 0.8083333333333333 0.18125 0.8138888888888889 0.16875 0.8138888888888889 0.1671875 0.8166666666666667 0.153125 0.8138888888888889 0.1484375 0.8166666666666667 0.140625 0.8333333333333334 0.140625 0.8388888888888889 0.1359375 0.8444444444444444 0.121875 0.8527777777777777 0.0984375 0.8555555555555555 0.096875 0.8583333333333333 0.0828125 0.8583333333333333 0.0796875 0.8555555555555555 0.0828125 0.8361111111111111 0.0859375 0.8333333333333334 0.090625 0.8388888888888889 0.09375 0.8388888888888889 0.0984375 0.8305555555555556 0.103125 0.8333333333333334 0.1078125 0.8277777777777777 0.115625 0.8333333333333334 0.1234375 0.8333333333333334 0.1328125 0.8277777777777777 0.1359375 0.8305555555555556 0.1375 0.8194444444444444 0.1421875 0.8111111111111111 0.146875 0.8138888888888889 0.159375 0.8 0.1671875 0.8 0.171875 0.7944444444444444 0.1765625 0.7944444444444444 0.18125 0.7888888888888889 0.1875 0.7888888888888889 0.1890625 0.7861111111111111 0.196875 0.7888888888888889 0.2125 0.7777777777777778 0.21875 0.7777777777777778 0.221875 0.7722222222222223 0.2421875 0.7694444444444445 0.259375 0.7611111111111111 0.275 0.7583333333333333 0.2796875 0.7666666666666667 0.2640625 0.7722222222222223 0.2609375 0.7777777777777778 0.265625 0.7833333333333333 0.26875 0.7777777777777778 0.275 0.7777777777777778 0.284375 0.7694444444444445 0.2921875 0.7694444444444445 0.2984375 0.7638888888888888 0.3046875 0.7638888888888888 0.321875 0.7555555555555555 0.3390625 0.7555555555555555 0.3484375 0.7722222222222223 0.359375 0.7666666666666667 0.3765625 0.75 0.3984375 0.7527777777777778
0 0.590625 0.8138888888888889 0.6234375 0.8166666666666667 0.6328125 0.8277777777777777 0.64375 0.8305555555555556 0.65 0.8388888888888889 0.6484375 0.8416666666666667 0.6203125 0.8388888888888889 0.61875 0.8416666666666667 0.6015625 0.8416666666666667 0.5921875 0.8472222222222222 0.5703125 0.8472222222222222 0.5671875 0.8416666666666667 0.5671875 0.8361111111111111 0.5828125 0.8305555555555556 0.590625 0.8166666666666667