0 0.078125 0.8638888888888889 0.1234375 0.8388888888888889 0.1421875 0.8333333333333334 0.1421875 0.8388888888888889 0.1171875 0.8694444444444445 0.0796875 0.8694444444444445 0.078125 0.8666666666666667
0 0.221875 0.7666666666666667 0.221875 0.7722222222222223 0.209375 0.775 0.203125 0.7805555555555556 0.19375 0.7805555555555556 0.1859375 0.7861111111111111 0.171875 0.7888888888888889 0.1640625 0.7944444444444444 0.1578125 0.7944444444444444 0.1390625 0.8055555555555556 0.1140625 0.8055555555555556 0.1125 0.8027777777777778 0.10625 0.8027777777777778 0.1078125 0.8 0.1421875 0.7888888888888889 0.14375 0.7861111111111111 0.159375 0.7833333333333333 0.1609375 0.7805555555555556 0.178125 0.7777777777777778 0.1875 0.7722222222222223 0.1953125 0.7722222222222223 0.20625 0.7666666666666667 0.2203125 0.7666666666666667
0 0.34375 0.8055555555555556 0.35625 0.7944444444444444 0.35625 0.8083333333333333 0.353125 0.8111111111111111 0.3453125 0.8111111111111111 0.34375 0.8083333333333333
0 0.1859375 0.8027777777777778 0.209375 0.7888888888888889 0.215625 0.7888888888888889 0.2453125 0.775 0.25625 0.775 0.2578125 0.7722222222222223 0.275 0.7722222222222223 0.2765625 0.775 0.2703125 0.7805555555555556 0.2640625 0.7805555555555556 0.2578125 0.7861111111111111 0.2390625 0.7916666666666666 0.21875 0.8055555555555556 0.1890625 0.8055555555555556 0.1875 0.8027777777777778
0 0.2296875 0.8527777777777777 0.240625 0.8388888888888889 0.2453125 0.8388888888888889 0.2453125 0.8472222222222222 0.2328125 0.8722222222222222 0.2296875 0.875 0.2203125 0.8722222222222222 0.2296875 0.8555555555555555
0 0.078125 0.8638888888888889 0.1234375 0.8388888888888889 0.1421875 0.8333333333333334 0.1375 0.8444444444444444 0.1203125 0.8666666666666667 0.115625 0.8694444444444445 0.0828125 0.8694444444444445 0.078125 0.8666666666666667
0 0.2203125 0.7666666666666667 0.221875 0.7694444444444445 0.215625 0.775 0.1984375 0.7777777777777778 0.1921875 0.7833333333333333 0.165625 0.7916666666666666 0.1578125 0.7972222222222223 0.1515625 0.7972222222222223 0.1375 0.8055555555555556 0.115625 0.8055555555555556 0.1140625 0.8027777777777778 0.10625 0.8027777777777778 0.1078125 0.8 0.115625 0.8 0.1296875 0.7916666666666666 0.1453125 0.7888888888888889 0.1609375 0.7805555555555556 0.16875 0.7805555555555556 0.1703125 0.7777777777777778 0.178125 0.7777777777777778 0.1796875 0.775 0.20625 0.7694444444444445 0.2078125 0.7666666666666667 0.21875 0.7666666666666667
0 0.3515625 0.7666666666666667 0.353125 0.775 0.340625 0.7805555555555556 0.3296875 0.7944444444444444 0.3203125 0.7944444444444444 0.2953125 0.8083333333333333 0.284375 0.8083333333333333 0.2828125 0.8111111111111111 0.26875 0.8083333333333333 0.26875 0.8055555555555556 0.2875 0.7944444444444444 0.3 0.7916666666666666 0.3109375 0.7833333333333333 0.321875 0.7805555555555556 0.328125 0.775 0.35 0.7694444444444445
0 0.5625 0.7694444444444445 0.5703125 0.775 0.5734375 0.7833333333333333 0.584375 0.7861111111111111 0.590625 0.7916666666666666 0.6015625 0.8166666666666667 0.5671875 0.8166666666666667 0.546875 0.7805555555555556 0.546875 0.7722222222222223 0.5609375 0.7694444444444445
0 0.2203125 0.7666666666666667 0.221875 0.7722222222222223 0.2171875 0.775 0.209375 0.775 0.2046875 0.7805555555555556 0.19375 0.7805555555555556 0.1390625 0.8055555555555556 0.1140625 0.8055555555555556 0.1125 0.8027777777777778 0.1046875 0.8027777777777778 0.1078125 0.8 0.121875 0.7972222222222223 0.1296875 0.7916666666666666 0.1359375 0.7916666666666666 0.1609375 0.7805555555555556 0.16875 0.7805555555555556 0.1703125 0.7777777777777778 0.178125 0.7777777777777778 0.1796875 0.775 0.20625 0.7694444444444445 0.2078125 0.7666666666666667 0.21875 0.7666666666666667
0 0.3390625 0.8444444444444444 0.3390625 0.85 0.334375 0.8638888888888889 0.3203125 0.8666666666666667 0.3078125 0.875 0.3015625 0.8722222222222222 0.3015625 0.8666666666666667 0.3203125 0.85 0.33125 0.85 0.3375 0.8444444444444444
0 0.559375 0.7694444444444445 0.5609375 0.7722222222222223 0.5671875 0.7722222222222223 0.5765625 0.7861111111111111 0.5875 0.7888888888888889 0.6015625 0.8111111111111111 0.6015625 0.8166666666666667 0.59375 0.8166666666666667 0.5921875 0.8194444444444444 0.5671875 0.8166666666666667 0.546875 0.7805555555555556 0.546875 0.7722222222222223 0.5578125 0.7694444444444445