0 0.34375 0.7472222222222222 0.340625 0.7527777777777778 0.303125 0.775 0.284375 0.775 0.2875 0.7694444444444445 0.3140625 0.7583333333333333 0.328125 0.7472222222222222 0.3421875 0.7472222222222222
0 0.4515625 0.7416666666666667 0.4515625 0.75 0.44375 0.7638888888888888 0.428125 0.7638888888888888 0.428125 0.7583333333333333 0.4359375 0.7416666666666667 0.440625 0.7388888888888889 0.4484375 0.7388888888888889 0.45 0.7416666666666667
0 0.521875 0.7416666666666667 0.5359375 0.7555555555555555 0.5390625 0.7638888888888888 0.5375 0.7666666666666667 0.521875 0.7638888888888888 0.5125 0.7472222222222222 0.515625 0.7416666666666667 0.5203125 0.7416666666666667
0 0.4296875 0.7722222222222223 0.43125 0.775 0.584375 0.775 0.5859375 0.7777777777777778 0.6203125 0.7777777777777778 0.621875 0.7805555555555556 0.6609375 0.7805555555555556 0.6765625 0.7888888888888889 0.69375 0.7888888888888889 0.725 0.8055555555555556 0.74375 0.8222222222222222 0.734375 0.8222222222222222 0.7328125 0.825 0.728125 0.8222222222222222 0.7 0.8222222222222222 0.6984375 0.8194444444444444 0.6390625 0.8166666666666667 0.6375 0.8138888888888889 0.6078125 0.8138888888888889 0.60625 0.8111111111111111 0.5828125 0.8111111111111111 0.58125 0.8083333333333333 0.5546875 0.8083333333333333 0.553125 0.8055555555555556 0.415625 0.8055555555555556 0.4140625 0.8083333333333333 0.3796875 0.8055555555555556 0.378125 0.8083333333333333 0.3234375 0.8083333333333333 0.321875 0.8111111111111111 0.2953125 0.8111111111111111 0.29375 0.8138888888888889 0.25 0.8138888888888889 0.2484375 0.8166666666666667 0.23125 0.8166666666666667 0.2296875 0.8194444444444444 0.215625 0.8194444444444444 0.2140625 0.8222222222222222 0.203125 0.8222222222222222 0.2015625 0.825 0.165625 0.8277777777777777 0.1640625 0.8305555555555556 0.1515625 0.8305555555555556 0.15 0.8333333333333334 0.13125 0.8333333333333334 0.1296875 0.8305555555555556 0.1328125 0.825 0.1359375 0.825 0.140625 0.8194444444444444 0.1515625 0.8166666666666667 0.1671875 0.8055555555555556 0.2015625 0.8 0.203125 0.7972222222222223 0.2203125 0.7944444444444444 0.221875 0.7916666666666666 0.240625 0.7916666666666666 0.2484375 0.7861111111111111 0.265625 0.7861111111111111 0.278125 0.7805555555555556 0.3015625 0.7805555555555556 0.303125 0.7777777777777778 0.340625 0.7777777777777778 0.3421875 0.775 0.365625 0.775 0.3671875 0.7722222222222223 0.3703125 0.775 0.375 0.7722222222222223 0.425 0.775 0.428125 0.7722222222222223
0 0.39375 0.7083333333333334 0.3921875 0.7138888888888889 0.3859375 0.7138888888888889 0.3875 0.7083333333333334 0.3921875 0.7083333333333334
0 0.4140625 0.7416666666666667 0.415625 0.7444444444444445 0.4140625 0.7472222222222222 0.403125 0.7611111111111111 0.3953125 0.7666666666666667 0.38125 0.7666666666666667 0.3796875 0.7638888888888888 0.3828125 0.7583333333333333 0.3984375 0.7444444444444445 0.4125 0.7416666666666667
0 0.378125 0.7416666666666667 0.38125 0.7444444444444445 0.3796875 0.7472222222222222 0.35625 0.7638888888888888 0.3421875 0.7638888888888888 0.3421875 0.7583333333333333 0.3546875 0.75 0.359375 0.75 0.3640625 0.7444444444444445 0.3734375 0.7444444444444445 0.3765625 0.7416666666666667
0 0.4859375 0.7388888888888889 0.490625 0.7444444444444445 0.490625 0.7583333333333333 0.4875 0.7611111111111111 0.478125 0.7611111111111111 0.4734375 0.7555555555555555 0.4734375 0.7416666666666667 0.484375 0.7388888888888889
0 0.4890625 0.7388888888888889 0.4921875 0.7416666666666667 0.49375 0.7583333333333333 0.4828125 0.7638888888888888 0.475 0.7638888888888888 0.4734375 0.7611111111111111 0.4515625 0.7638888888888888 0.45 0.7611111111111111 0.4421875 0.7666666666666667 0.4296875 0.7666666666666667 0.428125 0.7638888888888888 0.421875 0.7638888888888888 0.4203125 0.7666666666666667 0.378125 0.7666666666666667 0.3765625 0.7611111111111111 0.365625 0.7583333333333333 0.3484375 0.7666666666666667 0.3203125 0.7666666666666667 0.3140625 0.7722222222222223 0.3046875 0.7722222222222223 0.29375 0.7777777777777778 0.2875 0.7777777777777778 0.2828125 0.775 0.284375 0.7722222222222223 0.290625 0.7666666666666667 0.303125 0.7638888888888888 0.3234375 0.7527777777777778 0.328125 0.7444444444444445 0.34375 0.7444444444444445 0.346875 0.7527777777777778 0.35 0.7527777777777778 0.3515625 0.7472222222222222 0.3546875 0.75 0.359375 0.7444444444444445 0.36875 0.7444444444444445 0.3703125 0.7416666666666667 0.390625 0.7416666666666667 0.39375 0.7472222222222222 0.3984375 0.7416666666666667 0.4046875 0.7416666666666667 0.40625 0.7388888888888889 0.4546875 0.7388888888888889 0.4546875 0.75 0.4578125 0.7527777777777778 0.4609375 0.7472222222222222 0.459375 0.7444444444444445 0.4609375 0.7388888888888889 0.4875 0.7388888888888889
0 0.3953125 0.7055555555555556 0.4 0.7083333333333334 0.4015625 0.7055555555555556 0.41875 0.7055555555555556 0.4203125 0.7027777777777777 0.43125 0.7027777777777777 0.4328125 0.7 0.4625 0.7 0.4640625 0.7027777777777777 0.490625 0.7055555555555556 0.496875 0.7083333333333334 0.4953125 0.7111111111111111 0.459375 0.7111111111111111 0.4578125 0.7083333333333334 0.453125 0.7111111111111111 0.4171875 0.7111111111111111 0.415625 0.7138888888888889 0.40625 0.7138888888888889 0.4046875 0.7111111111111111 0.38125 0.7138888888888889 0.375 0.7111111111111111 0.3671875 0.7194444444444444 0.3640625 0.7166666666666667 0.365625 0.7111111111111111 0.371875 0.7083333333333334 0.3796875 0.7111111111111111 0.38125 0.7083333333333334 0.39375 0.7055555555555556
0 0.5484375 0.7444444444444445 0.5625 0.7444444444444445 0.5828125 0.7638888888888888 0.5828125 0.7666666666666667 0.578125 0.7694444444444445 0.575 0.7666666666666667 0.565625 0.7666666666666667 0.5484375 0.7472222222222222
0 0.3859375 0.8083333333333333 0.38125 0.8194444444444444 0.365625 0.8388888888888889 0.3546875 0.8611111111111112 0.35 0.8638888888888889 0.3359375 0.8888888888888888 0.309375 0.925 0.3 0.9305555555555556 0.29375 0.9305555555555556 0.2921875 0.9277777777777778 0.296875 0.9166666666666666 0.321875 0.8833333333333333 0.34375 0.8611111111111112 0.3515625 0.8444444444444444 0.371875 0.8166666666666667 0.3796875 0.8083333333333333 0.384375 0.8083333333333333