0 0.4078125 0.6722222222222223 0.4109375 0.6722222222222223 0.4140625 0.6777777777777778 0.4140625 0.6805555555555556 0.4109375 0.6805555555555556 0.4078125 0.675
0 0.4265625 0.7 0.4328125 0.7 0.4390625 0.7138888888888889 0.4328125 0.7111111111111111 0.428125 0.7027777777777777
0 0.3953125 0.6583333333333333 0.4015625 0.6583333333333333 0.4 0.6638888888888889 0.3953125 0.6611111111111111
0 0.9515625 0.9111111111111111 0.9703125 0.9166666666666666 0.9984375 0.9333333333333333 0.9984375 0.9416666666666667 0.9859375 0.9361111111111111 0.98125 0.9305555555555556 0.9703125 0.9277777777777778 0.9515625 0.9138888888888889
0 0.8296875 0.8472222222222222 0.8390625 0.8472222222222222 0.85 0.8555555555555555 0.859375 0.8583333333333333 0.8640625 0.8638888888888889 0.8765625 0.8666666666666667 0.8875 0.875 0.8859375 0.8777777777777778 0.875 0.875 0.8640625 0.8666666666666667 0.8515625 0.8638888888888889 0.8296875 0.85
0 0.1328125 0.9888888888888889 0.1296875 0.9972222222222222 0.1125 0.9972222222222222 0.1171875 0.9888888888888889 0.121875 0.9861111111111112 0.1296875 0.9861111111111112 0.13125 0.9888888888888889
0 0.303125 0.6722222222222223 0.3046875 0.675 0.3015625 0.6805555555555556 0.296875 0.6805555555555556 0.3015625 0.6722222222222223
0 0.2546875 0.7611111111111111 0.253125 0.7694444444444445 0.2390625 0.7944444444444444 0.23125 0.7944444444444444 0.23125 0.7916666666666666 0.2484375 0.7611111111111111 0.253125 0.7611111111111111
0 0.7171875 0.7888888888888889 0.740625 0.7888888888888889 0.7421875 0.7916666666666666 0.7546875 0.7888888888888889 0.75625 0.7916666666666666 0.7953125 0.7916666666666666 0.7984375 0.7944444444444444 0.79375 0.7972222222222223 0.740625 0.7944444444444444 0.7390625 0.7972222222222223 0.7421875 0.8027777777777778 0.753125 0.8027777777777778 0.7828125 0.8194444444444444 0.7875 0.8194444444444444 0.790625 0.825 0.7796875 0.825 0.7578125 0.8138888888888889 0.7453125 0.8027777777777778 0.73125 0.8 0.71875 0.7916666666666666
0 0.2765625 0.7138888888888889 0.28125 0.7027777777777777 0.2859375 0.7027777777777777 0.2859375 0.7083333333333334 0.278125 0.7166666666666667
0 0.4703125 0.7555555555555555 0.4859375 0.7722222222222223 0.4921875 0.7861111111111111 0.4859375 0.7861111111111111 0.471875 0.7666666666666667 0.46875 0.7583333333333333
0 0.6109375 0.9694444444444444 0.6359375 0.9666666666666667 0.65625 0.9972222222222222 0.628125 0.9972222222222222 0.6109375 0.9722222222222222
0 0.7484375 0.8055555555555556 0.759375 0.8055555555555556 0.7703125 0.8138888888888889 0.7890625 0.8222222222222222 0.790625 0.825 0.78125 0.825 0.75 0.8083333333333333