0 0.590625 0.6138888888888889 0.5921875 0.6194444444444445 0.5953125 0.6194444444444445 0.6015625 0.6277777777777778 0.6046875 0.6333333333333333 0.603125 0.6361111111111111 0.5984375 0.6333333333333333 0.5953125 0.6361111111111111 0.5796875 0.6166666666666667 0.58125 0.6083333333333333 0.5890625 0.6138888888888889
0 0.4734375 0.5194444444444445 0.475 0.5194444444444445 0.471875 0.5361111111111111 0.4390625 0.6111111111111112 0.428125 0.6277777777777778 0.421875 0.6277777777777778 0.4203125 0.6305555555555555 0.4171875 0.6305555555555555 0.41875 0.6194444444444445 0.4265625 0.6083333333333333 0.44375 0.5722222222222222 0.4640625 0.5361111111111111 0.4671875 0.525 0.471875 0.5194444444444445
0 0.5046875 0.5111111111111111 0.509375 0.5111111111111111 0.5125 0.5166666666666667 0.5140625 0.5138888888888888 0.51875 0.5222222222222223 0.521875 0.5222222222222223 0.5640625 0.5833333333333334 0.5765625 0.5944444444444444 0.5859375 0.5944444444444444 0.5875 0.5972222222222222 0.5953125 0.5944444444444444 0.603125 0.6 0.609375 0.5972222222222222 0.6109375 0.6 0.6296875 0.6 0.63125 0.6027777777777777 0.6328125 0.6 0.6578125 0.6027777777777777 0.65625 0.6055555555555555 0.6515625 0.6027777777777777 0.6453125 0.6055555555555555 0.6421875 0.6027777777777777 0.6328125 0.6027777777777777 0.63125 0.6055555555555555 0.6265625 0.6027777777777777 0.6203125 0.6027777777777777 0.61875 0.6055555555555555 0.6171875 0.6027777777777777 0.5953125 0.6027777777777777 0.59375 0.6055555555555555 0.5921875 0.6027777777777777 0.5765625 0.6027777777777777 0.5703125 0.5972222222222222 0.565625 0.5972222222222222 0.5171875 0.525 0.5140625 0.525 0.50625 0.5138888888888888
0 0.34375 0.75 0.3484375 0.7555555555555555 0.3453125 0.7666666666666667 0.3078125 0.8333333333333334 0.303125 0.8472222222222222 0.2984375 0.85 0.2890625 0.8666666666666667 0.278125 0.8694444444444445 0.275 0.8666666666666667 0.2765625 0.8611111111111112 0.2953125 0.825 0.3046875 0.8138888888888889 0.3359375 0.7583333333333333 0.3421875 0.7527777777777778
0 0.34375 0.75 0.3484375 0.7555555555555555 0.3453125 0.7638888888888888 0.346875 0.7694444444444445 0.3609375 0.75 0.36875 0.75 0.36875 0.7527777777777778 0.3640625 0.7722222222222223 0.3453125 0.8055555555555556 0.334375 0.8333333333333334 0.31875 0.8583333333333333 0.3078125 0.8555555555555555 0.309375 0.8472222222222222 0.3078125 0.8416666666666667 0.296875 0.8527777777777777 0.2890625 0.8666666666666667 0.2828125 0.8694444444444445 0.275 0.8666666666666667 0.2890625 0.8361111111111111 0.3046875 0.8138888888888889 0.315625 0.7916666666666666 0.325 0.7805555555555556 0.334375 0.7611111111111111 0.3421875 0.7527777777777778
0 0.9984375 0.7111111111111111 0.9984375 0.7305555555555555 0.99375 0.7361111111111112 0.9890625 0.7361111111111112 0.9796875 0.7444444444444445 0.9609375 0.7527777777777778 0.9546875 0.7611111111111111 0.946875 0.7638888888888888 0.94375 0.7694444444444445 0.940625 0.7694444444444445 0.93125 0.7805555555555556 0.9234375 0.7833333333333333 0.9203125 0.7888888888888889 0.9125 0.7916666666666666 0.90625 0.8 0.896875 0.8 0.8921875 0.8055555555555556 0.884375 0.8055555555555556 0.878125 0.8194444444444444 0.8796875 0.8277777777777777 0.8703125 0.8416666666666667 0.8625 0.8472222222222222 0.8484375 0.8416666666666667 0.846875 0.8361111111111111 0.8609375 0.8166666666666667 0.86875 0.8111111111111111 0.871875 0.8055555555555556 0.871875 0.7944444444444444 0.8796875 0.7888888888888889 0.8828125 0.7833333333333333 0.91875 0.7611111111111111 0.921875 0.7555555555555555 0.9296875 0.7527777777777778 0.9328125 0.7472222222222222 0.94375 0.7444444444444445 0.946875 0.7388888888888889 0.953125 0.7388888888888889 0.9609375 0.7305555555555555 0.965625 0.7305555555555555 0.9703125 0.725 0.9796875 0.7222222222222222 0.9828125 0.7166666666666667 0.9890625 0.7166666666666667 0.996875 0.7111111111111111
0 0.35625 0.7527777777777778 0.36875 0.75 0.36875 0.7583333333333333 0.3640625 0.7722222222222223 0.3453125 0.8055555555555556 0.334375 0.8333333333333334 0.3203125 0.8583333333333333 0.3109375 0.8583333333333333 0.3078125 0.8555555555555555 0.3078125 0.85 0.3203125 0.8277777777777777 0.325 0.8138888888888889 0.3296875 0.8083333333333333 0.3375 0.7888888888888889 0.35625 0.7555555555555555
0 0.34375 0.75 0.35 0.7611111111111111 0.3546875 0.7583333333333333 0.359375 0.75 0.36875 0.75 0.36875 0.7583333333333333 0.353125 0.7944444444444444 0.3453125 0.8055555555555556 0.334375 0.8333333333333334 0.3203125 0.8583333333333333 0.3078125 0.8555555555555555 0.3078125 0.85 0.303125 0.8472222222222222 0.2828125 0.8722222222222222 0.275 0.8666666666666667 0.28125 0.85 0.2953125 0.825 0.3046875 0.8138888888888889 0.3359375 0.7583333333333333 0.3421875 0.7527777777777778
0 0.4734375 0.5194444444444445 0.471875 0.5361111111111111 0.45625 0.5694444444444444 0.45625 0.575 0.4515625 0.5805555555555556 0.4515625 0.5861111111111111 0.44375 0.5972222222222222 0.4328125 0.6222222222222222 0.4234375 0.6305555555555555 0.4171875 0.6305555555555555 0.41875 0.6194444444444445 0.4515625 0.5611111111111111 0.45625 0.5472222222222223 0.471875 0.5194444444444445
0 0.4171875 0.6472222222222223 0.4203125 0.65 0.4109375 0.675 0.4015625 0.6888888888888889 0.390625 0.6888888888888889 0.4078125 0.6527777777777778 0.415625 0.65
0 0.2765625 0.6527777777777778 0.2859375 0.65 0.2890625 0.6444444444444445 0.3 0.6388888888888888 0.30625 0.6305555555555555 0.3109375 0.6305555555555555 0.3140625 0.625 0.3203125 0.6222222222222222 0.3328125 0.6083333333333333 0.3359375 0.6083333333333333 0.340625 0.6 0.3484375 0.5972222222222222 0.3546875 0.5888888888888889 0.359375 0.5888888888888889 0.3625 0.5833333333333334 0.3703125 0.5805555555555556 0.3765625 0.5722222222222222 0.38125 0.5722222222222222 0.3890625 0.5638888888888889 0.39375 0.5638888888888889 0.4 0.5555555555555556 0.4046875 0.5555555555555556 0.4046875 0.5583333333333333 0.3984375 0.5666666666666667 0.390625 0.5694444444444444 0.384375 0.5777777777777777 0.3796875 0.5777777777777777 0.371875 0.5888888888888889 0.3671875 0.5888888888888889 0.3609375 0.5972222222222222 0.353125 0.6 0.35 0.6055555555555555 0.3390625 0.6111111111111112 0.334375 0.6194444444444445 0.33125 0.6194444444444445 0.325 0.6277777777777778 0.3140625 0.6333333333333333 0.3109375 0.6388888888888888 0.303125 0.6416666666666667 0.296875 0.65 0.2890625 0.6527777777777778 0.2734375 0.6694444444444444 0.2640625 0.6722222222222223 0.2625 0.6777777777777778 0.2546875 0.6805555555555556 0.2484375 0.6888888888888889 0.240625 0.6916666666666667 0.2375 0.6972222222222222 0.23125 0.7 0.225 0.7083333333333334 0.2171875 0.7111111111111111 0.20625 0.7222222222222222 0.203125 0.7222222222222222 0.1875 0.7388888888888889 0.1796875 0.7416666666666667 0.171875 0.75 0.1640625 0.7527777777777778 0.1625 0.7583333333333333 0.146875 0.7666666666666667 0.14375 0.7722222222222223 0.140625 0.7722222222222223 0.125 0.7888888888888889 0.1203125 0.7888888888888889 0.10625 0.8027777777777778 0.1015625 0.8027777777777778 0.1 0.8083333333333333 0.0921875 0.8111111111111111 0.0734375 0.8305555555555556 0.06875 0.8305555555555556 0.0625 0.8388888888888889 0.0578125 0.8388888888888889 0.04375 0.8527777777777777 0.0390625 0.8527777777777777 0.0375 0.8583333333333333 0.0328125 0.8583333333333333 0.025 0.8666666666666667 0.021875 0.8666666666666667 0.021875 0.8555555555555555 0.0265625 0.85 0.0359375 0.8472222222222222 0.0390625 0.8416666666666667 0.046875 0.8388888888888889 0.053125 0.8305555555555556 0.0609375 0.8277777777777777 0.0640625 0.8222222222222222 0.0734375 0.8166666666666667 0.0765625 0.8111111111111111 0.0859375 0.8083333333333333 0.0953125 0.7972222222222223 0.1 0.7972222222222223 0.10625 0.7888888888888889 0.1109375 0.7888888888888889 0.1171875 0.7805555555555556 0.125 0.7777777777777778 0.128125 0.7722222222222223 0.13125 0.7722222222222223 0.1421875 0.7611111111111111 0.15 0.7583333333333333 0.1515625 0.7527777777777778 0.159375 0.75 0.165625 0.7416666666666667 0.1734375 0.7388888888888889 0.1796875 0.7305555555555555 0.1875 0.7277777777777777 0.203125 0.7111111111111111 0.2125 0.7083333333333334 0.2140625 0.7027777777777777 0.2234375 0.7 0.2390625 0.6833333333333333 0.246875 0.6805555555555556 0.253125 0.6722222222222223 0.2609375 0.6694444444444444 0.2640625 0.6638888888888889 0.271875 0.6611111111111111 0.2765625 0.6555555555555556
0 0.8046875 0.8833333333333333 0.8125 0.8833333333333333 0.8203125 0.8944444444444445 0.8234375 0.8944444444444445 0.828125 0.9 0.83125 0.9083333333333333 0.8296875 0.9166666666666666 0.83125 0.925 0.828125 0.9305555555555556 0.8109375 0.9333333333333333 0.809375 0.9361111111111111 0.796875 0.9361111111111111 0.7875 0.9194444444444444 0.7859375 0.9111111111111111 0.7953125 0.9083333333333333 0.8 0.9027777777777778 0.8046875 0.8861111111111111
0 0.4125 0.6472222222222223 0.4140625 0.65 0.4171875 0.6472222222222223 0.4203125 0.65 0.4046875 0.6861111111111111 0.4015625 0.6888888888888889 0.3921875 0.6888888888888889 0.384375 0.6944444444444444 0.378125 0.6944444444444444 0.3796875 0.6861111111111111 0.403125 0.65 0.4109375 0.6472222222222223
0 0.5046875 0.5111111111111111 0.5171875 0.5166666666666667 0.51875 0.5222222222222223 0.521875 0.5222222222222223 0.534375 0.5416666666666666 0.54375 0.55 0.55 0.5638888888888889 0.5640625 0.5833333333333334 0.5765625 0.5944444444444444 0.5890625 0.5944444444444444 0.590625 0.5972222222222222 0.5984375 0.5944444444444444 0.6 0.5972222222222222 0.615625 0.5972222222222222 0.6171875 0.6 0.6203125 0.5972222222222222 0.6265625 0.6 0.6328125 0.5972222222222222 0.6375 0.6 0.64375 0.6 0.6453125 0.5972222222222222 0.646875 0.6 0.65625 0.6 0.6578125 0.5972222222222222 0.659375 0.6 0.6703125 0.6 0.671875 0.5972222222222222 0.675 0.6 0.6828125 0.6 0.684375 0.5972222222222222 0.6953125 0.6 0.696875 0.5972222222222222 0.7203125 0.5972222222222222 0.721875 0.5944444444444444 0.7265625 0.5972222222222222 0.721875 0.6027777777777777 0.7203125 0.6 0.6984375 0.6027777777777777 0.696875 0.6055555555555555 0.6953125 0.6027777777777777 0.684375 0.6027777777777777 0.6828125 0.6055555555555555 0.68125 0.6027777777777777 0.671875 0.6027777777777777 0.6703125 0.6055555555555555 0.659375 0.6055555555555555 0.6578125 0.6083333333333333 0.6546875 0.6055555555555555 0.646875 0.6055555555555555 0.6453125 0.6083333333333333 0.64375 0.6055555555555555 0.634375 0.6055555555555555 0.63125 0.6083333333333333 0.6296875 0.6055555555555555 0.6109375 0.6055555555555555 0.609375 0.6027777777777777 0.5953125 0.6027777777777777 0.59375 0.6055555555555555 0.5921875 0.6027777777777777 0.5765625 0.6027777777777777 0.5703125 0.5972222222222222 0.565625 0.5972222222222222 0.5171875 0.525 0.5125 0.5194444444444445 0.509375 0.5194444444444445 0.50625 0.5138888888888888
0 0.621875 0.6694444444444444 0.6328125 0.6861111111111111 0.6375 0.6861111111111111 0.6484375 0.7 0.6515625 0.7 0.659375 0.7083333333333334 0.66875 0.7222222222222222 0.66875 0.7277777777777777 0.6625 0.7305555555555555 0.65625 0.7277777777777777 0.64375 0.7111111111111111 0.63125 0.6888888888888889 0.621875 0.6805555555555556 0.6203125 0.6722222222222223