0 0.334375 0.8222222222222222 0.334375 0.8166666666666667 0.3421875 0.8083333333333333 0.35 0.8083333333333333 0.3515625 0.8138888888888889 0.34375 0.825 0.3375 0.825 0.3359375 0.8222222222222222
0 0.3765625 0.7638888888888888 0.3828125 0.7583333333333333 0.3875 0.7583333333333333 0.3875 0.7638888888888888 0.384375 0.7694444444444445 0.378125 0.7666666666666667
0 0.190625 0.9 0.2015625 0.8888888888888888 0.2046875 0.8888888888888888 0.2078125 0.8833333333333333 0.2140625 0.8805555555555555 0.228125 0.8805555555555555 0.23125 0.8861111111111111 0.2265625 0.8972222222222223 0.2078125 0.9111111111111111 0.1984375 0.9111111111111111 0.190625 0.9055555555555556 0.190625 0.9027777777777778
0 0.340625 0.7361111111111112 0.3453125 0.7222222222222222 0.3546875 0.7166666666666667 0.3609375 0.725 0.359375 0.7333333333333333 0.3546875 0.7388888888888889 0.34375 0.7388888888888889 0.3421875 0.7361111111111112
0 0.3453125 0.7638888888888888 0.3453125 0.7694444444444445 0.3421875 0.7722222222222223 0.334375 0.7722222222222223 0.3328125 0.7694444444444445 0.3359375 0.7638888888888888 0.34375 0.7638888888888888
0 0.271875 0.9083333333333333 0.2765625 0.9111111111111111 0.2734375 0.9277777777777778 0.2671875 0.9388888888888889 0.259375 0.9444444444444444 0.2453125 0.9444444444444444 0.2421875 0.9361111111111111 0.2546875 0.9166666666666666 0.2640625 0.9138888888888889 0.2703125 0.9083333333333333
0 0.39375 0.7486111111111111 0.0109375 0.011111111111111112
0 0.3265625 0.8416666666666667 0.33125 0.8444444444444444 0.3234375 0.8611111111111112 0.3171875 0.8666666666666667 0.309375 0.8666666666666667 0.3046875 0.8583333333333333 0.3140625 0.8444444444444444 0.325 0.8444444444444444
0 0.4046875 0.7333333333333333 0.0109375 0.013888888888888888
0 0.3671875 0.7847222222222222 0.0171875 0.019444444444444445
0 0.384375 0.7944444444444444 0.3828125 0.8027777777777778 0.340625 0.8694444444444445 0.325 0.9 0.309375 0.9194444444444444 0.2921875 0.9527777777777777 0.278125 0.9694444444444444 0.2625 0.9972222222222222 0.23125 0.9972222222222222 0.234375 0.9972222222222222 0.2453125 0.9777777777777777 0.253125 0.9694444444444444 0.2546875 0.9638888888888889 0.26875 0.9444444444444444 0.2734375 0.9416666666666667 0.2953125 0.9083333333333333 0.2984375 0.9 0.303125 0.8972222222222223 0.3109375 0.8861111111111111 0.31875 0.8694444444444445 0.321875 0.8694444444444445 0.3359375 0.8444444444444444 0.340625 0.8388888888888889 0.3515625 0.8388888888888889 0.35625 0.8305555555555556 0.35625 0.8194444444444444 0.3609375 0.8111111111111111 0.36875 0.8111111111111111 0.3734375 0.8055555555555556 0.3734375 0.8 0.3828125 0.7972222222222223
0 0.296875 0.8 0.30625 0.8 0.3078125 0.8027777777777778 0.30625 0.8138888888888889 0.2984375 0.8166666666666667 0.2953125 0.8222222222222222 0.290625 0.8222222222222222 0.284375 0.8166666666666667 0.284375 0.8111111111111111 0.296875 0.8027777777777778