0 0.4640625 0.5638888888888889 0.4609375 0.5722222222222222 0.453125 0.5722222222222222 0.453125 0.5666666666666667 0.459375 0.5611111111111111 0.4625 0.5638888888888889
0 0.6484375 0.7555555555555555 0.6578125 0.7638888888888888 0.7140625 0.8666666666666667 0.721875 0.8833333333333333 0.7234375 0.8888888888888888 0.721875 0.8916666666666667 0.7078125 0.8888888888888888 0.6984375 0.8777777777777778 0.6890625 0.8555555555555555 0.646875 0.775 0.640625 0.7583333333333333 0.64375 0.7527777777777778 0.646875 0.7555555555555555
0 0.3375 0.5861111111111111 0.3515625 0.575 0.35625 0.575 0.3546875 0.5805555555555556 0.346875 0.5861111111111111 0.3390625 0.5861111111111111
0 0.553125 0.5722222222222222 0.559375 0.5833333333333334 0.553125 0.5833333333333334 0.5515625 0.575
0 0.2328125 0.6444444444444445 0.2328125 0.6472222222222223 0.2265625 0.6527777777777778 0.1984375 0.6694444444444444 0.184375 0.6694444444444444 0.1859375 0.6666666666666666 0.1953125 0.6638888888888889 0.2203125 0.6472222222222223 0.23125 0.6444444444444445
0 0.4296875 0.6027777777777777 0.41875 0.6222222222222222 0.4125 0.6194444444444445 0.4234375 0.6027777777777777 0.428125 0.6027777777777777
0 0.3671875 0.6805555555555556 0.371875 0.6694444444444444 0.378125 0.6638888888888889 0.384375 0.6527777777777778 0.396875 0.6416666666666667 0.4 0.6444444444444445 0.4125 0.6444444444444445 0.4140625 0.6472222222222223 0.3953125 0.6805555555555556 0.3921875 0.6833333333333333 0.36875 0.6805555555555556
0 0.4234375 0.6194444444444445 0.4328125 0.6027777777777777 0.440625 0.6027777777777777 0.440625 0.6083333333333333 0.4375 0.6138888888888889 0.4296875 0.6222222222222222 0.425 0.6222222222222222
0 0.6421875 0.7555555555555555 0.646875 0.7555555555555555 0.6578125 0.7638888888888888 0.7140625 0.8666666666666667 0.7234375 0.8888888888888888 0.71875 0.8916666666666667 0.7171875 0.8888888888888888 0.7078125 0.8888888888888888 0.7046875 0.8861111111111111 0.6765625 0.8333333333333334 0.6671875 0.8111111111111111 0.65625 0.7944444444444444 0.6421875 0.7638888888888888 0.6421875 0.7583333333333333
0 0.128125 0.7027777777777777 0.1171875 0.7138888888888889 0.0984375 0.725 0.0875 0.7277777777777777 0.0765625 0.7361111111111112 0.071875 0.7361111111111112 0.0609375 0.7444444444444445 0.05625 0.7444444444444445 0.05 0.75 0.0421875 0.75 0.040625 0.7472222222222222 0.05 0.7388888888888889 0.09375 0.7194444444444444 0.109375 0.7083333333333334 0.1265625 0.7027777777777777
0 0.328125 0.5916666666666667 0.3296875 0.5916666666666667 0.3265625 0.5972222222222222 0.315625 0.6027777777777777 0.3078125 0.6027777777777777 0.3078125 0.6 0.3265625 0.5916666666666667
0 0.2734375 0.8416666666666667 0.2828125 0.8222222222222222 0.3046875 0.7888888888888889 0.309375 0.7861111111111111 0.328125 0.7555555555555555 0.35 0.7277777777777777 0.3578125 0.7277777777777777 0.359375 0.7333333333333333 0.3359375 0.775 0.3125 0.8083333333333333 0.296875 0.8361111111111111 0.2859375 0.8444444444444444 0.275 0.8416666666666667
0 0.128125 0.7027777777777777 0.128125 0.7055555555555556 0.125 0.7055555555555556 0.1171875 0.7138888888888889 0.0984375 0.725 0.0875 0.7277777777777777 0.08125 0.7333333333333333 0.0765625 0.7333333333333333 0.05 0.75 0.0390625 0.75 0.0390625 0.7472222222222222 0.0453125 0.7416666666666667 0.065625 0.7333333333333333 0.0765625 0.725 0.09375 0.7194444444444444 0.115625 0.7055555555555556 0.1265625 0.7027777777777777
0 0.4125 0.6194444444444445 0.425 0.6027777777777777 0.4390625 0.6027777777777777 0.440625 0.6055555555555555 0.4390625 0.6111111111111112 0.4296875 0.6222222222222222 0.4140625 0.6222222222222222
0 0.290625 0.6111111111111112 0.2859375 0.6194444444444445 0.2640625 0.6305555555555555 0.2609375 0.6277777777777778 0.265625 0.6222222222222222 0.2890625 0.6111111111111112
0 0.571875 0.6194444444444445 0.5796875 0.6194444444444445 0.5890625 0.6361111111111111 0.5875 0.6444444444444445 0.5828125 0.6416666666666667 0.571875 0.6222222222222222
0 0.45859375 0.575 0.0546875 0.08888888888888889
0 0.4484375 0.575 0.4484375 0.5805555555555556 0.4421875 0.5916666666666667 0.4375 0.5944444444444444 0.434375 0.5888888888888889 0.4375 0.5833333333333334 0.446875 0.5777777777777777
0 0.453125 0.5777777777777777 0.4546875 0.5833333333333334 0.45 0.5916666666666667 0.44375 0.5916666666666667 0.44375 0.5888888888888889 0.446875 0.5805555555555556 0.4515625 0.5777777777777777
0 0.6046875 0.6666666666666666 0.625 0.7055555555555556 0.621875 0.7111111111111111 0.6140625 0.7083333333333334 0.5984375 0.6777777777777778 0.5953125 0.6666666666666666 0.596875 0.6638888888888889 0.603125 0.6666666666666666
0 0.559375 0.5888888888888889 0.5640625 0.5916666666666667 0.56875 0.6 0.56875 0.6055555555555555 0.565625 0.6055555555555555 0.559375 0.5972222222222222 0.559375 0.5916666666666667
0 0.3328125 0.7472222222222222 0.35 0.7277777777777777 0.3578125 0.7277777777777777 0.359375 0.7333333333333333 0.3421875 0.7638888888888888 0.2921875 0.8416666666666667 0.2828125 0.8444444444444444 0.28125 0.8416666666666667 0.2734375 0.8416666666666667 0.2734375 0.8388888888888889 0.2875 0.8138888888888889 0.296875 0.8027777777777778 0.30625 0.7861111111111111 0.3125 0.7805555555555556 0.3203125 0.7666666666666667 0.31875 0.7638888888888888 0.309375 0.7722222222222223 0.296875 0.7916666666666666 0.275 0.8166666666666667 0.2578125 0.8416666666666667 0.25 0.8416666666666667 0.2453125 0.8361111111111111 0.2453125 0.8305555555555556 0.2546875 0.8166666666666667 0.2703125 0.8 0.3203125 0.7333333333333333 0.3328125 0.7277777777777777 0.334375 0.7361111111111112 0.3265625 0.75 0.328125 0.7555555555555555 0.3328125 0.75