0 0.4015625 0.9722222222222222 0.403125 0.9805555555555555 0.4 0.9888888888888889 0.4 0.9944444444444445 0.396875 0.9972222222222222 0.346875 0.9972222222222222 0.346875 0.9916666666666667 0.3609375 0.9583333333333334 0.365625 0.9527777777777777 0.3703125 0.9527777777777777 0.4 0.9722222222222222
0 0 0.8027777777777778 0.0203125 0.7916666666666666 0.028125 0.7916666666666666 0.0296875 0.7944444444444444 0.0265625 0.8 0.01875 0.8027777777777778 0.015625 0.8083333333333333 0.003125 0.8138888888888889 0 0.8194444444444444 0 0.8055555555555556
0 0.7515625 0.8472222222222222 0.765625 0.8472222222222222 0.7671875 0.85 0.803125 0.8555555555555555 0.8046875 0.8583333333333333 0.821875 0.8611111111111112 0.828125 0.8666666666666667 0.8265625 0.8694444444444445 0.8015625 0.8666666666666667 0.7890625 0.8611111111111112 0.765625 0.8583333333333333 0.7515625 0.85
0 0.5734375 0.8 0.575 0.8027777777777778 0.60625 0.8083333333333333 0.609375 0.8138888888888889 0.5890625 0.8138888888888889 0.5875 0.8111111111111111 0.5703125 0.8083333333333333 0.5671875 0.8027777777777778 0.571875 0.8
0 0.1859375 0.6916666666666667 0.2015625 0.7 0.2140625 0.7111111111111111 0.23125 0.7194444444444444 0.2359375 0.725 0.265625 0.7388888888888889 0.26875 0.7444444444444445 0.2578125 0.7444444444444445 0.2296875 0.7277777777777777 0.1859375 0.6944444444444444
0 0.9109375 0.8861111111111111 0.9234375 0.8861111111111111 0.9328125 0.8916666666666667 0.9484375 0.8916666666666667 0.95 0.8944444444444445 0.9640625 0.8944444444444445 0.965625 0.8972222222222223 0.996875 0.9027777777777778 0.9984375 0.9111111111111111 0.9890625 0.9111111111111111 0.9875 0.9083333333333333 0.9765625 0.9083333333333333 0.975 0.9055555555555556 0.921875 0.8944444444444445 0.9125 0.8888888888888888
0 0.2 0.7666666666666667 0.209375 0.7611111111111111 0.23125 0.7555555555555555 0.2328125 0.7527777777777778 0.2546875 0.75 0.265625 0.7444444444444445 0.2828125 0.7444444444444445 0.284375 0.7416666666666667 0.303125 0.7388888888888889 0.3140625 0.7333333333333333 0.328125 0.7333333333333333 0.3296875 0.7305555555555555 0.334375 0.7305555555555555 0.3359375 0.7333333333333333 0.3328125 0.7361111111111112 0.3078125 0.7416666666666667 0.2890625 0.75 0.240625 0.7583333333333333 0.2234375 0.7666666666666667 0.2015625 0.7666666666666667
0 0.1328125 0.7222222222222222 0.1421875 0.7388888888888889 0.146875 0.7416666666666667 0.159375 0.7611111111111111 0.1546875 0.7666666666666667 0.1453125 0.7666666666666667 0.14375 0.7694444444444445 0.1390625 0.7666666666666667 0.11875 0.7666666666666667 0.1171875 0.7583333333333333 0.11875 0.7555555555555555 0.11875 0.7361111111111112 0.1203125 0.7305555555555555 0.1265625 0.725 0.13125 0.725
0 0.51875 0.7861111111111111 0.5203125 0.7888888888888889 0.5375 0.7916666666666666 0.5390625 0.7972222222222223 0.51875 0.7944444444444444 0.5109375 0.7888888888888889 0.5171875 0.7861111111111111
0 0.2234375 0.6888888888888889 0.2421875 0.6916666666666667 0.26875 0.7055555555555556 0.2796875 0.7055555555555556 0.28125 0.7083333333333334 0.3109375 0.7166666666666667 0.3421875 0.7333333333333333 0.3515625 0.7333333333333333 0.3828125 0.7472222222222222 0.3671875 0.7472222222222222 0.365625 0.7444444444444445 0.3578125 0.7444444444444445 0.3265625 0.7305555555555555 0.31875 0.7305555555555555 0.3125 0.725 0.29375 0.7194444444444444 0.2859375 0.7138888888888889 0.2796875 0.7138888888888889 0.271875 0.7083333333333334 0.2625 0.7083333333333334 0.2375 0.6944444444444444 0.23125 0.6944444444444444 0.225 0.6888888888888889
0 0.21875 0.6861111111111111 0.2296875 0.6861111111111111 0.25625 0.7 0.3125 0.7166666666666667 0.31875 0.7222222222222222 0.3328125 0.7277777777777777 0.31875 0.7305555555555555 0.2703125 0.7083333333333334 0.2609375 0.7083333333333334 0.234375 0.6944444444444444 0.2265625 0.6944444444444444 0.2234375 0.6888888888888889 0.2203125 0.6888888888888889
0 0.646875 0.8222222222222222 0.675 0.825 0.6765625 0.8277777777777777 0.6953125 0.8305555555555556 0.703125 0.8361111111111111 0.7015625 0.8388888888888889 0.6890625 0.8388888888888889 0.6765625 0.8333333333333334 0.6546875 0.8305555555555556 0.646875 0.825