0 0.875 0.725 0.8765625 0.7277777777777777 0.88125 0.725 0.9 0.725 0.9015625 0.7277777777777777 0.946875 0.7277777777777777 0.9484375 0.7305555555555555 0.9625 0.7305555555555555 0.9640625 0.7277777777777777 0.996875 0.7305555555555555 0.9984375 0.7277777777777777 0.9984375 0.7694444444444445 0.99375 0.7722222222222223 0.971875 0.7722222222222223 0.9703125 0.7694444444444445 0.934375 0.7694444444444445 0.9328125 0.7722222222222223 0.9265625 0.7722222222222223 0.925 0.7694444444444445 0.8953125 0.7694444444444445 0.89375 0.7666666666666667 0.8859375 0.7666666666666667 0.875 0.7583333333333333 0.8640625 0.7583333333333333 0.8515625 0.7527777777777778 0.8484375 0.7555555555555555 0.8328125 0.7416666666666667 0.815625 0.7361111111111112 0.8140625 0.7333333333333333 0.815625 0.7277777777777777 0.81875 0.725 0.8734375 0.725
0 0.5296875 0.7527777777777778 0.5484375 0.7527777777777778 0.5546875 0.7777777777777778 0.5578125 0.7833333333333333 0.5578125 0.7916666666666666 0.5328125 0.7916666666666666 0.5296875 0.7833333333333333 0.5296875 0.7555555555555555
0 0.6328125 0.75 0.65 0.75 0.6671875 0.7638888888888888 0.6890625 0.775 0.69375 0.7805555555555556 0.6984375 0.7805555555555556 0.70625 0.7888888888888889 0.678125 0.7888888888888889 0.671875 0.7861111111111111 0.6328125 0.7527777777777778
0 0.575 0.9583333333333334 0.5765625 0.9611111111111111 0.6125 0.9611111111111111 0.6140625 0.9638888888888889 0.6375 0.9638888888888889 0.6390625 0.9611111111111111 0.725 0.9611111111111111 0.7265625 0.9583333333333334 0.73125 0.9611111111111111 0.7359375 0.9583333333333334 0.7390625 0.9611111111111111 0.7515625 0.9611111111111111 0.753125 0.9583333333333334 0.809375 0.9583333333333334 0.8109375 0.9611111111111111 0.86875 0.9638888888888889 0.8765625 0.9694444444444444 0.878125 0.9666666666666667 0.99375 0.9694444444444444 0.9984375 0.9722222222222222 0.9984375 0.9944444444444445 0.99375 0.9972222222222222 0.9609375 0.9972222222222222 0.959375 0.9944444444444445 0.9515625 0.9944444444444445 0.95 0.9972222222222222 0.9203125 0.9972222222222222 0.91875 0.9944444444444445 0.8984375 0.9944444444444445 0.896875 0.9972222222222222 0.8421875 0.9972222222222222 0.840625 0.9944444444444445 0.759375 0.9944444444444445 0.7578125 0.9972222222222222 0.7265625 0.9972222222222222 0.725 0.9944444444444445 0.6296875 0.9944444444444445 0.628125 0.9972222222222222 0.6015625 0.9972222222222222 0.6 0.9944444444444445 0.5234375 0.9944444444444445 0.521875 0.9972222222222222 0.5203125 0.9944444444444445 0.5171875 0.9972222222222222 0.5109375 0.9944444444444445 0.459375 0.9944444444444445 0.4578125 0.9972222222222222 0.4546875 0.9944444444444445 0.4421875 0.9944444444444445 0.440625 0.9972222222222222 0.4078125 0.9972222222222222 0.40625 0.9944444444444445 0.3953125 0.9944444444444445 0.39375 0.9972222222222222 0.390625 0.9944444444444445 0.3875 0.9972222222222222 0.353125 0.9972222222222222 0.3515625 0.9944444444444445 0.240625 0.9972222222222222 0.2390625 0.9944444444444445 0.2203125 0.9944444444444445 0.21875 0.9972222222222222 0.1859375 0.9972222222222222 0.184375 0.9944444444444445 0.1640625 0.9944444444444445 0.1578125 0.9972222222222222 0.15625 0.9944444444444445 0.134375 0.9944444444444445 0.1328125 0.9972222222222222 0.090625 0.9972222222222222 0.0921875 0.9916666666666667 0.1 0.9833333333333333 0.109375 0.9777777777777777 0.11875 0.9777777777777777 0.1203125 0.975 0.2375 0.9722222222222222 0.2390625 0.9694444444444444 0.2796875 0.9694444444444444 0.28125 0.9666666666666667 0.29375 0.9666666666666667 0.2953125 0.9694444444444444 0.3015625 0.9666666666666667 0.315625 0.9666666666666667 0.3171875 0.9694444444444444 0.3203125 0.9666666666666667 0.321875 0.9694444444444444 0.328125 0.9666666666666667 0.3359375 0.9666666666666667 0.3375 0.9694444444444444 0.3765625 0.9694444444444444 0.378125 0.9666666666666667 0.453125 0.9638888888888889 0.4546875 0.9611111111111111 0.4703125 0.9611111111111111 0.471875 0.9583333333333334 0.50625 0.9583333333333334 0.5078125 0.9555555555555556 0.51875 0.9555555555555556 0.5203125 0.9583333333333334 0.5734375 0.9583333333333334
0 0.7953125 0.7611111111111111 0.8140625 0.7638888888888888 0.828125 0.7722222222222223 0.8453125 0.775 0.8515625 0.7805555555555556 0.8578125 0.7805555555555556 0.8765625 0.7916666666666666 0.89375 0.7944444444444444 0.9359375 0.8138888888888889 0.9296875 0.8166666666666667 0.928125 0.8138888888888889 0.9125 0.8138888888888889 0.9109375 0.8111111111111111 0.89375 0.8083333333333333 0.8875 0.8027777777777778 0.8796875 0.8027777777777778 0.871875 0.7972222222222223 0.8515625 0.7916666666666666 0.8296875 0.7777777777777778 0.8140625 0.775 0.7953125 0.7638888888888888
0 0.5796875 0.75 0.5984375 0.75 0.6109375 0.7666666666666667 0.628125 0.7833333333333333 0.628125 0.7888888888888889 0.5984375 0.7888888888888889 0.5796875 0.7527777777777778
0 0.4 0.7583333333333333 0.4046875 0.7611111111111111 0.390625 0.7777777777777778 0.3828125 0.7805555555555556 0.3625 0.7972222222222223 0.353125 0.7972222222222223 0.3515625 0.8 0.34375 0.8 0.3453125 0.7944444444444444 0.3703125 0.7777777777777778 0.3875 0.7611111111111111 0.3984375 0.7583333333333333
0 0.4484375 0.7555555555555555 0.4390625 0.775 0.4296875 0.7833333333333333 0.425 0.7916666666666666 0.41875 0.7916666666666666 0.4171875 0.7944444444444444 0.4015625 0.7944444444444444 0.4 0.7916666666666666 0.4015625 0.7888888888888889 0.4328125 0.7555555555555555 0.446875 0.7555555555555555
0 0.6828125 0.7527777777777778 0.7 0.7527777777777778 0.7328125 0.7722222222222223 0.7453125 0.775 0.7828125 0.7944444444444444 0.7828125 0.7972222222222223 0.753125 0.7944444444444444 0.7390625 0.7833333333333333 0.734375 0.7833333333333333 0.7234375 0.775 0.71875 0.775 0.684375 0.7555555555555555
0 0.48203125 0.775 0.0359375 0.044444444444444446
0 0.74375 0.7555555555555555 0.753125 0.7611111111111111 0.7625 0.7611111111111111 0.76875 0.7666666666666667 0.775 0.7666666666666667 0.78125 0.7722222222222223 0.7875 0.7722222222222223 0.8078125 0.7833333333333333 0.8140625 0.7833333333333333 0.8515625 0.8027777777777778 0.8609375 0.8027777777777778 0.8671875 0.8055555555555556 0.865625 0.8083333333333333 0.8375 0.8055555555555556 0.8359375 0.8027777777777778 0.828125 0.8027777777777778 0.821875 0.7972222222222223 0.8078125 0.7944444444444444 0.7859375 0.7805555555555556 0.778125 0.7805555555555556 0.753125 0.7666666666666667 0.74375 0.7666666666666667 0.7390625 0.7611111111111111 0.7421875 0.7555555555555555
0 0.5875 0.7472222222222222 0.5890625 0.75 0.6234375 0.75 0.625 0.7527777777777778 0.6296875 0.75 0.65 0.75 0.6515625 0.7527777777777778 0.6609375 0.7527777777777778 0.6671875 0.7611111111111111 0.675 0.7611111111111111 0.6765625 0.7583333333333333 0.675 0.7527777777777778 0.7109375 0.7527777777777778 0.7125 0.75 0.71875 0.75 0.7203125 0.7527777777777778 0.7484375 0.7527777777777778 0.7640625 0.7611111111111111 0.7671875 0.7583333333333333 0.7734375 0.7583333333333333 0.775 0.7611111111111111 0.7890625 0.7583333333333333 0.790625 0.7611111111111111 0.81875 0.7638888888888888 0.8203125 0.7666666666666667 0.8234375 0.7638888888888888 0.8390625 0.7638888888888888 0.840625 0.7666666666666667 0.84375 0.7638888888888888 0.85625 0.7638888888888888 0.8953125 0.7833333333333333 0.9015625 0.7833333333333333 0.9078125 0.7888888888888889 0.9203125 0.7888888888888889 0.9375 0.7972222222222223 0.9453125 0.7972222222222223 0.9515625 0.8027777777777778 0.959375 0.8027777777777778 0.9625 0.8083333333333333 0.9546875 0.8166666666666667 0.921875 0.8166666666666667 0.9203125 0.8138888888888889 0.909375 0.8138888888888889 0.9078125 0.8111111111111111 0.8875 0.8083333333333333 0.8859375 0.8055555555555556 0.84375 0.8083333333333333 0.8421875 0.8055555555555556 0.83125 0.8055555555555556 0.8171875 0.7972222222222223 0.8015625 0.7944444444444444 0.796875 0.7888888888888889 0.7890625 0.7916666666666666 0.784375 0.8 0.7734375 0.8 0.771875 0.7972222222222223 0.75625 0.7972222222222223 0.7375 0.7861111111111111 0.7140625 0.7861111111111111 0.70625 0.7916666666666666 0.6984375 0.7916666666666666 0.696875 0.7888888888888889 0.671875 0.7888888888888889 0.6671875 0.7833333333333333 0.65625 0.7833333333333333 0.646875 0.7888888888888889 0.6453125 0.7861111111111111 0.6359375 0.7861111111111111 0.634375 0.7888888888888889 0.60625 0.7888888888888889 0.6046875 0.7916666666666666 0.5984375 0.7888888888888889 0.56875 0.7888888888888889 0.55625 0.7944444444444444 0.5390625 0.7944444444444444 0.5265625 0.7888888888888889 0.515625 0.7888888888888889 0.5140625 0.7916666666666666 0.4984375 0.7888888888888889 0.4875 0.7944444444444444 0.459375 0.7944444444444444 0.4578125 0.7916666666666666 0.434375 0.7944444444444444 0.4328125 0.7916666666666666 0.4265625 0.7916666666666666 0.425 0.7944444444444444 0.365625 0.7944444444444444 0.3578125 0.8 0.340625 0.8 0.340625 0.7972222222222223 0.35 0.7888888888888889 0.353125 0.7888888888888889 0.3609375 0.7805555555555556 0.3703125 0.7777777777777778 0.38125 0.7638888888888888 0.390625 0.7583333333333333 0.409375 0.7583333333333333 0.4109375 0.7555555555555555 0.4125 0.7583333333333333 0.4171875 0.7555555555555555 0.428125 0.7583333333333333 0.4359375 0.7527777777777778 0.4875 0.7527777777777778 0.4890625 0.75 0.4953125 0.75 0.496875 0.7527777777777778 0.54375 0.75 0.553125 0.7555555555555555 0.5625 0.75 0.5859375 0.75
0 0.584375 0.7055555555555556 0.584375 0.7083333333333334 0.5765625 0.7166666666666667 0.559375 0.7166666666666667 0.5578125 0.7194444444444444 0.46875 0.7166666666666667 0.4671875 0.7194444444444444 0.4171875 0.7194444444444444 0.415625 0.7222222222222222 0.3890625 0.7222222222222222 0.3875 0.7194444444444444 0.36875 0.7194444444444444 0.3703125 0.7166666666666667 0.415625 0.7138888888888889 0.428125 0.7083333333333334 0.5703125 0.7083333333333334 0.571875 0.7055555555555556 0.5828125 0.7055555555555556
0 0.8421875 0.7638888888888888 0.85625 0.7638888888888888 0.890625 0.7805555555555556 0.8984375 0.7805555555555556 0.9109375 0.7888888888888889 0.921875 0.7888888888888889 0.9234375 0.7916666666666666 0.9390625 0.7944444444444444 0.9453125 0.8 0.9640625 0.8055555555555556 0.9640625 0.8083333333333333 0.95 0.8083333333333333 0.9484375 0.8055555555555556 0.9265625 0.8027777777777778 0.9078125 0.7916666666666666 0.890625 0.7888888888888889 0.8828125 0.7833333333333333 0.8765625 0.7833333333333333 0.871875 0.7777777777777778 0.85625 0.775 0.8515625 0.7694444444444445 0.84375 0.7666666666666667