0 0.571875 0.6805555555555556 0.578125 0.6805555555555556 0.58125 0.6861111111111111 0.5796875 0.6888888888888889 0.5734375 0.6833333333333333
0 0 0.7722222222222223 0.00625 0.7722222222222223 0.003125 0.7777777777777778 0 0.7777777777777778 0 0.775
0 0.3265625 0.8166666666666667 0.328125 0.8277777777777777 0.3046875 0.8416666666666667 0.2875 0.8583333333333333 0.2765625 0.8777777777777778 0.2703125 0.8833333333333333 0.2609375 0.9 0.2390625 0.9277777777777778 0.2296875 0.9444444444444444 0.1921875 0.9972222222222222 0.1734375 0.9972222222222222 0.2109375 0.9444444444444444 0.221875 0.9333333333333333 0.253125 0.8861111111111111 0.2578125 0.8833333333333333 0.28125 0.85 0.2953125 0.8416666666666667 0.30625 0.8305555555555556 0.3109375 0.8305555555555556 0.325 0.8166666666666667
0 0.0875 0.7083333333333334 0.0875 0.7111111111111111 0.084375 0.7111111111111111 0.08125 0.7166666666666667 0.0703125 0.7138888888888889 0.0515625 0.7222222222222222 0.0359375 0.7222222222222222 0.0375 0.7166666666666667 0.04375 0.7138888888888889 0.0828125 0.7111111111111111 0.0859375 0.7083333333333334
0 0.5890625 0.8472222222222222 0.596875 0.8472222222222222 0.65 0.9472222222222222 0.6484375 0.9527777777777777 0.6375 0.95 0.5890625 0.85
0 0.534375 0.7333333333333333 0.540625 0.7361111111111112 0.5484375 0.7527777777777778 0.5484375 0.7583333333333333 0.5421875 0.7555555555555555 0.5359375 0.7444444444444445 0.534375 0.7361111111111112
0 0.3 0.7333333333333333 0.3046875 0.7361111111111112 0.3046875 0.7444444444444445 0.3015625 0.7472222222222222 0.2828125 0.75 0.26875 0.7666666666666667 0.2578125 0.7722222222222223 0.25 0.7722222222222223 0.2375 0.7805555555555556 0.2296875 0.7805555555555556 0.228125 0.7777777777777778 0.2328125 0.7666666666666667 0.24375 0.7527777777777778 0.2546875 0.7472222222222222 0.2828125 0.7472222222222222 0.2875 0.75 0.29375 0.7333333333333333 0.2984375 0.7333333333333333
0 0.109375 0.8722222222222222 0.1109375 0.875 0.109375 0.8805555555555555 0.0546875 0.9222222222222223 0.0453125 0.9222222222222223 0.04375 0.9194444444444444 0.05 0.9111111111111111 0.071875 0.8972222222222223 0.09375 0.8777777777777778 0.1078125 0.8722222222222222
0 0 0.8305555555555556 0.0109375 0.8277777777777777 0.0234375 0.8194444444444444 0.0265625 0.8222222222222222 0.028125 0.8305555555555556 0.0328125 0.8305555555555556 0.03125 0.8388888888888889 0.003125 0.8583333333333333 0 0.8583333333333333 0.0015625 0.8472222222222222 0.015625 0.8416666666666667 0.0234375 0.8333333333333334 0.021875 0.8305555555555556 0.015625 0.8305555555555556 0.0046875 0.8361111111111111 0 0.8416666666666667 0 0.8333333333333334
0 0.5875 0.6944444444444444 0.5953125 0.6944444444444444 0.6015625 0.7 0.6046875 0.7055555555555556 0.6015625 0.7083333333333334 0.5890625 0.6972222222222222
0 0.6453125 0.7388888888888889 0.6515625 0.7388888888888889 0.6796875 0.7611111111111111 0.678125 0.7666666666666667 0.671875 0.7638888888888888 0.6453125 0.7416666666666667