0 0.578125 0.6472222222222223 0.5765625 0.6638888888888889 0.56875 0.6694444444444444 0.553125 0.6694444444444444 0.55 0.6638888888888889 0.540625 0.6583333333333333 0.540625 0.6555555555555556 0.5578125 0.6472222222222223 0.565625 0.6472222222222223 0.5671875 0.65 0.56875 0.6472222222222223 0.5765625 0.6472222222222223
0 0.375 0.7083333333333334 0.3765625 0.7111111111111111 0.375 0.7166666666666667 0.36875 0.725 0.365625 0.7222222222222222 0.365625 0.7166666666666667 0.3734375 0.7083333333333334
0 0.7265625 0.6694444444444444 0.728125 0.675 0.71875 0.6861111111111111 0.7203125 0.6916666666666667 0.725 0.6888888888888889 0.74375 0.6916666666666667 0.75 0.6944444444444444 0.7515625 0.7 0.7484375 0.7055555555555556 0.734375 0.7055555555555556 0.7328125 0.7027777777777777 0.7109375 0.7055555555555556 0.709375 0.7111111111111111 0.7140625 0.7138888888888889 0.7140625 0.7194444444444444 0.7046875 0.7194444444444444 0.703125 0.7222222222222222 0.6984375 0.7194444444444444 0.684375 0.7194444444444444 0.6921875 0.7027777777777777 0.7015625 0.7 0.70625 0.6861111111111111 0.721875 0.6722222222222223 0.725 0.6722222222222223
0 0.565625 0.6472222222222223 0.5671875 0.65 0.578125 0.6472222222222223 0.578125 0.6611111111111111 0.5765625 0.6638888888888889 0.578125 0.6777777777777778 0.5703125 0.6777777777777778 0.5640625 0.6694444444444444 0.553125 0.6694444444444444 0.5484375 0.6611111111111111 0.5453125 0.6611111111111111 0.540625 0.6555555555555556 0.55 0.65 0.5640625 0.6472222222222223
0 0.5140625 0.8638888888888889 0.5109375 0.8472222222222222 0.5109375 0.8333333333333334 0.5125 0.8305555555555556 0.5171875 0.8305555555555556 0.521875 0.8388888888888889 0.5265625 0.8583333333333333 0.525 0.8666666666666667 0.515625 0.8638888888888889
0 0.3171875 0.8194444444444444 0.3171875 0.825 0.284375 0.8805555555555555 0.271875 0.8805555555555555 0.2703125 0.875 0.2796875 0.8583333333333333 0.284375 0.8555555555555555 0.2984375 0.8305555555555556 0.3015625 0.8305555555555556 0.3078125 0.8194444444444444 0.315625 0.8194444444444444
0 0.39375 0.6722222222222223 0.4015625 0.6722222222222223 0.3984375 0.6777777777777778 0.39375 0.6777777777777778 0.39375 0.675
0 0.2078125 0.7027777777777777 0.2265625 0.6916666666666667 0.24375 0.6861111111111111 0.25 0.6805555555555556 0.253125 0.6833333333333333 0.259375 0.6777777777777778 0.271875 0.675 0.2921875 0.6611111111111111 0.3109375 0.6583333333333333 0.309375 0.6638888888888889 0.29375 0.6666666666666666 0.284375 0.675 0.2796875 0.675 0.253125 0.6916666666666667 0.25 0.6888888888888889 0.24375 0.6944444444444444 0.2390625 0.6944444444444444 0.2203125 0.7083333333333334 0.2109375 0.7111111111111111 0.2078125 0.7055555555555556
0 0.67109375 0.7 0.0515625 0.04722222222222222
0 0.5234375 0.9111111111111111 0.5359375 0.9111111111111111 0.5375 0.9138888888888889 0.5421875 0.9305555555555556 0.54375 0.9472222222222222 0.546875 0.9555555555555556 0.546875 0.9611111111111111 0.540625 0.9583333333333334 0.534375 0.9611111111111111 0.53125 0.9583333333333334 0.5265625 0.9388888888888889 0.528125 0.9361111111111111 0.525 0.9277777777777778 0.5234375 0.9138888888888889
0 0.69375 0.6305555555555555 0.6953125 0.6361111111111111 0.6890625 0.6388888888888888 0.6671875 0.6388888888888888 0.665625 0.6361111111111111 0.675 0.6305555555555555 0.6921875 0.6305555555555555
0 0.6578125 0.6694444444444444 0.671875 0.6694444444444444 0.671875 0.675 0.665625 0.6833333333333333 0.659375 0.6861111111111111 0.6578125 0.6861111111111111 0.6578125 0.6722222222222223
0 0.6453125 0.7138888888888889 0.6484375 0.7055555555555556 0.65625 0.7027777777777777 0.665625 0.6916666666666667 0.678125 0.6833333333333333 0.68125 0.6777777777777778 0.6953125 0.6777777777777778 0.6953125 0.6805555555555556 0.6796875 0.7 0.6734375 0.7027777777777777 0.665625 0.7138888888888889 0.6578125 0.7194444444444444 0.646875 0.7138888888888889