0 0.4703125 0.7194444444444444 0.471875 0.7194444444444444 0.4671875 0.7277777777777777 0.4625 0.7305555555555555 0.4546875 0.7444444444444445 0.43125 0.7694444444444445 0.3828125 0.8111111111111111 0.3671875 0.8277777777777777 0.3640625 0.8277777777777777 0.3546875 0.8388888888888889 0.346875 0.8361111111111111 0.3421875 0.8277777777777777 0.3453125 0.8194444444444444 0.3515625 0.8166666666666667 0.378125 0.7916666666666666 0.38125 0.7916666666666666 0.4203125 0.7583333333333333 0.428125 0.75 0.43125 0.7416666666666667 0.4390625 0.7361111111111112 0.446875 0.725 0.45625 0.725 0.4640625 0.7166666666666667 0.46875 0.7166666666666667
0 0.525 0.7611111111111111 0.5265625 0.7722222222222223 0.5359375 0.7861111111111111 0.5125 0.8388888888888889 0.5109375 0.8472222222222222 0.5015625 0.8638888888888889 0.49375 0.8861111111111111 0.4734375 0.9305555555555556 0.4609375 0.9527777777777777 0.4546875 0.9722222222222222 0.4484375 0.9805555555555555 0.4453125 0.9777777777777777 0.4328125 0.9583333333333334 0.428125 0.9555555555555556 0.421875 0.9416666666666667 0.4625 0.8722222222222222 0.4921875 0.8138888888888889 0.5234375 0.7638888888888888
0 0.059375 0.75 0.0734375 0.7388888888888889 0.08125 0.7388888888888889 0.08125 0.7416666666666667 0.075 0.7472222222222222 0.0609375 0.7527777777777778
0 0.11875 0.7166666666666667 0.1203125 0.7111111111111111 0.125 0.7083333333333334 0.128125 0.7138888888888889 0.1203125 0.7166666666666667
0 0.7421875 0.8333333333333334 0.7484375 0.8333333333333334 0.7859375 0.8527777777777777 0.821875 0.925 0.85 0.9722222222222222 0.85625 0.9916666666666667 0.8515625 0.9972222222222222 0.825 0.9972222222222222 0.8203125 0.9916666666666667 0.81875 0.9944444444444445 0.8046875 0.9944444444444445 0.79375 0.975 0.784375 0.9444444444444444 0.7734375 0.9222222222222223 0.7421875 0.8361111111111111
0 0.5078125 0.7305555555555555 0.5015625 0.7444444444444445 0.4921875 0.7555555555555555 0.4734375 0.7861111111111111 0.4671875 0.7916666666666666 0.4515625 0.8166666666666667 0.446875 0.8194444444444444 0.4328125 0.8416666666666667 0.39375 0.8916666666666667 0.3859375 0.8916666666666667 0.375 0.875 0.375 0.8694444444444445 0.3859375 0.8555555555555555 0.39375 0.85 0.409375 0.8277777777777777 0.4265625 0.8111111111111111 0.4625 0.7666666666666667 0.465625 0.7666666666666667 0.46875 0.7583333333333333 0.4734375 0.7555555555555555 0.490625 0.7305555555555555 0.49375 0.7277777777777777 0.5046875 0.7277777777777777 0.50625 0.7305555555555555
0 0.603125 0.7833333333333333 0.6046875 0.7861111111111111 0.6046875 0.7972222222222223 0.5984375 0.8305555555555556 0.5984375 0.8444444444444444 0.5953125 0.8583333333333333 0.5953125 0.875 0.5890625 0.9055555555555556 0.5875 0.9361111111111111 0.584375 0.9472222222222222 0.58125 0.9805555555555555 0.5765625 0.9944444444444445 0.5515625 0.9944444444444445 0.55 0.9972222222222222 0.525 0.9972222222222222 0.525 0.9888888888888889 0.5390625 0.9388888888888889 0.5390625 0.9333333333333333 0.54375 0.9222222222222223 0.54375 0.9166666666666666 0.5546875 0.8777777777777778 0.55625 0.8638888888888889 0.5640625 0.8388888888888889 0.565625 0.825 0.5734375 0.8 0.58125 0.7861111111111111 0.5984375 0.7861111111111111 0.6015625 0.7833333333333333
0 0.0484375 0.9055555555555556 0.0421875 0.9194444444444444 0.03125 0.9305555555555556 0.01875 0.95 0.009375 0.95 0.0078125 0.9527777777777777 0.0015625 0.95 0.0234375 0.9194444444444444 0.0359375 0.9055555555555556 0.046875 0.9055555555555556
0 0.0484375 0.9055555555555556 0.046875 0.9138888888888889 0.034375 0.9277777777777778 0.021875 0.9472222222222222 0.0109375 0.9527777777777777 0 0.9527777777777777 0.003125 0.9444444444444444 0.0328125 0.9083333333333333 0.0359375 0.9055555555555556 0.046875 0.9055555555555556
0 0.3734375 0.7388888888888889 0.375 0.7388888888888889 0.36875 0.75 0.3640625 0.75 0.35 0.7583333333333333 0.3421875 0.7666666666666667 0.3375 0.7666666666666667 0.3328125 0.7722222222222223 0.3078125 0.7833333333333333 0.3 0.7805555555555556 0.3015625 0.7722222222222223 0.3328125 0.7583333333333333 0.3453125 0.7416666666666667 0.371875 0.7388888888888889
0 0.4234375 0.7305555555555555 0.3921875 0.7611111111111111 0.3890625 0.7611111111111111 0.38125 0.7694444444444445 0.365625 0.7777777777777778 0.353125 0.7888888888888889 0.340625 0.7944444444444444 0.328125 0.8055555555555556 0.3203125 0.8055555555555556 0.3171875 0.8 0.3171875 0.7944444444444444 0.35625 0.7722222222222223 0.396875 0.7388888888888889 0.4140625 0.7305555555555555 0.421875 0.7305555555555555
0 0.496875 0.725 0.5078125 0.7333333333333333 0.4921875 0.7611111111111111 0.4625 0.8 0.4546875 0.8166666666666667 0.4484375 0.8194444444444444 0.4375 0.8333333333333334 0.4265625 0.8527777777777777 0.421875 0.8555555555555555 0.39375 0.8916666666666667 0.3859375 0.8916666666666667 0.3734375 0.8722222222222222 0.384375 0.8555555555555555 0.3984375 0.8416666666666667 0.4078125 0.825 0.4203125 0.8166666666666667 0.425 0.8083333333333333 0.4421875 0.7916666666666666 0.459375 0.7694444444444445 0.4640625 0.7583333333333333 0.4640625 0.7527777777777778 0.459375 0.7416666666666667 0.446875 0.7555555555555555 0.4375 0.7611111111111111 0.4171875 0.7861111111111111 0.409375 0.7888888888888889 0.3984375 0.8 0.3953125 0.8 0.3875 0.8111111111111111 0.3546875 0.8388888888888889 0.3453125 0.8333333333333334 0.3421875 0.8277777777777777 0.34375 0.8194444444444444 0.3484375 0.8166666666666667 0.35625 0.8055555555555556 0.365625 0.8027777777777778 0.375 0.7916666666666666 0.3828125 0.7888888888888889 0.3859375 0.7833333333333333 0.3953125 0.775 0.4 0.775 0.4140625 0.7583333333333333 0.4203125 0.7555555555555555 0.425 0.7472222222222222 0.425 0.7416666666666667 0.421875 0.7361111111111112 0.415625 0.7444444444444445 0.41875 0.7472222222222222 0.4078125 0.7472222222222222 0.3609375 0.7861111111111111 0.3515625 0.7888888888888889 0.346875 0.7944444444444444 0.3375 0.7972222222222223 0.328125 0.8055555555555556 0.3234375 0.8055555555555556 0.3171875 0.8 0.3171875 0.7944444444444444 0.3671875 0.7638888888888888 0.3703125 0.7583333333333333 0.378125 0.7527777777777778 0.3796875 0.7472222222222222 0.3859375 0.7472222222222222 0.4078125 0.7333333333333333 0.4390625 0.7277777777777777 0.446875 0.7222222222222222 0.45625 0.7222222222222222 0.4609375 0.7166666666666667 0.471875 0.7166666666666667 0.4734375 0.7194444444444444 0.4671875 0.7361111111111112 0.471875 0.7444444444444445 0.4765625 0.7444444444444445 0.484375 0.7305555555555555 0.490625 0.725 0.4953125 0.725
0 0.646875 0.7916666666666666 0.66875 0.7972222222222223 0.678125 0.8027777777777778 0.6828125 0.8111111111111111 0.6921875 0.8611111111111112 0.6953125 0.8694444444444445 0.696875 0.8861111111111111 0.703125 0.9083333333333333 0.7046875 0.925 0.715625 0.975 0.715625 0.9833333333333333 0.71875 0.9916666666666667 0.71875 0.9972222222222222 0.696875 0.9972222222222222 0.6953125 0.9944444444444445 0.6921875 0.9972222222222222 0.690625 0.9944444444444445 0.6671875 0.9944444444444445 0.6640625 0.9916666666666667 0.6640625 0.9861111111111112 0.6609375 0.9777777777777777 0.6609375 0.9583333333333334 0.6578125 0.9388888888888889 0.6578125 0.9138888888888889 0.65625 0.9111111111111111 0.6546875 0.875 0.653125 0.8722222222222222 0.653125 0.8444444444444444 0.6515625 0.8416666666666667 0.65 0.8111111111111111 0.646875 0.7944444444444444
0 0.1359375 0.8 0.1328125 0.8083333333333333 0.1234375 0.8194444444444444 0.115625 0.8194444444444444 0.115625 0.8166666666666667 0.1234375 0.8055555555555556 0.1296875 0.8 0.134375 0.8
0 0 0.7138888888888889 0.01875 0.7083333333333334 0.0203125 0.7055555555555556 0.028125 0.7055555555555556 0.0296875 0.7027777777777777 0.0375 0.7027777777777777 0.0625 0.6916666666666667 0.0734375 0.6916666666666667 0.075 0.6888888888888889 0.08125 0.6916666666666667 0.0625 0.6972222222222222 0.0546875 0.7027777777777777 0.0484375 0.7027777777777777 0.046875 0.7055555555555556 0.03125 0.7083333333333334 0.0078125 0.7194444444444444 0 0.7194444444444444 0 0.7166666666666667
0 0.1015625 0.8416666666666667 0.103125 0.8444444444444444 0.09375 0.8583333333333333 0.08125 0.8694444444444445 0.0734375 0.8694444444444445 0.0734375 0.8638888888888889 0.090625 0.8444444444444444 0.1 0.8416666666666667