0 0.4078125 0.9777777777777777 0.4140625 0.9833333333333333 0.421875 0.9833333333333333 0.43125 0.9888888888888889 0.43125 0.9972222222222222 0.3828125 0.9972222222222222 0.3875 0.9888888888888889 0.3890625 0.9805555555555555 0.39375 0.975 0.40625 0.9777777777777777
0 0.0203125 0.8944444444444445 0.028125 0.8861111111111111 0.0375 0.8833333333333333 0.040625 0.8777777777777778 0.0484375 0.8777777777777778 0.05 0.8805555555555555 0.0359375 0.8972222222222223 0.0234375 0.9055555555555556 0.021875 0.9111111111111111 0.0203125 0.8972222222222223
0 0.821875 0.7972222222222223 0.8234375 0.8 0.8296875 0.8 0.83125 0.7972222222222223 0.84375 0.8027777777777778 0.8453125 0.8 0.846875 0.8027777777777778 0.8453125 0.8083333333333333 0.8375 0.8083333333333333 0.8359375 0.8055555555555556 0.8296875 0.8083333333333333 0.821875 0.8083333333333333 0.8203125 0.8055555555555556 0.815625 0.8083333333333333 0.809375 0.8055555555555556 0.8015625 0.8055555555555556 0.8 0.8083333333333333 0.796875 0.8055555555555556 0.7765625 0.8055555555555556 0.771875 0.8027777777777778 0.7703125 0.8 0.771875 0.7972222222222223 0.7984375 0.7972222222222223 0.8 0.8 0.8015625 0.7972222222222223 0.809375 0.7972222222222223 0.8109375 0.8 0.8203125 0.7972222222222223
0 0.6234375 0.7861111111111111 0.6265625 0.7916666666666666 0.6203125 0.7944444444444444 0.596875 0.7944444444444444 0.5953125 0.7916666666666666 0.5890625 0.7944444444444444 0.584375 0.7916666666666666 0.584375 0.7888888888888889 0.5875 0.7861111111111111 0.6140625 0.7861111111111111 0.615625 0.7888888888888889 0.621875 0.7861111111111111
0 0.1984375 0.75 0.2046875 0.75 0.2234375 0.7583333333333333 0.228125 0.7638888888888888 0.2359375 0.7638888888888888 0.2421875 0.7694444444444445 0.2484375 0.7694444444444445 0.2546875 0.775 0.28125 0.7805555555555556 0.284375 0.7861111111111111 0.2734375 0.7888888888888889 0.2671875 0.7833333333333333 0.259375 0.7833333333333333 0.246875 0.775 0.2453125 0.7777777777777778 0.234375 0.7694444444444445 0.2265625 0.7694444444444445 0.21875 0.7611111111111111 0.215625 0.7638888888888888 0.2078125 0.7555555555555555 0.2 0.7527777777777778
0 0.96875 0.8055555555555556 0.9703125 0.8083333333333333 0.978125 0.8083333333333333 0.9796875 0.8055555555555556 0.99375 0.8083333333333333 0.996875 0.8055555555555556 0.9984375 0.8166666666666667 0.9875 0.8166666666666667 0.9859375 0.8138888888888889 0.9796875 0.8166666666666667 0.965625 0.8138888888888889 0.9640625 0.8166666666666667 0.9515625 0.8111111111111111 0.95 0.8138888888888889 0.9328125 0.8111111111111111 0.93125 0.8083333333333333 0.9359375 0.8055555555555556 0.94375 0.8055555555555556 0.9453125 0.8083333333333333 0.95 0.8055555555555556 0.953125 0.8083333333333333 0.9640625 0.8083333333333333 0.9671875 0.8055555555555556
0 0.35 0.7611111111111111 0.346875 0.7666666666666667 0.3421875 0.7666666666666667 0.33125 0.775 0.3234375 0.775 0.3203125 0.7805555555555556 0.3078125 0.7833333333333333 0.3046875 0.7888888888888889 0.2953125 0.7888888888888889 0.290625 0.7944444444444444 0.284375 0.7944444444444444 0.25625 0.8083333333333333 0.25 0.8083333333333333 0.246875 0.8138888888888889 0.234375 0.8166666666666667 0.2328125 0.8194444444444444 0.21875 0.8194444444444444 0.2203125 0.8166666666666667 0.23125 0.8138888888888889 0.234375 0.8083333333333333 0.246875 0.8055555555555556 0.25 0.8 0.2578125 0.8 0.2625 0.7944444444444444 0.2703125 0.7944444444444444 0.28125 0.7861111111111111 0.2984375 0.7833333333333333 0.309375 0.775 0.3171875 0.775 0.321875 0.7694444444444445 0.3484375 0.7611111111111111
0 0.1484375 0.7888888888888889 0.15625 0.8027777777777778 0.1625 0.8055555555555556 0.1765625 0.8222222222222222 0.171875 0.8305555555555556 0.1359375 0.8361111111111111 0.134375 0.8305555555555556 0.1359375 0.825 0.134375 0.8055555555555556 0.1421875 0.7916666666666666 0.146875 0.7916666666666666
0 0.546875 0.7805555555555556 0.5484375 0.7833333333333333 0.5546875 0.7833333333333333 0.55625 0.7888888888888889 0.528125 0.7861111111111111 0.53125 0.7805555555555556 0.5453125 0.7833333333333333
0 0.2453125 0.7361111111111112 0.246875 0.7388888888888889 0.2546875 0.7388888888888889 0.25625 0.7416666666666667 0.2609375 0.7388888888888889 0.26875 0.7444444444444445 0.2796875 0.7444444444444445 0.28125 0.7472222222222222 0.2921875 0.7444444444444445 0.303125 0.75 0.30625 0.7472222222222222 0.31875 0.7527777777777778 0.325 0.75 0.3328125 0.7555555555555555 0.3375 0.7527777777777778 0.34375 0.7583333333333333 0.3546875 0.7583333333333333 0.35625 0.7611111111111111 0.3640625 0.7611111111111111 0.365625 0.7583333333333333 0.3734375 0.7638888888888888 0.396875 0.7666666666666667 0.3953125 0.7694444444444445 0.3734375 0.7694444444444445 0.371875 0.7666666666666667 0.365625 0.7694444444444445 0.3640625 0.7666666666666667 0.3421875 0.7638888888888888 0.340625 0.7611111111111111 0.334375 0.7638888888888888 0.3265625 0.7583333333333333 0.315625 0.7583333333333333 0.3140625 0.7555555555555555 0.2703125 0.75 0.2609375 0.7444444444444445 0.2578125 0.7472222222222222 0.25 0.7416666666666667 0.2453125 0.7444444444444445 0.2359375 0.7388888888888889 0.24375 0.7388888888888889
0 0.23125 0.7361111111111112 0.2421875 0.7361111111111112 0.24375 0.7388888888888889 0.2484375 0.7361111111111112 0.2578125 0.7416666666666667 0.2609375 0.7388888888888889 0.26875 0.7444444444444445 0.28125 0.7444444444444445 0.2828125 0.7472222222222222 0.2921875 0.7444444444444445 0.303125 0.75 0.30625 0.7472222222222222 0.3265625 0.75 0.3328125 0.7555555555555555 0.3375 0.7527777777777778 0.346875 0.7583333333333333 0.334375 0.7638888888888888 0.325 0.7583333333333333 0.3203125 0.7611111111111111 0.3109375 0.7555555555555555 0.3046875 0.7583333333333333 0.2984375 0.7527777777777778 0.2859375 0.7527777777777778 0.284375 0.75 0.2765625 0.75 0.275 0.7527777777777778 0.2671875 0.7472222222222222 0.2546875 0.7472222222222222 0.246875 0.7416666666666667 0.2453125 0.7444444444444445 0.2390625 0.7444444444444445 0.2359375 0.7388888888888889 0.2328125 0.7388888888888889
0 0.665625 0.7916666666666666 0.7046875 0.7916666666666666 0.70625 0.7944444444444444 0.7140625 0.7916666666666666 0.721875 0.7972222222222223 0.7203125 0.8 0.7078125 0.8027777777777778 0.70625 0.8 0.684375 0.8 0.6828125 0.7972222222222223 0.6734375 0.8 0.671875 0.7972222222222223 0.665625 0.7972222222222223 0.665625 0.7944444444444444