0 0.878125 0.6916666666666667 0.8859375 0.6916666666666667 0.89375 0.6972222222222222 0.903125 0.6972222222222222 0.909375 0.7027777777777777 0.9359375 0.7111111111111111 0.9421875 0.7166666666666667 0.965625 0.725 0.98125 0.7361111111111112 0.996875 0.7388888888888889 0.9984375 0.7416666666666667 0.9984375 0.7555555555555555 0.99375 0.7555555555555555 0.9875 0.75 0.9703125 0.7444444444444445 0.959375 0.7361111111111112 0.953125 0.7361111111111112 0.9421875 0.7277777777777777 0.925 0.7222222222222222 0.91875 0.7166666666666667 0.9125 0.7166666666666667 0.9078125 0.7111111111111111 0.8890625 0.7027777777777777 0.884375 0.6944444444444444 0.878125 0.6944444444444444
0 0.1609375 0.7722222222222223 0.1765625 0.7638888888888888 0.190625 0.7638888888888888 0.1953125 0.7666666666666667 0.1953125 0.7694444444444445 0.1859375 0.775 0.1609375 0.775
0 0.759375 0.7472222222222222 0.7671875 0.7472222222222222 0.790625 0.775 0.7890625 0.7805555555555556 0.78125 0.7777777777777778 0.759375 0.75
0 0.4578125 0.7638888888888888 0.45625 0.7694444444444445 0.4453125 0.7833333333333333 0.440625 0.7833333333333333 0.440625 0.7777777777777778 0.4515625 0.7638888888888888 0.45625 0.7638888888888888
0 0.3796875 0.8333333333333334 0.3796875 0.8388888888888889 0.3734375 0.8472222222222222 0.359375 0.8555555555555555 0.353125 0.8555555555555555 0.3375 0.8722222222222222 0.3125 0.8722222222222222 0.3125 0.8666666666666667 0.315625 0.8583333333333333 0.321875 0.8555555555555555 0.325 0.85 0.3421875 0.8361111111111111 0.3546875 0.8416666666666667 0.3671875 0.8333333333333334 0.378125 0.8333333333333334
0 0.5171875 0.6944444444444444 0.51875 0.6944444444444444 0.5171875 0.6972222222222222 0.5140625 0.6972222222222222 0.5109375 0.7027777777777777 0.5046875 0.7027777777777777 0.5109375 0.6944444444444444 0.515625 0.6944444444444444
0 0.946875 0.7972222222222223 0.96875 0.8083333333333333 0.9875 0.8083333333333333 0.99375 0.8138888888888889 0.9984375 0.8138888888888889 0.9984375 0.8472222222222222 0.98125 0.8444444444444444 0.9671875 0.8361111111111111 0.9421875 0.8138888888888889 0.93125 0.8 0.934375 0.7972222222222223 0.9453125 0.7972222222222223
0 0.39375 0.8444444444444444 0.39375 0.8472222222222222 0.3734375 0.875 0.359375 0.8888888888888888 0.353125 0.8888888888888888 0.3515625 0.8861111111111111 0.3546875 0.8805555555555555 0.3796875 0.8527777777777777 0.384375 0.8444444444444444 0.3921875 0.8444444444444444
0 0.265625 0.9305555555555556 0.2578125 0.9444444444444444 0.2390625 0.9611111111111111 0.2359375 0.9666666666666667 0.2375 0.975 0.234375 0.9805555555555555 0.2078125 0.9972222222222222 0.1890625 0.9972222222222222 0.1953125 0.9833333333333333 0.20625 0.975 0.2171875 0.9722222222222222 0.234375 0.9555555555555556 0.2421875 0.9444444444444444 0.2546875 0.9333333333333333 0.2640625 0.9305555555555556
0 0.4453125 0.825 0.4484375 0.8277777777777777 0.4515625 0.8388888888888889 0.45 0.8416666666666667 0.4421875 0.8416666666666667 0.428125 0.8638888888888889 0.4203125 0.8638888888888889 0.428125 0.8444444444444444 0.425 0.8416666666666667 0.4265625 0.8361111111111111 0.434375 0.8333333333333334 0.4390625 0.8277777777777777 0.44375 0.8277777777777777
0 0.4921875 0.7222222222222222 0.4921875 0.7305555555555555 0.484375 0.7388888888888889 0.4796875 0.7361111111111112 0.4796875 0.7305555555555555 0.4859375 0.7222222222222222 0.490625 0.7222222222222222
0 0.959375 0.9916666666666667 0.9625 0.9888888888888889 0.9734375 0.9888888888888889 0.984375 0.9972222222222222 0.9609375 0.9972222222222222 0.959375 0.9944444444444445
0 0.5640625 0.675 0.5640625 0.6805555555555556 0.5546875 0.7027777777777777 0.55 0.7222222222222222 0.5453125 0.7305555555555555 0.540625 0.7472222222222222 0.528125 0.7722222222222223 0.525 0.7861111111111111 0.521875 0.7916666666666666 0.521875 0.7972222222222223 0.5125 0.8138888888888889 0.509375 0.8277777777777777 0.4984375 0.85 0.4890625 0.8805555555555555 0.48125 0.8944444444444445 0.4796875 0.9027777777777778 0.465625 0.9333333333333333 0.465625 0.9388888888888889 0.453125 0.9722222222222222 0.4375 0.9972222222222222 0.4328125 0.9944444444444445 0.4296875 0.9972222222222222 0.425 0.9944444444444445 0.421875 0.9972222222222222 0.39375 0.9972222222222222 0.3921875 0.9944444444444445 0.39375 0.9888888888888889 0.409375 0.9638888888888889 0.409375 0.9583333333333334 0.4515625 0.8833333333333333 0.45625 0.8666666666666667 0.46875 0.8416666666666667 0.4796875 0.8277777777777777 0.4828125 0.8166666666666667 0.49375 0.8 0.496875 0.7888888888888889 0.5078125 0.7666666666666667 0.5296875 0.7305555555555555 0.5484375 0.6916666666666667 0.5625 0.675
0 0.690625 0.6583333333333333 0.69375 0.6583333333333333 0.6984375 0.6638888888888889 0.6984375 0.6694444444444444 0.6953125 0.6694444444444444 0.690625 0.6611111111111111
0 0.7140625 0.6888888888888889 0.7171875 0.6888888888888889 0.725 0.6972222222222222 0.725 0.7027777777777777 0.7203125 0.7027777777777777 0.7140625 0.6916666666666667
0 0.7875 0.6861111111111111 0.865625 0.6916666666666667 0.8671875 0.6944444444444444 0.8734375 0.6916666666666667 0.875 0.6944444444444444 0.884375 0.6944444444444444 0.890625 0.7 0.890625 0.7027777777777777 0.865625 0.7027777777777777 0.8640625 0.7 0.7984375 0.6972222222222222 0.7875 0.6888888888888889
0 0.39375 0.9472222222222222 0.3984375 0.9583333333333334 0.396875 0.9666666666666667 0.384375 0.9888888888888889 0.375 0.9972222222222222 0.35625 0.9972222222222222 0.3515625 0.9944444444444445 0.3484375 0.9861111111111112 0.340625 0.9861111111111112 0.3390625 0.9833333333333333 0.3359375 0.9833333333333333 0.3265625 0.9944444444444445 0.3203125 0.9944444444444445 0.31875 0.9972222222222222 0.29375 0.9972222222222222 0.29375 0.9944444444444445 0.3015625 0.9805555555555555 0.309375 0.9722222222222222 0.3125 0.9722222222222222 0.3265625 0.9583333333333334 0.346875 0.9527777777777777 0.3578125 0.9361111111111111 0.371875 0.925 0.39375 0.9222222222222223 0.3953125 0.9333333333333333 0.390625 0.9416666666666667 0.3921875 0.9472222222222222