0 0.70625 0.9333333333333333 0.7171875 0.9333333333333333 0.7515625 0.9777777777777777 0.7609375 0.9777777777777777 0.76875 0.9833333333333333 0.821875 0.9833333333333333 0.8234375 0.9861111111111112 0.85 0.9861111111111112 0.8578125 0.9916666666666667 0.8875 0.9916666666666667 0.8890625 0.9944444444444445 0.928125 0.9972222222222222 0.8140625 0.9972222222222222 0.8125 0.9944444444444445 0.7953125 0.9972222222222222 0.79375 0.9944444444444445 0.765625 0.9944444444444445 0.7625 0.9888888888888889 0.746875 0.9888888888888889 0.7359375 0.9805555555555555 0.70625 0.9361111111111111
0 0.6171875 0.8111111111111111 0.6328125 0.8111111111111111 0.634375 0.8083333333333333 0.659375 0.8055555555555556 0.6578125 0.8111111111111111 0.6359375 0.8166666666666667 0.634375 0.8194444444444444 0.640625 0.8277777777777777 0.640625 0.8333333333333334 0.63125 0.8333333333333334 0.61875 0.8138888888888889
0 0.0515625 0.7694444444444445 0.053125 0.7722222222222223 0.0515625 0.7777777777777778 0.0390625 0.7805555555555556 0.0328125 0.7861111111111111 0.021875 0.7888888888888889 0.003125 0.8 0 0.8 0.0015625 0.7888888888888889 0.05 0.7694444444444445
0 0.70625 0.9333333333333333 0.7171875 0.9333333333333333 0.746875 0.9722222222222222 0.753125 0.9777777777777777 0.7609375 0.9777777777777777 0.76875 0.9833333333333333 0.8234375 0.9833333333333333 0.825 0.9861111111111112 0.8515625 0.9861111111111112 0.8578125 0.9916666666666667 0.8890625 0.9916666666666667 0.890625 0.9944444444444445 0.928125 0.9972222222222222 0.8125 0.9972222222222222 0.8109375 0.9944444444444445 0.7953125 0.9972222222222222 0.79375 0.9944444444444445 0.7671875 0.9944444444444445 0.7640625 0.9888888888888889 0.746875 0.9888888888888889 0.7328125 0.9777777777777777 0.715625 0.95 0.7078125 0.9416666666666667 0.70625 0.9361111111111111
0 0.2859375 0.6694444444444444 0.284375 0.675 0.2734375 0.6805555555555556 0.2671875 0.6805555555555556 0.26875 0.675 0.284375 0.6694444444444444
0 0.4140625 0.6305555555555555 0.40625 0.6444444444444445 0.3984375 0.65 0.3953125 0.6555555555555556 0.3875 0.6583333333333333 0.375 0.6694444444444444 0.3578125 0.6888888888888889 0.3375 0.7 0.334375 0.7055555555555556 0.325 0.7111111111111111 0.3203125 0.7194444444444444 0.315625 0.7194444444444444 0.3109375 0.725 0.3 0.7305555555555555 0.29375 0.7388888888888889 0.284375 0.7444444444444445 0.28125 0.75 0.278125 0.75 0.271875 0.7583333333333333 0.2625 0.7638888888888888 0.259375 0.7694444444444445 0.246875 0.7777777777777778 0.2375 0.7888888888888889 0.221875 0.7972222222222223 0.19375 0.825 0.1828125 0.8305555555555556 0.1671875 0.8444444444444444 0.1578125 0.8555555555555555 0.13125 0.8722222222222222 0.1125 0.8916666666666667 0.0984375 0.9 0.0515625 0.9416666666666667 0.0421875 0.9444444444444444 0.0171875 0.9694444444444444 0.0046875 0.975 0 0.9805555555555555 0 0.9305555555555556 0.0125 0.9277777777777778 0.021875 0.9194444444444444 0.0296875 0.9166666666666666 0.05 0.9 0.053125 0.9 0.065625 0.8861111111111111 0.075 0.8805555555555555 0.08125 0.8805555555555555 0.1109375 0.8555555555555555 0.115625 0.8472222222222222 0.125 0.8444444444444444 0.1390625 0.8333333333333334 0.1453125 0.8333333333333334 0.1921875 0.7944444444444444 0.2125 0.7833333333333333 0.2234375 0.7722222222222223 0.234375 0.7694444444444445 0.246875 0.7555555555555555 0.25 0.7555555555555555 0.275 0.7333333333333333 0.284375 0.7305555555555555 0.2875 0.725 0.29375 0.7222222222222222 0.3078125 0.7083333333333334 0.315625 0.7055555555555556 0.31875 0.7 0.3375 0.6916666666666667 0.35625 0.675 0.359375 0.675 0.36875 0.6638888888888889 0.371875 0.6638888888888889 0.3859375 0.65 0.3921875 0.6472222222222223 0.3984375 0.6333333333333333 0.4015625 0.6333333333333333 0.40625 0.6277777777777778 0.4125 0.6305555555555555
0 0.284375 0.7944444444444444 0.290625 0.7833333333333333 0.3 0.775 0.3046875 0.775 0.30625 0.7805555555555556 0.303125 0.7861111111111111 0.2921875 0.7972222222222223 0.2859375 0.7972222222222223
0 0.2140625 0.7027777777777777 0.215625 0.7055555555555556 0.1890625 0.7194444444444444 0.1828125 0.7194444444444444 0.18125 0.7166666666666667 0.1828125 0.7138888888888889 0.1984375 0.7083333333333334 0.2046875 0.7027777777777777 0.2125 0.7027777777777777
0 0.54375 0.8 0.553125 0.8027777777777778 0.5640625 0.8305555555555556 0.5625 0.8361111111111111 0.55625 0.8361111111111111 0.5515625 0.8277777777777777 0.54375 0.8027777777777778
0 0.6546875 0.8583333333333333 0.6625 0.8583333333333333 0.6828125 0.8861111111111111 0.6796875 0.8916666666666667 0.66875 0.8861111111111111 0.6546875 0.8611111111111112
0 0.4453125 0.6416666666666667 0.4109375 0.7138888888888889 0.40625 0.7277777777777777 0.3828125 0.7694444444444445 0.378125 0.7833333333333333 0.36875 0.7972222222222223 0.3640625 0.8111111111111111 0.3453125 0.85 0.33125 0.8722222222222222 0.325 0.8916666666666667 0.3140625 0.9138888888888889 0.2890625 0.9583333333333334 0.2859375 0.9694444444444444 0.275 0.9888888888888889 0.2703125 0.9916666666666667 0.2453125 0.9916666666666667 0.24375 0.9888888888888889 0.228125 0.9916666666666667 0.2265625 0.9888888888888889 0.2203125 0.9888888888888889 0.221875 0.9777777777777777 0.240625 0.9555555555555556 0.275 0.8944444444444445 0.278125 0.8944444444444445 0.290625 0.8722222222222222 0.3 0.8611111111111112 0.3140625 0.8333333333333334 0.325 0.8222222222222222 0.3375 0.8 0.346875 0.7888888888888889 0.3578125 0.7666666666666667 0.3734375 0.7472222222222222 0.3859375 0.7222222222222222 0.39375 0.7138888888888889 0.4140625 0.6777777777777778 0.4265625 0.6638888888888889 0.4390625 0.6416666666666667 0.44375 0.6416666666666667
0 0.4109375 0.6138888888888889 0.4125 0.6166666666666667 0.4234375 0.6166666666666667 0.425 0.6194444444444445 0.4171875 0.6194444444444445 0.415625 0.6222222222222222 0.40625 0.6194444444444445 0.3953125 0.625 0.39375 0.6222222222222222 0.3390625 0.6222222222222222 0.3421875 0.6166666666666667 0.396875 0.6166666666666667 0.3984375 0.6138888888888889 0.409375 0.6138888888888889
0 0.1890625 0.9069444444444444 0.0546875 0.058333333333333334
0 0.3421875 0.6194444444444445 0.353125 0.6166666666666667 0.35 0.6222222222222222 0.3421875 0.6222222222222222