0 0.471875 0.6666666666666666 0.471875 0.6583333333333333 0.4765625 0.6583333333333333 0.4828125 0.6638888888888889 0.4828125 0.6694444444444444 0.4734375 0.6666666666666666
0 0.4453125 0.6972222222222222 0.4484375 0.6944444444444444 0.459375 0.6944444444444444 0.4625 0.7 0.4640625 0.7111111111111111 0.4640625 0.7194444444444444 0.4609375 0.7222222222222222 0.446875 0.7222222222222222 0.44375 0.7111111111111111 0.4453125 0.7
0 0.2953125 0.7361111111111112 0.3171875 0.7111111111111111 0.3296875 0.7027777777777777 0.340625 0.7027777777777777 0.3421875 0.7055555555555556 0.340625 0.7111111111111111 0.315625 0.7361111111111112 0.3109375 0.7388888888888889 0.296875 0.7388888888888889
0 0.49609375 0.7083333333333334 0.025 0.030555555555555555
0 0.35 0.7305555555555555 0.359375 0.7111111111111111 0.365625 0.7027777777777777 0.371875 0.7 0.3828125 0.7 0.3828125 0.7055555555555556 0.3796875 0.7138888888888889 0.3671875 0.7305555555555555 0.3515625 0.7305555555555555
0 0.5203125 0.6944444444444444 0.5359375 0.6972222222222222 0.5484375 0.7138888888888889 0.5484375 0.7166666666666667 0.54375 0.7194444444444444 0.534375 0.7194444444444444 0.521875 0.7027777777777777 0.5203125 0.6972222222222222
0 0.096875 0.8916666666666667 0.1015625 0.8888888888888888 0.125 0.8916666666666667 0.1265625 0.8888888888888888 0.1453125 0.8888888888888888 0.146875 0.8861111111111111 0.1609375 0.8861111111111111 0.1640625 0.8888888888888888 0.165625 0.8861111111111111 0.1828125 0.8861111111111111 0.184375 0.8833333333333333 0.2109375 0.8833333333333333 0.209375 0.8916666666666667 0.203125 0.8944444444444445 0.1984375 0.9027777777777778 0.1890625 0.9111111111111111 0.18125 0.925 0.178125 0.925 0.16875 0.9416666666666667 0.153125 0.9555555555555556 0.1390625 0.975 0.115625 0.975 0.115625 0.9722222222222222 0.1234375 0.9611111111111111 0.128125 0.9583333333333334 0.134375 0.9472222222222222 0.1578125 0.9222222222222223 0.159375 0.9138888888888889 0.1578125 0.9111111111111111 0.153125 0.9138888888888889 0.10625 0.9138888888888889 0.0984375 0.9277777777777778 0.103125 0.9361111111111111 0.1015625 0.9388888888888889 0.0953125 0.9388888888888889 0.0984375 0.9305555555555556 0.0953125 0.925 0.096875 0.9222222222222223 0.0953125 0.9138888888888889 0.0953125 0.8972222222222223 0.096875 0.8944444444444445
0 0.4203125 0.6972222222222222 0.421875 0.7055555555555556 0.415625 0.7222222222222222 0.4125 0.725 0.4015625 0.725 0.4 0.7277777777777777 0.3953125 0.725 0.3953125 0.7222222222222222 0.4046875 0.7 0.41875 0.6972222222222222
0 0.20625 0.8027777777777778 0.2078125 0.8055555555555556 0.2109375 0.8027777777777778 0.2125 0.8055555555555556 0.21875 0.8055555555555556 0.2203125 0.8027777777777778 0.2296875 0.8055555555555556 0.2328125 0.8194444444444444 0.23125 0.8277777777777777 0.228125 0.8305555555555556 0.20625 0.8305555555555556 0.2046875 0.8277777777777777 0.1984375 0.8277777777777777 0.196875 0.8305555555555556 0.184375 0.8305555555555556 0.1828125 0.8333333333333334 0.1671875 0.8333333333333334 0.165625 0.8305555555555556 0.1671875 0.825 0.1890625 0.8055555555555556 0.2046875 0.8027777777777778
0 0.5203125 0.6583333333333333 0.53125 0.6638888888888889 0.534375 0.6611111111111111 0.565625 0.6611111111111111 0.5671875 0.6666666666666666 0.575 0.6666666666666666 0.5765625 0.6694444444444444 0.5890625 0.6694444444444444 0.590625 0.6666666666666666 0.5921875 0.6694444444444444 0.565625 0.6694444444444444 0.5640625 0.6666666666666666 0.5375 0.6694444444444444 0.5359375 0.6666666666666666 0.53125 0.6722222222222223 0.521875 0.6722222222222223 0.51875 0.6666666666666666 0.50625 0.6722222222222223 0.5 0.6722222222222223 0.490625 0.6666666666666666 0.4875 0.6722222222222223 0.4765625 0.6722222222222223 0.471875 0.6666666666666666 0.4609375 0.6666666666666666 0.459375 0.6694444444444444 0.44375 0.6666666666666666 0.4421875 0.6638888888888889 0.4453125 0.6583333333333333 0.4703125 0.6583333333333333 0.4765625 0.6555555555555556 0.4796875 0.6611111111111111 0.484375 0.6611111111111111 0.4875 0.6666666666666666 0.4921875 0.6583333333333333 0.51875 0.6583333333333333
0 0.4140625 0.6805555555555556 0.415625 0.6833333333333333 0.4234375 0.6833333333333333 0.425 0.6861111111111111 0.421875 0.6888888888888889 0.4234375 0.6916666666666667 0.4296875 0.6916666666666667 0.4328125 0.6972222222222222 0.4359375 0.6944444444444444 0.471875 0.6944444444444444 0.4734375 0.6916666666666667 0.4765625 0.6944444444444444 0.4796875 0.6916666666666667 0.4828125 0.6944444444444444 0.4921875 0.6944444444444444 0.49375 0.6916666666666667 0.496875 0.6944444444444444 0.5015625 0.6916666666666667 0.5046875 0.6944444444444444 0.528125 0.6916666666666667 0.5390625 0.6972222222222222 0.5421875 0.6944444444444444 0.5515625 0.6944444444444444 0.553125 0.6916666666666667 0.565625 0.6916666666666667 0.5703125 0.6972222222222222 0.5765625 0.6972222222222222 0.578125 0.6944444444444444 0.59375 0.6916666666666667 0.596875 0.6972222222222222 0.59375 0.7222222222222222 0.58125 0.725 0.5765625 0.7194444444444444 0.571875 0.725 0.5640625 0.7194444444444444 0.559375 0.7222222222222222 0.5546875 0.7166666666666667 0.54375 0.725 0.53125 0.7194444444444444 0.521875 0.7194444444444444 0.5203125 0.7222222222222222 0.5140625 0.7166666666666667 0.509375 0.7166666666666667 0.503125 0.725 0.4875 0.725 0.4859375 0.7222222222222222 0.48125 0.725 0.4796875 0.7222222222222222 0.475 0.7277777777777777 0.4734375 0.725 0.4453125 0.725 0.4390625 0.7138888888888889 0.434375 0.7222222222222222 0.43125 0.7222222222222222 0.4265625 0.7166666666666667 0.41875 0.725 0.40625 0.7305555555555555 0.39375 0.7277777777777777 0.3921875 0.725 0.3765625 0.725 0.36875 0.7333333333333333 0.346875 0.7333333333333333 0.3328125 0.7222222222222222 0.3125 0.7416666666666667 0.296875 0.7416666666666667 0.2890625 0.7361111111111112 0.275 0.7388888888888889 0.2734375 0.7361111111111112 0.275 0.7305555555555555 0.278125 0.7305555555555555 0.2828125 0.7361111111111112 0.2859375 0.7305555555555555 0.296875 0.7305555555555555 0.3 0.7277777777777777 0.303125 0.7194444444444444 0.3015625 0.7138888888888889 0.2890625 0.7166666666666667 0.284375 0.725 0.2875 0.7194444444444444 0.2875 0.7138888888888889 0.29375 0.7083333333333334 0.2984375 0.7111111111111111 0.3046875 0.7083333333333334 0.3078125 0.7027777777777777 0.3234375 0.7055555555555556 0.3265625 0.7 0.3328125 0.7 0.3359375 0.6944444444444444 0.3421875 0.7027777777777777 0.3734375 0.7 0.375 0.6972222222222222 0.396875 0.7 0.4109375 0.6916666666666667 0.41875 0.6916666666666667 0.4203125 0.6888888888888889 0.41875 0.6861111111111111 0.4109375 0.6861111111111111 0.4125 0.6833333333333333
0 0.4921875 0.6583333333333333 0.5203125 0.6583333333333333 0.53125 0.6638888888888889 0.534375 0.6611111111111111 0.565625 0.6611111111111111 0.5703125 0.6666666666666666 0.5765625 0.6666666666666666 0.5765625 0.6694444444444444 0.565625 0.6694444444444444 0.5640625 0.6666666666666666 0.5375 0.6694444444444444 0.5359375 0.6666666666666666 0.5265625 0.6722222222222223 0.51875 0.6666666666666666 0.4953125 0.6694444444444444 0.4921875 0.6666666666666666 0.4921875 0.6611111111111111
0 0.5015625 0.6583333333333333 0.5078125 0.6666666666666666 0.50625 0.6694444444444444 0.496875 0.6694444444444444 0.49375 0.6611111111111111 0.5 0.6583333333333333
0 0.5546875 0.6944444444444444 0.565625 0.6944444444444444 0.5796875 0.7055555555555556 0.5828125 0.7111111111111111 0.5890625 0.7138888888888889 0.5890625 0.7166666666666667 0.5734375 0.7166666666666667 0.565625 0.7111111111111111 0.5546875 0.6972222222222222