0 0.6953125 0.7277777777777777 0.7265625 0.7305555555555555 0.7578125 0.7444444444444445 0.7578125 0.7472222222222222 0.7421875 0.75 0.740625 0.7472222222222222 0.7109375 0.7388888888888889 0.696875 0.7305555555555555
0 0.49375 0.7416666666666667 0.496875 0.7444444444444445 0.5015625 0.7611111111111111 0.503125 0.7694444444444445 0.5015625 0.775 0.4796875 0.775 0.478125 0.7694444444444445 0.4796875 0.7444444444444445 0.48125 0.7416666666666667 0.4921875 0.7416666666666667
0 0.7140625 0.9083333333333333 0.71875 0.9027777777777778 0.728125 0.9083333333333333 0.73125 0.9138888888888889 0.7484375 0.9277777777777778 0.753125 0.9361111111111111 0.7609375 0.9416666666666667 0.76875 0.9527777777777777 0.7828125 0.9638888888888889 0.79375 0.9805555555555555 0.803125 0.9888888888888889 0.8078125 0.9972222222222222 0.784375 0.9972222222222222 0.7390625 0.9416666666666667 0.7296875 0.9333333333333333 0.7171875 0.9166666666666666 0.715625 0.9111111111111111
0 0.4484375 0.7416666666666667 0.45 0.75 0.446875 0.7666666666666667 0.4421875 0.775 0.421875 0.775 0.421875 0.7666666666666667 0.4328125 0.7444444444444445 0.4359375 0.7416666666666667 0.446875 0.7416666666666667
0 0.184375 0.7305555555555555 0.190625 0.7388888888888889 0.2 0.7388888888888889 0.2015625 0.7361111111111112 0.1984375 0.7333333333333333 0.203125 0.7361111111111112 0.21875 0.7361111111111112 0.2203125 0.7333333333333333 0.2375 0.7361111111111112 0.21875 0.75 0.1859375 0.7555555555555555 0.1828125 0.75 0.18125 0.7388888888888889 0.18125 0.7333333333333333 0.1828125 0.7333333333333333
0 0.2234375 0.7916666666666666 0.225 0.7944444444444444 0.29375 0.7944444444444444 0.2953125 0.7972222222222223 0.321875 0.7972222222222223 0.3234375 0.8 0.3296875 0.7972222222222223 0.3625 0.7972222222222223 0.3640625 0.8 0.4671875 0.8 0.46875 0.8027777777777778 0.5328125 0.8027777777777778 0.534375 0.8055555555555556 0.5765625 0.8055555555555556 0.578125 0.8027777777777778 0.596875 0.8027777777777778 0.5984375 0.8 0.628125 0.8 0.6296875 0.7972222222222223 0.6484375 0.7972222222222223 0.65 0.7944444444444444 0.6796875 0.7916666666666666 0.6859375 0.7944444444444444 0.6859375 0.7972222222222223 0.678125 0.8027777777777778 0.6515625 0.8055555555555556 0.65 0.8083333333333333 0.590625 0.8111111111111111 0.5890625 0.8138888888888889 0.5734375 0.8138888888888889 0.571875 0.8166666666666667 0.475 0.8138888888888889 0.4734375 0.8111111111111111 0.4328125 0.8138888888888889 0.43125 0.8111111111111111 0.3859375 0.8111111111111111 0.384375 0.8083333333333333 0.3125 0.8111111111111111 0.3109375 0.8083333333333333 0.2640625 0.8083333333333333 0.2625 0.8055555555555556 0.1984375 0.8055555555555556 0.196875 0.8027777777777778 0.171875 0.8027777777777778 0.1703125 0.8 0.140625 0.8 0.1390625 0.7972222222222223 0.140625 0.7944444444444444 0.1453125 0.7916666666666666 0.221875 0.7916666666666666
0 0.3578125 0.775 0.3640625 0.7638888888888888 0.371875 0.7583333333333333 0.3921875 0.7583333333333333 0.39375 0.7611111111111111 0.390625 0.7666666666666667 0.3734375 0.7805555555555556 0.3609375 0.7777777777777778 0.359375 0.775
0 0.3015625 0.7694444444444445 0.3046875 0.7638888888888888 0.321875 0.7583333333333333 0.328125 0.7527777777777778 0.334375 0.7555555555555555 0.3359375 0.7583333333333333 0.3328125 0.7638888888888888 0.3234375 0.7722222222222223 0.303125 0.7722222222222223
0 0.184375 0.7444444444444445 0.1890625 0.75 0.1859375 0.7555555555555555 0.1859375 0.7611111111111111 0.190625 0.7638888888888888 0.1953125 0.7555555555555555 0.2203125 0.7527777777777778 0.2265625 0.7472222222222222 0.2328125 0.7472222222222222 0.25 0.7388888888888889 0.2703125 0.7388888888888889 0.271875 0.7416666666666667 0.240625 0.7555555555555555 0.234375 0.7611111111111111 0.2078125 0.7666666666666667 0.1890625 0.7777777777777778 0.1828125 0.7777777777777778 0.184375 0.7472222222222222
0 0.5375 0.7416666666666667 0.5578125 0.7694444444444445 0.5578125 0.775 0.5546875 0.7777777777777778 0.5390625 0.7777777777777778 0.53125 0.7666666666666667 0.525 0.7527777777777778 0.5234375 0.7444444444444445 0.525 0.7416666666666667 0.5359375 0.7416666666666667
0 0.6546875 0.7305555555555555 0.6671875 0.7305555555555555 0.6765625 0.7361111111111112 0.684375 0.7361111111111112 0.721875 0.7527777777777778 0.7203125 0.7583333333333333 0.7046875 0.7583333333333333 0.6546875 0.7333333333333333
0 0.6703125 0.7305555555555555 0.678125 0.7361111111111112 0.6875 0.7361111111111112 0.7109375 0.7472222222222222 0.715625 0.7416666666666667 0.71875 0.7416666666666667 0.7234375 0.7527777777777778 0.71875 0.7583333333333333 0.703125 0.7583333333333333 0.665625 0.7416666666666667 0.6625 0.75 0.6796875 0.7611111111111111 0.6765625 0.7666666666666667 0.6625 0.7694444444444445 0.6609375 0.7666666666666667 0.646875 0.7638888888888888 0.640625 0.7583333333333333 0.63125 0.7583333333333333 0.6265625 0.7527777777777778 0.6234375 0.7527777777777778 0.621875 0.7555555555555555 0.625 0.7611111111111111 0.621875 0.7638888888888888 0.625 0.7694444444444445 0.6234375 0.7722222222222223 0.5984375 0.775 0.5734375 0.7555555555555555 0.5703125 0.7472222222222222 0.5578125 0.7444444444444445 0.5546875 0.75 0.5578125 0.7527777777777778 0.55625 0.7583333333333333 0.5625 0.7722222222222223 0.5625 0.775 0.5578125 0.7777777777777778 0.5375 0.7777777777777778 0.515625 0.7416666666666667 0.540625 0.7416666666666667 0.546875 0.7472222222222222 0.5515625 0.7472222222222222 0.5546875 0.7388888888888889 0.5703125 0.7388888888888889 0.571875 0.7361111111111112 0.6015625 0.7388888888888889 0.6078125 0.7333333333333333 0.6234375 0.7333333333333333 0.625 0.7361111111111112 0.646875 0.7388888888888889 0.6515625 0.7305555555555555 0.66875 0.7305555555555555
0 0.5671875 0.7388888888888889 0.5796875 0.7361111111111112 0.621875 0.7694444444444445 0.6203125 0.7722222222222223 0.596875 0.7722222222222223 0.5671875 0.7416666666666667
0 0.609375 0.7361111111111112 0.6140625 0.7333333333333333 0.63125 0.7361111111111112 0.6421875 0.7416666666666667 0.646875 0.7472222222222222 0.659375 0.75 0.66875 0.7583333333333333 0.6765625 0.7611111111111111 0.678125 0.7638888888888888 0.6765625 0.7666666666666667 0.65625 0.7666666666666667 0.6109375 0.7388888888888889
0 0.3109375 0.7416666666666667 0.3125 0.7444444444444445 0.309375 0.7444444444444445 0.3046875 0.75 0.259375 0.7722222222222223 0.24375 0.7722222222222223 0.2390625 0.7694444444444445 0.2421875 0.7638888888888888 0.2484375 0.7638888888888888 0.275 0.75 0.2828125 0.75 0.2953125 0.7416666666666667 0.309375 0.7416666666666667
0 0.2234375 0.9972222222222222 0.2421875 0.9666666666666667 0.25625 0.9527777777777777 0.275 0.925 0.290625 0.9083333333333333 0.296875 0.8972222222222223 0.3296875 0.8583333333333333 0.3375 0.8444444444444444 0.3421875 0.8416666666666667 0.365625 0.8111111111111111 0.3734375 0.8111111111111111 0.375 0.8138888888888889 0.365625 0.8305555555555556 0.30625 0.9166666666666666 0.2953125 0.9277777777777778 0.2828125 0.95 0.2765625 0.9555555555555556 0.2515625 0.9944444444444445 0.2484375 0.9972222222222222 0.225 0.9972222222222222