0 0.5421875 0.7416666666666667 0.55 0.7444444444444445 0.5609375 0.7666666666666667 0.559375 0.7694444444444445 0.553125 0.7666666666666667 0.5421875 0.7444444444444445
0 0.634375 0.8916666666666667 0.696875 0.9972222222222222 0.678125 0.9972222222222222 0.6265625 0.9027777777777778 0.6234375 0.8944444444444445 0.625 0.8916666666666667 0.6328125 0.8916666666666667
0 0.5046875 0.6722222222222223 0.509375 0.675 0.509375 0.6805555555555556 0.50625 0.6805555555555556 0.5046875 0.675
0 0.0734375 0.7333333333333333 0.0625 0.7416666666666667 0.05 0.7472222222222222 0.0421875 0.7472222222222222 0.040625 0.75 0.0328125 0.75 0.03125 0.7527777777777778 0.021875 0.7527777777777778 0.021875 0.75 0.0296875 0.7444444444444445 0.0390625 0.7444444444444445 0.0640625 0.7333333333333333 0.071875 0.7333333333333333
0 0.440625 0.7 0.4375 0.7111111111111111 0.434375 0.7111111111111111 0.434375 0.7055555555555556 0.4390625 0.7
0 0.46875 0.6777777777777778 0.471875 0.675 0.4828125 0.6777777777777778 0.478125 0.6888888888888889 0.471875 0.6805555555555556 0.46875 0.6805555555555556
0 0.16875 0.7027777777777777 0.184375 0.6944444444444444 0.1953125 0.6944444444444444 0.19375 0.7 0.1703125 0.7055555555555556
0 0.3796875 0.6861111111111111 0.38125 0.6805555555555556 0.3859375 0.6777777777777778 0.3875 0.6805555555555556 0.384375 0.6861111111111111 0.38125 0.6861111111111111
0 0.0484375 0.9972222222222222 0.1125 0.9361111111111111 0.1203125 0.9361111111111111 0.1171875 0.9444444444444444 0.0796875 0.9833333333333333 0.0765625 0.9833333333333333 0.06875 0.9944444444444445 0.0640625 0.9972222222222222 0.05 0.9972222222222222
0 0.30625 0.7555555555555555 0.3046875 0.7611111111111111 0.2796875 0.7833333333333333 0.2765625 0.7833333333333333 0.2765625 0.7777777777777778 0.3 0.7555555555555555 0.3046875 0.7555555555555555
0 0.5171875 0.6944444444444444 0.5203125 0.6944444444444444 0.525 0.7027777777777777 0.525 0.7083333333333334 0.521875 0.7083333333333334 0.5171875 0.6972222222222222
0 0.44609375 0.6805555555555556 0.0046875 0.011111111111111112
0 0.4140625 0.775 0.4171875 0.7611111111111111 0.4234375 0.7472222222222222 0.428125 0.7472222222222222 0.425 0.7638888888888888 0.4203125 0.775 0.4171875 0.7777777777777778 0.415625 0.775
0 0.546875 0.6722222222222223 0.5515625 0.675 0.5515625 0.6777777777777778 0.5421875 0.6777777777777778 0.5359375 0.6861111111111111 0.5296875 0.6805555555555556 0.5296875 0.675 0.5453125 0.6722222222222223
0 0.3515625 0.7166666666666667 0.35 0.7111111111111111 0.3546875 0.7055555555555556 0.359375 0.7055555555555556 0.359375 0.7083333333333334 0.353125 0.7138888888888889
0 0.384375 0.9055555555555556 0.3828125 0.9222222222222223 0.3625 0.9972222222222222 0.3484375 0.9972222222222222 0.3484375 0.9916666666666667 0.3703125 0.9194444444444444 0.378125 0.9055555555555556 0.3828125 0.9055555555555556