0 0.096875 0.8027777777777778 0.09375 0.8083333333333333 0.08125 0.8138888888888889 0.071875 0.8138888888888889 0.0703125 0.8166666666666667 0.04375 0.8222222222222222 0.028125 0.8305555555555556 0.0078125 0.8333333333333334 0 0.8388888888888889 0 0.8277777777777777 0.0078125 0.8222222222222222 0.0953125 0.8
0 0.6890625 0.8027777777777778 0.70625 0.8166666666666667 0.7203125 0.8222222222222222 0.7265625 0.8277777777777777 0.7296875 0.8361111111111111 0.71875 0.8333333333333334 0.7046875 0.825 0.696875 0.8166666666666667 0.6890625 0.8138888888888889 0.6875 0.8055555555555556
0 0.1734375 0.8277777777777777 0.16875 0.8361111111111111 0.1578125 0.8388888888888889 0.1515625 0.8444444444444444 0.134375 0.85 0.1234375 0.8583333333333333 0.1171875 0.8583333333333333 0.1109375 0.8638888888888889 0.096875 0.8666666666666667 0.0953125 0.8694444444444445 0.0921875 0.8638888888888889 0.1125 0.85 0.15 0.8361111111111111 0.1609375 0.8277777777777777 0.171875 0.8277777777777777
0 0.33125 0.8444444444444444 0.3328125 0.8361111111111111 0.3546875 0.8138888888888889 0.3609375 0.8166666666666667 0.35625 0.825 0.3375 0.8444444444444444 0.3328125 0.8444444444444444
0 0.8453125 0.9027777777777778 0.859375 0.9138888888888889 0.8609375 0.9166666666666666 0.859375 0.9222222222222223 0.853125 0.9222222222222223 0.8390625 0.9111111111111111 0.8375 0.9055555555555556 0.84375 0.9027777777777778
0 0.24375 0.7916666666666666 0.2453125 0.7944444444444444 0.2390625 0.8 0.234375 0.8 0.2328125 0.7944444444444444 0.2390625 0.7888888888888889 0.2421875 0.7916666666666666
0 0.3859375 0.7861111111111111 0.3875 0.7805555555555556 0.3921875 0.7805555555555556 0.3921875 0.7861111111111111 0.3890625 0.7888888888888889 0.3875 0.7861111111111111
0 0.703125 0.7611111111111111 0.715625 0.7611111111111111 0.721875 0.7666666666666667 0.721875 0.7722222222222223 0.7109375 0.7722222222222223 0.703125 0.7666666666666667 0.703125 0.7638888888888888
0 0.553125 0.9055555555555556 0.559375 0.9055555555555556 0.5640625 0.9138888888888889 0.5640625 0.9222222222222223 0.559375 0.925 0.553125 0.9166666666666666 0.553125 0.9083333333333333
0 0.6453125 0.7777777777777778 0.6515625 0.7777777777777778 0.653125 0.7805555555555556 0.653125 0.7861111111111111 0.6484375 0.7861111111111111 0.6453125 0.7805555555555556
0 0.2578125 0.9222222222222223 0.25625 0.9305555555555556 0.24375 0.9416666666666667 0.2359375 0.9416666666666667 0.234375 0.9388888888888889 0.2359375 0.9333333333333333 0.2484375 0.9222222222222223 0.25625 0.9222222222222223