0 0.5140625 0.6916666666666667 0.5203125 0.6944444444444444 0.5203125 0.7 0.5171875 0.7 0.5140625 0.6944444444444444
0 0.8421875 0.7944444444444444 0.853125 0.7944444444444444 0.859375 0.8027777777777778 0.865625 0.8027777777777778 0.878125 0.8111111111111111 0.884375 0.8111111111111111 0.8859375 0.8166666666666667 0.9046875 0.8222222222222222 0.909375 0.8277777777777777 0.9140625 0.8277777777777777 0.9171875 0.8333333333333334 0.9234375 0.8333333333333334 0.9328125 0.8416666666666667 0.9421875 0.8444444444444444 0.9453125 0.85 0.95 0.85 0.9609375 0.8583333333333333 0.9703125 0.8583333333333333 0.975 0.8638888888888889 0.9890625 0.8694444444444445 0.9890625 0.8805555555555555 0.984375 0.8805555555555555 0.978125 0.875 0.9734375 0.875 0.9703125 0.8694444444444445 0.9609375 0.8638888888888889 0.9453125 0.8583333333333333 0.9421875 0.8527777777777777 0.9296875 0.85 0.9125 0.8361111111111111 0.8875 0.825 0.8796875 0.8166666666666667 0.859375 0.8111111111111111 0.853125 0.8027777777777778 0.84375 0.7972222222222223
0 0.109375 0.6888888888888889 0.1109375 0.6916666666666667 0.109375 0.6944444444444444 0.1078125 0.6916666666666667 0.0984375 0.6972222222222222 0.090625 0.6972222222222222 0.08125 0.7027777777777777 0.078125 0.7 0.0765625 0.7027777777777777 0.06875 0.7027777777777777 0.0578125 0.7083333333333334 0.05625 0.7027777777777777 0.059375 0.7 0.1078125 0.6888888888888889
0 0.296875 0.7 0.2921875 0.7083333333333334 0.284375 0.7055555555555556 0.2875 0.7 0.2953125 0.7
0 0.40625 0.6694444444444444 0.40625 0.6722222222222223 0.378125 0.7055555555555556 0.371875 0.7166666666666667 0.3671875 0.7194444444444444 0.35625 0.7361111111111112 0.328125 0.7666666666666667 0.3171875 0.7833333333333333 0.3140625 0.7833333333333333 0.2984375 0.8055555555555556 0.29375 0.8083333333333333 0.2875 0.8194444444444444 0.278125 0.8277777777777777 0.2640625 0.85 0.25625 0.8555555555555555 0.25 0.8666666666666667 0.246875 0.8666666666666667 0.234375 0.8861111111111111 0.2109375 0.9111111111111111 0.2046875 0.9222222222222223 0.190625 0.9361111111111111 0.178125 0.9555555555555556 0.175 0.9555555555555556 0.165625 0.9694444444444444 0.1640625 0.9666666666666667 0.15 0.9666666666666667 0.15 0.9638888888888889 0.1609375 0.9527777777777777 0.1671875 0.9416666666666667 0.1703125 0.9416666666666667 0.1859375 0.9194444444444444 0.1890625 0.9194444444444444 0.1953125 0.9083333333333333 0.2 0.9027777777777778 0.203125 0.9027777777777778 0.21875 0.8805555555555555 0.2265625 0.875 0.2328125 0.8638888888888889 0.240625 0.8583333333333333 0.25625 0.8361111111111111 0.2578125 0.8388888888888889 0.2859375 0.8 0.2921875 0.7972222222222223 0.296875 0.7888888888888889 0.3109375 0.7722222222222223 0.3140625 0.7722222222222223 0.3421875 0.7361111111111112 0.35 0.7305555555555555 0.3796875 0.6916666666666667 0.3828125 0.6916666666666667 0.4 0.6694444444444444 0.4046875 0.6694444444444444
0 0.89375 0.95 0.896875 0.9472222222222222 0.90625 0.95 0.91875 0.9638888888888889 0.934375 0.9722222222222222 0.946875 0.9861111111111112 0.9609375 0.9944444444444445 0.9625 0.9972222222222222 0.9453125 0.9972222222222222 0.9390625 0.9888888888888889 0.91875 0.975 0.8953125 0.9527777777777777
0 0.1078125 0.8138888888888889 0.1140625 0.8166666666666667 0.1140625 0.8222222222222222 0.1078125 0.8277777777777777 0.10625 0.825 0.090625 0.8388888888888889 0.0828125 0.8416666666666667 0.078125 0.8472222222222222 0.0765625 0.8444444444444444 0.0625 0.8555555555555555 0.0546875 0.8555555555555555 0.053125 0.85 0.0734375 0.8333333333333334 0.078125 0.8305555555555556 0.0796875 0.8333333333333334 0.1015625 0.8166666666666667 0.10625 0.8166666666666667
0 0.325 0.6833333333333333 0.3265625 0.6777777777777778 0.334375 0.6777777777777778 0.33125 0.6833333333333333 0.3265625 0.6833333333333333
0 0.3078125 0.6583333333333333 0.303125 0.6638888888888889 0.2984375 0.6638888888888889 0.2921875 0.6694444444444444 0.284375 0.6694444444444444 0.2640625 0.6833333333333333 0.2546875 0.6833333333333333 0.23125 0.6972222222222222 0.2234375 0.6972222222222222 0.21875 0.7027777777777777 0.2125 0.7027777777777777 0.203125 0.7111111111111111 0.19375 0.7111111111111111 0.171875 0.725 0.1625 0.725 0.1515625 0.7333333333333333 0.1390625 0.7388888888888889 0.1375 0.7361111111111112 0.1140625 0.75 0.0984375 0.7527777777777778 0.0828125 0.7638888888888888 0.071875 0.7638888888888888 0.0609375 0.7722222222222223 0.05625 0.7722222222222223 0.0515625 0.7777777777777778 0.046875 0.775 0.01875 0.7916666666666666 0.015625 0.7888888888888889 0.0046875 0.7972222222222223 0 0.7972222222222223 0 0.7888888888888889 0.003125 0.7888888888888889 0.015625 0.7777777777777778 0.0140625 0.775 0.0078125 0.775 0 0.7805555555555556 0 0.7722222222222223 0.003125 0.7694444444444445 0.015625 0.7638888888888888 0.0203125 0.7666666666666667 0.0390625 0.7555555555555555 0.0546875 0.7527777777777778 0.0609375 0.7472222222222222 0.0671875 0.7472222222222222 0.0796875 0.7388888888888889 0.08125 0.7416666666666667 0.0828125 0.7388888888888889 0.0890625 0.7388888888888889 0.1078125 0.7277777777777777 0.1109375 0.7305555555555555 0.1125 0.7277777777777777 0.11875 0.7277777777777777 0.1359375 0.7166666666666667 0.140625 0.7194444444444444 0.1578125 0.7083333333333334 0.1734375 0.7055555555555556 0.19375 0.6944444444444444 0.209375 0.6916666666666667 0.228125 0.6805555555555556 0.2328125 0.6833333333333333 0.25625 0.6694444444444444 0.2625 0.6722222222222223 0.2765625 0.6611111111111111 0.2828125 0.6611111111111111 0.284375 0.6583333333333333 0.290625 0.6611111111111111 0.2921875 0.6583333333333333 0.30625 0.6583333333333333
0 0.228125 0.7361111111111112 0.2296875 0.7388888888888889 0.240625 0.7361111111111112 0.240625 0.7388888888888889 0.2375 0.7444444444444445 0.221875 0.7527777777777778 0.2140625 0.7527777777777778 0.215625 0.7472222222222222 0.2265625 0.7388888888888889
0 0.534375 0.7416666666666667 0.5421875 0.7444444444444445 0.5515625 0.7666666666666667 0.5515625 0.7694444444444445 0.54375 0.7694444444444445 0.54375 0.7638888888888888 0.534375 0.7444444444444445
0 0.84375 0.7944444444444444 0.853125 0.7944444444444444 0.859375 0.8027777777777778 0.878125 0.8111111111111111 0.884375 0.8111111111111111 0.8859375 0.8166666666666667 0.9140625 0.8277777777777777 0.9171875 0.8333333333333334 0.928125 0.8361111111111111 0.9546875 0.8555555555555555 0.96875 0.8583333333333333 0.9796875 0.8666666666666667 0.9890625 0.8694444444444445 0.9890625 0.8805555555555555 0.9734375 0.875 0.9671875 0.8666666666666667 0.95 0.8611111111111112 0.9421875 0.8527777777777777 0.925 0.8472222222222222 0.9125 0.8361111111111111 0.8875 0.825 0.8796875 0.8166666666666667 0.859375 0.8111111111111111 0.853125 0.8027777777777778 0.84375 0.7972222222222223
0 0.6078125 0.9111111111111111 0.6171875 0.9138888888888889 0.6265625 0.9305555555555556 0.6265625 0.9361111111111111 0.6546875 0.9972222222222222 0.6390625 0.9972222222222222 0.6328125 0.9833333333333333 0.63125 0.975 0.6203125 0.9527777777777777 0.615625 0.9361111111111111 0.6078125 0.9222222222222223 0.6078125 0.9138888888888889
0 0.4984375 0.6611111111111111 0.503125 0.6611111111111111 0.5109375 0.675 0.5140625 0.6861111111111111 0.5203125 0.6944444444444444 0.5203125 0.7 0.5171875 0.7 0.5140625 0.6944444444444444 0.5140625 0.6861111111111111 0.503125 0.675 0.5 0.6638888888888889
0 0.1515625 0.6222222222222222 0.1578125 0.625 0.1546875 0.6305555555555555 0.15625 0.6333333333333333 0.1703125 0.6305555555555555 0.1734375 0.6361111111111111 0.184375 0.6333333333333333 0.1890625 0.6277777777777778 0.190625 0.6305555555555555 0.19375 0.6277777777777778 0.2046875 0.6305555555555555 0.2125 0.625 0.2203125 0.625 0.228125 0.6166666666666667 0.2328125 0.6222222222222222 0.24375 0.6222222222222222 0.2390625 0.6277777777777778 0.23125 0.6277777777777778 0.2296875 0.625 0.228125 0.6277777777777778 0.203125 0.6333333333333333 0.2015625 0.6361111111111111 0.19375 0.6361111111111111 0.1921875 0.6333333333333333 0.1875 0.6361111111111111 0.1859375 0.6333333333333333 0.1796875 0.6388888888888888 0.171875 0.6388888888888888 0.1703125 0.6416666666666667 0.1671875 0.6361111111111111 0.15 0.6416666666666667 0.146875 0.6333333333333333 0.1265625 0.6305555555555555 0.125 0.6333333333333333 0.1296875 0.6416666666666667 0.1234375 0.6444444444444445 0.1 0.6472222222222223 0.0859375 0.6555555555555556 0.0734375 0.6527777777777778 0.0546875 0.6611111111111111 0.0421875 0.6583333333333333 0.0265625 0.6666666666666666 0.0203125 0.6666666666666666 0.0125 0.6611111111111111 0.0109375 0.6555555555555556 0.0140625 0.6527777777777778 0.0171875 0.6555555555555556 0.0203125 0.6527777777777778 0.0265625 0.6555555555555556 0.0296875 0.6527777777777778 0.0421875 0.6527777777777778 0.04375 0.65 0.05 0.65 0.0515625 0.6527777777777778 0.0640625 0.6472222222222223 0.0671875 0.6416666666666667 0.065625 0.6388888888888888 0.0546875 0.6388888888888888 0.0703125 0.6388888888888888 0.08125 0.6444444444444445 0.0859375 0.6416666666666667 0.09375 0.6444444444444445 0.0953125 0.6416666666666667 0.10625 0.6416666666666667 0.1078125 0.6388888888888888 0.1125 0.6416666666666667 0.115625 0.6361111111111111 0.1140625 0.6305555555555555 0.1171875 0.6277777777777778 0.125 0.6277777777777778 0.1359375 0.6222222222222222 0.1421875 0.625 0.15 0.6222222222222222
0 0.6078125 0.9111111111111111 0.6171875 0.9138888888888889 0.6265625 0.9305555555555556 0.6265625 0.9361111111111111 0.6546875 0.9972222222222222 0.6390625 0.9972222222222222 0.634375 0.9861111111111112 0.634375 0.9805555555555555 0.6265625 0.9666666666666667 0.615625 0.9361111111111111 0.609375 0.925 0.6078125 0.9138888888888889
0 0.4984375 0.6611111111111111 0.503125 0.6611111111111111 0.5109375 0.675 0.5125 0.6833333333333333 0.509375 0.6833333333333333 0.5046875 0.6777777777777778 0.5 0.6638888888888889
0 0.84375 0.7916666666666666 0.8453125 0.7944444444444444 0.8546875 0.7944444444444444 0.8609375 0.8027777777777778 0.884375 0.8111111111111111 0.8875 0.8166666666666667 0.9 0.8194444444444444 0.9140625 0.8277777777777777 0.9171875 0.8333333333333334 0.9296875 0.8361111111111111 0.934375 0.8416666666666667 0.94375 0.8444444444444444 0.9515625 0.8527777777777777 0.9640625 0.8583333333333333 0.971875 0.8583333333333333 0.975 0.8638888888888889 0.98125 0.8666666666666667 0.9875 0.8666666666666667 0.9890625 0.8694444444444445 0.9890625 0.8805555555555555 0.978125 0.8777777777777778 0.965625 0.8666666666666667 0.94375 0.8583333333333333 0.940625 0.8527777777777777 0.9296875 0.85 0.903125 0.8305555555555556 0.890625 0.8277777777777777 0.878125 0.8166666666666667 0.859375 0.8111111111111111 0.853125 0.8027777777777778 0.8484375 0.8027777777777778 0.8421875 0.7972222222222223 0.840625 0.7944444444444444 0.8421875 0.7944444444444444