0 0.5171875 0.33055555555555555 0.51875 0.33055555555555555 0.5171875 0.3333333333333333 0.5109375 0.3388888888888889 0.503125 0.3388888888888889 0.503125 0.33611111111111114 0.515625 0.33055555555555555
0 0.5484375 0.3194444444444444 0.5578125 0.3138888888888889 0.565625 0.3138888888888889 0.5625 0.3194444444444444 0.55 0.3194444444444444
0 0.696875 0.4361111111111111 0.7125 0.4388888888888889 0.7171875 0.4444444444444444 0.7296875 0.45 0.734375 0.45555555555555555 0.7515625 0.4638888888888889 0.75625 0.46944444444444444 0.7796875 0.48333333333333334 0.78125 0.4861111111111111 0.778125 0.4888888888888889 0.7671875 0.4861111111111111 0.6984375 0.4388888888888889
0 0.6234375 0.33055555555555555 0.6171875 0.3416666666666667 0.6140625 0.3416666666666667 0.6125 0.33611111111111114 0.6171875 0.33055555555555555 0.621875 0.33055555555555555
0 0.4796875 0.5 0.4765625 0.4777777777777778 0.4765625 0.4388888888888889 0.478125 0.4361111111111111 0.4828125 0.4361111111111111 0.4859375 0.44166666666666665 0.4875 0.4722222222222222 0.4921875 0.49166666666666664 0.4921875 0.49722222222222223 0.4890625 0.5027777777777778 0.4828125 0.5027777777777778 0.48125 0.5
0 0.640625 0.32222222222222224 0.640625 0.3277777777777778 0.6359375 0.33055555555555555 0.6296875 0.3277777777777778 0.634375 0.32222222222222224 0.6390625 0.32222222222222224
0 0.0359375 0.5916666666666667 0.0328125 0.5972222222222222 0.0296875 0.5972222222222222 0.003125 0.6194444444444445 0 0.6194444444444445 0 0.6 0.0140625 0.5916666666666667 0.034375 0.5916666666666667
0 0.3515625 0.3611111111111111 0.353125 0.3611111111111111 0.3515625 0.3638888888888889 0.3421875 0.37222222222222223 0.3234375 0.38333333333333336 0.31875 0.38055555555555554 0.321875 0.375 0.3296875 0.37222222222222223 0.3421875 0.3611111111111111 0.35 0.3611111111111111
0 0.9625 0.6083333333333333 0.98125 0.6083333333333333 0.99375 0.6166666666666667 0.9984375 0.6166666666666667 0.9984375 0.6333333333333333 0.9953125 0.6333333333333333 0.990625 0.6277777777777778 0.978125 0.6222222222222222 0.9640625 0.6111111111111112
0 0.48203125 0.4083333333333333 0.0109375 0.03333333333333333
0 0.540625 0.32222222222222224 0.534375 0.3277777777777778 0.5234375 0.3277777777777778 0.525 0.325 0.528125 0.32222222222222224 0.5390625 0.32222222222222224
0 0.4890625 0.3611111111111111 0.4890625 0.37222222222222223 0.4859375 0.38333333333333336 0.48125 0.38333333333333336 0.48125 0.36944444444444446 0.4828125 0.3638888888888889 0.4875 0.3611111111111111
0 0.6296875 0.37777777777777777 0.6453125 0.39166666666666666 0.6484375 0.39166666666666666 0.6546875 0.4 0.6453125 0.4 0.6296875 0.3861111111111111 0.6265625 0.38055555555555554 0.628125 0.38055555555555554
0 0.4078125 0.3333333333333333 0.3890625 0.34444444444444444 0.3796875 0.34444444444444444 0.3828125 0.3388888888888889 0.3953125 0.3333333333333333 0.40625 0.3333333333333333
0 0.496875 0.3416666666666667 0.4984375 0.3472222222222222 0.49375 0.35555555555555557 0.4890625 0.35833333333333334 0.4875 0.3527777777777778 0.4921875 0.34444444444444444 0.4953125 0.34444444444444444
0 0.271875 0.4166666666666667 0.271875 0.41944444444444445 0.259375 0.4305555555555556 0.25625 0.4305555555555556 0.234375 0.45 0.20625 0.46944444444444444 0.1921875 0.46944444444444444 0.1921875 0.4666666666666667 0.1984375 0.46111111111111114 0.2140625 0.4527777777777778 0.253125 0.4222222222222222 0.2625 0.4166666666666667 0.2703125 0.4166666666666667
0 0.49375 0.5416666666666666 0.5 0.55 0.5015625 0.5694444444444444 0.5046875 0.5805555555555556 0.5046875 0.5972222222222222 0.5078125 0.6111111111111112 0.5125 0.6694444444444444 0.515625 0.6833333333333333 0.515625 0.7 0.5171875 0.7027777777777777 0.5171875 0.7166666666666667 0.51875 0.7194444444444444 0.51875 0.7333333333333333 0.5203125 0.7361111111111112 0.521875 0.7666666666666667 0.5234375 0.7694444444444445 0.5234375 0.7888888888888889 0.525 0.7916666666666666 0.525 0.8138888888888889 0.5234375 0.8166666666666667 0.5125 0.8166666666666667 0.509375 0.8222222222222222 0.5125 0.8694444444444445 0.515625 0.8888888888888888 0.515625 0.9166666666666666 0.5171875 0.9194444444444444 0.5203125 0.9972222222222222 0.515625 0.9972222222222222 0.515625 0.9805555555555555 0.5125 0.9583333333333334 0.5125 0.9305555555555556 0.5109375 0.9277777777777778 0.5109375 0.8972222222222223 0.5078125 0.8805555555555555 0.5046875 0.825 0.5015625 0.8194444444444444 0.4984375 0.8194444444444444 0.4953125 0.8083333333333333 0.49375 0.7444444444444445 0.4921875 0.7416666666666667 0.4921875 0.7111111111111111 0.490625 0.7083333333333334 0.490625 0.6583333333333333 0.4890625 0.6555555555555556 0.4890625 0.6277777777777778 0.4875 0.625 0.4875 0.5888888888888889 0.484375 0.5694444444444444 0.484375 0.5472222222222223 0.4921875 0.5416666666666666
0 0.4578125 0.31666666666666665 0.4578125 0.3194444444444444 0.4453125 0.325 0.434375 0.325 0.4375 0.3194444444444444 0.45625 0.31666666666666665
0 0.496875 0.8166666666666667 0.4953125 0.8083333333333333 0.4953125 0.7777777777777778 0.49375 0.775 0.49375 0.7361111111111112 0.4921875 0.7333333333333333 0.4921875 0.7 0.490625 0.6972222222222222 0.4875 0.5833333333333334 0.484375 0.5638888888888889 0.484375 0.5472222222222223 0.4859375 0.5444444444444444 0.496875 0.5444444444444444 0.5 0.55 0.5046875 0.5972222222222222 0.50625 0.6 0.5078125 0.6277777777777778 0.5125 0.6555555555555556 0.5125 0.6722222222222223 0.515625 0.6833333333333333 0.515625 0.7027777777777777 0.5171875 0.7055555555555556 0.5203125 0.7527777777777778 0.5234375 0.7694444444444445 0.5234375 0.7916666666666666 0.525 0.7944444444444444 0.525 0.8111111111111111 0.521875 0.8166666666666667 0.5046875 0.8166666666666667 0.503125 0.8194444444444444 0.4984375 0.8166666666666667
0 0.60625 0.35 0.6125 0.35 0.615625 0.35555555555555557 0.615625 0.3638888888888889 0.6109375 0.3638888888888889 0.60625 0.3527777777777778
0 0.5046875 0.8166666666666667 0.509375 0.8166666666666667 0.5125 0.8722222222222222 0.515625 0.8916666666666667 0.5171875 0.9527777777777777 0.5203125 0.975 0.5203125 0.9972222222222222 0.515625 0.9972222222222222 0.515625 0.9777777777777777 0.5125 0.9555555555555556 0.5109375 0.8944444444444445 0.5078125 0.8777777777777778 0.5046875 0.8194444444444444