0 0.5015625 0.7083333333333334 0.50625 0.7083333333333334 0.5125 0.725 0.5109375 0.7333333333333333 0.5046875 0.725 0.5015625 0.7111111111111111
0 0.2625 0.8138888888888889 0.26875 0.8138888888888889 0.2625 0.8277777777777777 0.259375 0.8277777777777777 0.25625 0.8333333333333334 0.25 0.8333333333333334 0.253125 0.825 0.2625 0.8166666666666667
0 0.7828125 0.7194444444444444 0.796875 0.7277777777777777 0.7984375 0.725 0.8 0.7277777777777777 0.80625 0.7277777777777777 0.8125 0.7333333333333333 0.815625 0.7305555555555555 0.8265625 0.7388888888888889 0.8296875 0.7361111111111112 0.8375 0.7444444444444445 0.8234375 0.7444444444444445 0.815625 0.7388888888888889 0.8078125 0.7388888888888889 0.8015625 0.7333333333333333 0.7984375 0.7361111111111112 0.7875 0.7277777777777777 0.78125 0.7277777777777777 0.778125 0.7222222222222222 0.78125 0.7222222222222222
0 0.296875 0.7833333333333333 0.296875 0.7888888888888889 0.2875 0.8 0.2828125 0.8 0.2828125 0.7944444444444444 0.2953125 0.7833333333333333
0 0.8890625 0.7305555555555555 0.896875 0.7305555555555555 0.8984375 0.7333333333333333 0.903125 0.7305555555555555 0.928125 0.7416666666666667 0.91875 0.7416666666666667 0.915625 0.7444444444444445 0.9078125 0.7388888888888889 0.903125 0.7416666666666667 0.9015625 0.7388888888888889 0.8953125 0.7388888888888889 0.8890625 0.7333333333333333
0 0.096875 0.9888888888888889 0.0984375 0.9916666666666667 0.09375 0.9972222222222222 0.0796875 0.9972222222222222 0.0875 0.9944444444444445 0.090625 0.9888888888888889 0.0953125 0.9888888888888889
0 0.1796875 0.9 0.18125 0.9055555555555556 0.1734375 0.9166666666666666 0.1625 0.925 0.1609375 0.9305555555555556 0.15 0.9388888888888889 0.146875 0.9444444444444444 0.14375 0.9472222222222222 0.134375 0.9472222222222222 0.134375 0.9444444444444444 0.1375 0.9388888888888889 0.14375 0.9361111111111111 0.1484375 0.9277777777777778 0.159375 0.9194444444444444 0.1640625 0.9111111111111111 0.178125 0.9027777777777778
0 0.2078125 0.8722222222222222 0.221875 0.8555555555555555 0.2328125 0.85 0.2328125 0.8555555555555555 0.2203125 0.8666666666666667 0.21875 0.8722222222222222 0.2078125 0.875
0 0.7703125 0.7166666666666667 0.7734375 0.7194444444444444 0.784375 0.7194444444444444 0.796875 0.7277777777777777 0.7984375 0.725 0.8078125 0.7277777777777777 0.8125 0.7333333333333333 0.815625 0.7305555555555555 0.8265625 0.7388888888888889 0.8296875 0.7361111111111112 0.8390625 0.7444444444444445 0.8234375 0.7444444444444445 0.8171875 0.7388888888888889 0.8078125 0.7388888888888889 0.8015625 0.7333333333333333 0.7984375 0.7361111111111112 0.7875 0.7277777777777777 0.7828125 0.7277777777777777 0.771875 0.7166666666666667
0 0.1796875 0.9027777777777778 0.18125 0.9027777777777778 0.175 0.9138888888888889 0.1625 0.925 0.1609375 0.9305555555555556 0.1515625 0.9361111111111111 0.146875 0.9444444444444444 0.1421875 0.9472222222222222 0.134375 0.9472222222222222 0.1359375 0.9416666666666667 0.14375 0.9361111111111111 0.1484375 0.9277777777777778 0.1546875 0.925 0.1625 0.9138888888888889 0.16875 0.9083333333333333 0.1734375 0.9083333333333333 0.178125 0.9027777777777778
0 0.5390625 0.6972222222222222 0.54375 0.6972222222222222 0.5484375 0.7027777777777777 0.5484375 0.7055555555555556 0.5421875 0.7055555555555556 0.5390625 0.7
0 0.5796875 0.7472222222222222 0.590625 0.7583333333333333 0.60625 0.7805555555555556 0.60625 0.7833333333333333 0.6 0.7861111111111111 0.5859375 0.7666666666666667 0.578125 0.75