0 0.43125 0.7388888888888889 0.434375 0.7361111111111112 0.4484375 0.7361111111111112 0.4515625 0.7388888888888889 0.45 0.7611111111111111 0.4421875 0.775 0.45 0.7888888888888889 0.4578125 0.7944444444444444 0.459375 0.8 0.4578125 0.8027777777777778 0.4125 0.7972222222222223 0.4 0.7916666666666666 0.4125 0.7805555555555556 0.4140625 0.7833333333333333 0.4203125 0.7777777777777778 0.421875 0.775 0.41875 0.7666666666666667 0.425 0.7555555555555555 0.428125 0.7444444444444445 0.43125 0.7416666666666667
0 0.234375 0.7111111111111111 0.2359375 0.7138888888888889 0.2421875 0.7111111111111111 0.2609375 0.7138888888888889 0.2609375 0.7166666666666667 0.2578125 0.7166666666666667 0.253125 0.7222222222222222 0.2484375 0.7194444444444444 0.2390625 0.725 0.2265625 0.725 0.2203125 0.7305555555555555 0.2140625 0.7277777777777777 0.2 0.7361111111111112 0.1953125 0.7333333333333333 0.1890625 0.7388888888888889 0.1828125 0.7388888888888889 0.18125 0.7416666666666667 0.178125 0.7388888888888889 0.16875 0.7444444444444445 0.1625 0.7444444444444445 0.153125 0.7388888888888889 0.1609375 0.7333333333333333 0.1671875 0.7333333333333333 0.1734375 0.7277777777777777 0.1859375 0.7277777777777777 0.1984375 0.7194444444444444 0.2 0.7222222222222222 0.20625 0.7166666666666667 0.2140625 0.7166666666666667 0.215625 0.7138888888888889 0.2171875 0.7166666666666667 0.2234375 0.7166666666666667 0.2328125 0.7111111111111111
0 0.615625 0.8472222222222222 0.6203125 0.85 0.6296875 0.8666666666666667 0.634375 0.8694444444444445 0.6375 0.8777777777777778 0.6578125 0.9 0.66875 0.9194444444444444 0.675 0.925 0.7 0.9611111111111111 0.7078125 0.9666666666666667 0.7296875 0.9972222222222222 0.7125 0.9972222222222222 0.70625 0.9916666666666667 0.6890625 0.9638888888888889 0.68125 0.9583333333333334 0.6765625 0.9472222222222222 0.671875 0.9444444444444444 0.665625 0.9333333333333333 0.6609375 0.9305555555555556 0.6578125 0.9222222222222223 0.6484375 0.9138888888888889 0.646875 0.9083333333333333 0.6265625 0.8777777777777778 0.6203125 0.8722222222222222 0.6171875 0.8638888888888889 0.609375 0.8555555555555555 0.609375 0.85 0.6140625 0.85
0 0.3953125 0.7277777777777777 0.396875 0.7305555555555555 0.403125 0.7305555555555555 0.403125 0.7333333333333333 0.3953125 0.7472222222222222 0.3796875 0.7638888888888888 0.359375 0.7638888888888888 0.353125 0.7611111111111111 0.353125 0.7583333333333333 0.3578125 0.7527777777777778 0.3625 0.7527777777777778 0.3703125 0.7416666666666667 0.3765625 0.7388888888888889 0.38125 0.7305555555555555 0.39375 0.7277777777777777
0 0.0734375 0.7111111111111111 0.075 0.7138888888888889 0.0859375 0.7083333333333334 0.0875 0.7138888888888889 0.0859375 0.7222222222222222 0.0796875 0.725 0.06875 0.7222222222222222 0.0609375 0.7277777777777777 0.0546875 0.725 0.04375 0.7305555555555555 0.0265625 0.7305555555555555 0.025 0.7333333333333333 0.009375 0.7305555555555555 0.0078125 0.7277777777777777 0.0140625 0.7222222222222222 0.0265625 0.7222222222222222 0.0359375 0.7166666666666667 0.0390625 0.7194444444444444 0.04375 0.7166666666666667 0.0578125 0.7166666666666667 0.059375 0.7138888888888889 0.071875 0.7111111111111111
0 0.5375 0.75 0.5390625 0.7527777777777778 0.5484375 0.7527777777777778 0.5546875 0.7583333333333333 0.559375 0.7666666666666667 0.5734375 0.7805555555555556 0.5796875 0.7916666666666666 0.578125 0.7944444444444444 0.55625 0.7916666666666666 0.5546875 0.7861111111111111 0.540625 0.7722222222222223 0.5296875 0.7527777777777778 0.5359375 0.75
0 0.5 0.7444444444444445 0.503125 0.7472222222222222 0.5140625 0.7777777777777778 0.5140625 0.7861111111111111 0.5203125 0.7972222222222223 0.5375 0.8083333333333333 0.5421875 0.8166666666666667 0.5359375 0.8138888888888889 0.5328125 0.8166666666666667 0.5046875 0.8138888888888889 0.5 0.8083333333333333 0.484375 0.8083333333333333 0.48125 0.8055555555555556 0.4796875 0.8027777777777778 0.4828125 0.7972222222222223 0.4875 0.7972222222222223 0.4984375 0.7833333333333333 0.4890625 0.7777777777777778 0.484375 0.7638888888888888 0.4828125 0.7472222222222222 0.484375 0.7444444444444445 0.4984375 0.7444444444444445
0 0.2859375 0.7527777777777778 0.2875 0.75 0.29375 0.75 0.303125 0.7416666666666667 0.3078125 0.7416666666666667 0.321875 0.7305555555555555 0.340625 0.7222222222222222 0.34375 0.725 0.353125 0.725 0.3546875 0.7305555555555555 0.3125 0.7583333333333333 0.30625 0.7583333333333333 0.3046875 0.7555555555555555 0.3015625 0.7583333333333333 0.2890625 0.7583333333333333 0.2875 0.7555555555555555
0 0.5 0.7444444444444445 0.503125 0.7472222222222222 0.5046875 0.7555555555555555 0.509375 0.7638888888888888 0.5140625 0.7777777777777778 0.5140625 0.7833333333333333 0.503125 0.7833333333333333 0.5015625 0.7805555555555556 0.490625 0.7805555555555556 0.4890625 0.7777777777777778 0.484375 0.7638888888888888 0.4828125 0.7472222222222222 0.484375 0.7444444444444445 0.4984375 0.7444444444444445
0 0.2875 0.7166666666666667 0.2890625 0.7194444444444444 0.290625 0.7166666666666667 0.303125 0.7166666666666667 0.3046875 0.7222222222222222 0.3015625 0.725 0.290625 0.7305555555555555 0.2828125 0.7305555555555555 0.271875 0.7388888888888889 0.2671875 0.7361111111111112 0.24375 0.75 0.2375 0.75 0.2359375 0.7527777777777778 0.2328125 0.75 0.2171875 0.75 0.215625 0.7444444444444445 0.2203125 0.7444444444444445 0.2328125 0.7333333333333333 0.2390625 0.7361111111111112 0.246875 0.7305555555555555 0.2546875 0.7305555555555555 0.2609375 0.725 0.2671875 0.725 0.26875 0.7222222222222222 0.2734375 0.725 0.2859375 0.7194444444444444
0 0.1265625 0.7 0.128125 0.7027777777777777 0.1359375 0.7027777777777777 0.1375 0.7 0.1578125 0.7 0.159375 0.6972222222222222 0.165625 0.7 0.178125 0.7 0.18125 0.6972222222222222 0.1875 0.7055555555555556 0.1984375 0.7027777777777777 0.2 0.7055555555555556 0.2171875 0.7055555555555556 0.21875 0.7083333333333334 0.234375 0.7083333333333334 0.2359375 0.7111111111111111 0.2453125 0.7111111111111111 0.246875 0.7083333333333334 0.26875 0.7111111111111111 0.271875 0.7166666666666667 0.278125 0.7166666666666667 0.2796875 0.7138888888888889 0.30625 0.7166666666666667 0.3078125 0.7194444444444444 0.3171875 0.7194444444444444 0.3125 0.7277777777777777 0.3140625 0.7305555555555555 0.3328125 0.7222222222222222 0.3421875 0.7222222222222222 0.34375 0.725 0.359375 0.7222222222222222 0.3609375 0.725 0.371875 0.725 0.3734375 0.7277777777777777 0.378125 0.725 0.38125 0.7305555555555555 0.3828125 0.7277777777777777 0.3953125 0.725 0.396875 0.7277777777777777 0.4078125 0.7277777777777777 0.421875 0.7361111111111112 0.4265625 0.7333333333333333 0.428125 0.7361111111111112 0.4453125 0.7333333333333333 0.45625 0.7416666666666667 0.459375 0.7388888888888889 0.4671875 0.7388888888888889 0.46875 0.7416666666666667 0.4765625 0.7416666666666667 0.478125 0.7388888888888889 0.4796875 0.7416666666666667 0.484375 0.7388888888888889 0.4859375 0.7416666666666667 0.496875 0.7416666666666667 0.509375 0.75 0.5078125 0.7583333333333333 0.5140625 0.7694444444444445 0.5171875 0.7888888888888889 0.521875 0.7972222222222223 0.534375 0.8027777777777778 0.54375 0.8138888888888889 0.5546875 0.8111111111111111 0.559375 0.8 0.5515625 0.7861111111111111 0.5359375 0.7694444444444445 0.528125 0.7527777777777778 0.5296875 0.75 0.5375 0.7472222222222222 0.5390625 0.75 0.55 0.75 0.5578125 0.7555555555555555 0.5609375 0.7527777777777778 0.5625 0.7555555555555555 0.5671875 0.7527777777777778 0.6046875 0.7555555555555555 0.6109375 0.7611111111111111 0.625 0.7611111111111111 0.6296875 0.7666666666666667 0.6421875 0.7666666666666667 0.65625 0.7777777777777778 0.65625 0.7833333333333333 0.6515625 0.7972222222222223 0.6546875 0.8083333333333333 0.653125 0.8166666666666667 0.6546875 0.8194444444444444 0.6546875 0.8333333333333334 0.6359375 0.8333333333333334 0.6328125 0.8305555555555556 0.6328125 0.8222222222222222 0.6359375 0.8111111111111111 0.634375 0.8083333333333333 0.628125 0.8083333333333333 0.6203125 0.8 0.615625 0.8 0.6078125 0.7888888888888889 0.6046875 0.7888888888888889 0.5875 0.7722222222222223 0.58125 0.7722222222222223 0.5734375 0.7638888888888888 0.56875 0.7722222222222223 0.5859375 0.8027777777777778 0.59375 0.8111111111111111 0.6046875 0.8166666666666667 0.6140625 0.8277777777777777 0.590625 0.8277777777777777 0.5890625 0.825 0.55625 0.8222222222222222 0.553125 0.8166666666666667 0.5375 0.8166666666666667 0.5359375 0.8138888888888889 0.5328125 0.8166666666666667 0.5203125 0.8166666666666667 0.51875 0.8138888888888889 0.4875 0.8111111111111111 0.4828125 0.8055555555555556 0.465625 0.8027777777777778 0.4640625 0.8 0.4484375 0.8027777777777778 0.446875 0.8 0.4296875 0.8 0.428125 0.7972222222222223 0.403125 0.7944444444444444 0.3984375 0.7916666666666666 0.3984375 0.7888888888888889 0.4140625 0.7805555555555556 0.4171875 0.775 0.4171875 0.7666666666666667 0.421875 0.7583333333333333 0.421875 0.75 0.425 0.7444444444444445 0.4234375 0.7388888888888889 0.415625 0.7388888888888889 0.4140625 0.7361111111111112 0.403125 0.7388888888888889 0.3890625 0.7611111111111111 0.3859375 0.7611111111111111 0.38125 0.7666666666666667 0.359375 0.7666666666666667 0.353125 0.7638888888888888 0.346875 0.7527777777777778 0.3515625 0.7472222222222222 0.3484375 0.7416666666666667 0.34375 0.7472222222222222 0.3359375 0.7444444444444445 0.33125 0.75 0.3078125 0.7611111111111111 0.3046875 0.7583333333333333 0.3015625 0.7611111111111111 0.2984375 0.7583333333333333 0.290625 0.7611111111111111 0.2859375 0.7555555555555555 0.28125 0.7555555555555555 0.28125 0.75 0.278125 0.7444444444444445 0.2421875 0.75 0.234375 0.7555555555555555 0.2328125 0.7527777777777778 0.2171875 0.7527777777777778 0.209375 0.7388888888888889 0.203125 0.7416666666666667 0.1890625 0.7388888888888889 0.1875 0.7416666666666667 0.175 0.7416666666666667 0.1734375 0.7444444444444445 0.159375 0.7444444444444445 0.1578125 0.7416666666666667 0.146875 0.7416666666666667 0.1390625 0.7305555555555555 0.1234375 0.7333333333333333 0.1203125 0.725 0.121875 0.7222222222222222 0.121875 0.7111111111111111 0.125 0.7027777777777777