0 0.4890625 0.7083333333333334 0.49375 0.7083333333333334 0.4984375 0.7222222222222222 0.496875 0.7333333333333333 0.4921875 0.725 0.4890625 0.7111111111111111
0 0.2515625 0.7694444444444445 0.2484375 0.7777777777777778 0.2375 0.7861111111111111 0.23125 0.7861111111111111 0.2328125 0.7805555555555556 0.240625 0.7722222222222223 0.25 0.7694444444444445
0 0.7640625 0.7722222222222223 0.790625 0.7833333333333333 0.8140625 0.7972222222222223 0.821875 0.8055555555555556 0.8125 0.8055555555555556 0.80625 0.8 0.8015625 0.8 0.7640625 0.775
0 0.28125 0.7444444444444445 0.28125 0.75 0.271875 0.7583333333333333 0.265625 0.7583333333333333 0.265625 0.7555555555555555 0.2796875 0.7444444444444445
0 0.8734375 0.8027777777777778 0.88125 0.8027777777777778 0.9109375 0.8194444444444444 0.8984375 0.8194444444444444 0.8734375 0.8055555555555556
0 0.0703125 0.9111111111111111 0.071875 0.9138888888888889 0.0703125 0.9166666666666666 0.0109375 0.9638888888888889 0.009375 0.9722222222222222 0 0.9722222222222222 0 0.9583333333333334 0.0203125 0.9444444444444444 0.0484375 0.9194444444444444 0.06875 0.9111111111111111
0 0.0375 0.9694444444444444 0.0484375 0.9638888888888889 0.0609375 0.9638888888888889 0.0625 0.9611111111111111 0.128125 0.9555555555555556 0.1296875 0.9527777777777777 0.153125 0.9527777777777777 0.153125 0.9555555555555556 0.146875 0.9583333333333334 0.134375 0.9583333333333334 0.1328125 0.9611111111111111 0.0859375 0.9638888888888889 0.084375 0.9666666666666667 0.0734375 0.9666666666666667 0.071875 0.9694444444444444 0.0390625 0.9694444444444444
0 0.2125 0.7972222222222223 0.2140625 0.8027777777777778 0.1984375 0.8166666666666667 0.19375 0.8194444444444444 0.1875 0.8194444444444444 0.1875 0.8166666666666667 0.2015625 0.8027777777777778 0.2109375 0.8
0 0.75625 0.7666666666666667 0.765625 0.7694444444444445 0.78125 0.7805555555555556 0.7921875 0.7833333333333333 0.796875 0.7888888888888889 0.80625 0.7916666666666666 0.8234375 0.8055555555555556 0.8125 0.8055555555555556 0.8015625 0.7972222222222223 0.796875 0.7972222222222223 0.7734375 0.7833333333333333 0.7578125 0.7666666666666667
0 0.159375 0.8416666666666667 0.15625 0.8472222222222222 0.11875 0.8777777777777778 0.109375 0.8777777777777778 0.109375 0.875 0.146875 0.8444444444444444 0.1578125 0.8416666666666667
0 0.5265625 0.7027777777777777 0.5296875 0.7027777777777777 0.5359375 0.7111111111111111 0.5359375 0.7138888888888889 0.53125 0.7138888888888889 0.5265625 0.7055555555555556
0 0.5640625 0.7611111111111111 0.5703125 0.7666666666666667 0.5890625 0.8027777777777778 0.5828125 0.8027777777777778 0.5625 0.7638888888888888
0 0.15 0.95 0.153125 0.9555555555555556 0.1375 0.9583333333333334 0.1359375 0.9611111111111111 0.1171875 0.9611111111111111 0.115625 0.9638888888888889 0.0796875 0.9666666666666667 0.078125 0.9694444444444444 0.04375 0.9694444444444444 0.0421875 0.9722222222222222 0.0359375 0.9694444444444444 0.0546875 0.9611111111111111 0.0984375 0.9583333333333334 0.1 0.9555555555555556 0.121875 0.9555555555555556 0.1234375 0.9527777777777777 0.1484375 0.95