0 0.5703125 0.6888888888888889 0.575 0.6888888888888889 0.5828125 0.6972222222222222 0.5828125 0.7 0.578125 0.7 0.571875 0.6916666666666667
0 0.6859375 0.8 0.69375 0.8 0.7015625 0.8111111111111111 0.709375 0.8138888888888889 0.7171875 0.825 0.7203125 0.825 0.7234375 0.8305555555555556 0.7328125 0.8361111111111111 0.7375 0.8444444444444444 0.734375 0.8472222222222222 0.73125 0.8416666666666667 0.7171875 0.8333333333333334 0.715625 0.8277777777777777 0.70625 0.8222222222222222 0.6859375 0.8027777777777778
0 0.521875 0.6666666666666666 0.5359375 0.6694444444444444 0.534375 0.6777777777777778 0.53125 0.6777777777777778 0.5234375 0.6694444444444444
0 0.3796875 0.6333333333333333 0.38125 0.6361111111111111 0.3875 0.6361111111111111 0.3859375 0.6416666666666667 0.3796875 0.6444444444444445 0.378125 0.6416666666666667 0.371875 0.6444444444444445 0.371875 0.6361111111111111 0.378125 0.6333333333333333
0 0.4109375 0.6638888888888889 0.4125 0.6555555555555556 0.4171875 0.6583333333333333 0.4125 0.6638888888888889
0 0.6109375 0.6833333333333333 0.6140625 0.6888888888888889 0.6125 0.6944444444444444 0.6046875 0.6944444444444444 0.5984375 0.6888888888888889 0.603125 0.6805555555555556 0.609375 0.6833333333333333
0 0.503125 0.7 0.5109375 0.7083333333333334 0.509375 0.7111111111111111 0.5109375 0.7194444444444444 0.50625 0.7166666666666667 0.503125 0.7083333333333334 0.503125 0.7027777777777777
0 0.19375 0.9361111111111111 0.1953125 0.9388888888888889 0.19375 0.95 0.175 0.95 0.1703125 0.9472222222222222 0.1703125 0.9444444444444444 0.1734375 0.9444444444444444 0.1796875 0.9361111111111111 0.1859375 0.9333333333333333 0.1921875 0.9361111111111111
0 0.4875 0.6555555555555556 0.4921875 0.6583333333333333 0.4921875 0.6638888888888889 0.4890625 0.6638888888888889 0.4875 0.6583333333333333
0 0.3328125 0.7611111111111111 0.3328125 0.7555555555555555 0.3375 0.7472222222222222 0.3421875 0.7444444444444445 0.3546875 0.7277777777777777 0.359375 0.7277777777777777 0.3609375 0.7305555555555555 0.359375 0.7361111111111112 0.3546875 0.7388888888888889 0.3421875 0.7583333333333333 0.334375 0.7611111111111111
0 0.615625 0.9888888888888889 0.61875 0.9972222222222222 0.6046875 0.9972222222222222 0.603125 0.9944444444444445 0.603125 0.9833333333333333 0.6140625 0.9888888888888889
0 0.446875 0.65 0.459375 0.6527777777777778 0.4546875 0.6638888888888889 0.4515625 0.6638888888888889 0.45 0.6555555555555556 0.446875 0.6527777777777778
0 0.5890625 0.7055555555555556 0.596875 0.7083333333333334 0.6 0.7138888888888889 0.5984375 0.7166666666666667 0.590625 0.7083333333333334
0 0.4 0.6805555555555556 0.3984375 0.6861111111111111 0.3921875 0.6916666666666667 0.3890625 0.6888888888888889 0.3953125 0.6777777777777778 0.3984375 0.6805555555555556
0 0.34375 0.6305555555555555 0.3484375 0.6333333333333333 0.35 0.6305555555555555 0.3625 0.6277777777777778 0.359375 0.6333333333333333 0.3546875 0.6333333333333333 0.3484375 0.6388888888888888 0.340625 0.6388888888888888 0.3296875 0.6472222222222223 0.3234375 0.6472222222222223 0.2953125 0.6611111111111111 0.284375 0.6611111111111111 0.2734375 0.6694444444444444 0.2703125 0.6666666666666666 0.259375 0.675 0.25 0.675 0.2375 0.6833333333333333 0.234375 0.6805555555555556 0.221875 0.6888888888888889 0.2125 0.6888888888888889 0.2 0.6972222222222222 0.196875 0.6944444444444444 0.1859375 0.7027777777777777 0.159375 0.7083333333333334 0.1453125 0.7166666666666667 0.14375 0.7138888888888889 0.1296875 0.7222222222222222 0.1203125 0.7222222222222222 0.1140625 0.7277777777777777 0.1046875 0.7277777777777777 0.0921875 0.7361111111111112 0.0890625 0.7333333333333333 0.075 0.7416666666666667 0.071875 0.7388888888888889 0.0546875 0.75 0.05 0.7472222222222222 0.0390625 0.7555555555555555 0.0328125 0.7527777777777778 0.0265625 0.7583333333333333 0.0125 0.7611111111111111 0.003125 0.7666666666666667 0 0.7666666666666667 0 0.7555555555555555 0.0078125 0.7555555555555555 0.03125 0.7444444444444445 0.040625 0.7444444444444445 0.0546875 0.7361111111111112 0.0578125 0.7388888888888889 0.071875 0.7305555555555555 0.0734375 0.7333333333333333 0.0875 0.725 0.096875 0.725 0.1015625 0.7194444444444444 0.1078125 0.7194444444444444 0.109375 0.7166666666666667 0.1125 0.7194444444444444 0.1265625 0.7111111111111111 0.128125 0.7138888888888889 0.14375 0.7055555555555556 0.153125 0.7055555555555556 0.159375 0.7 0.16875 0.7 0.175 0.6944444444444444 0.184375 0.6944444444444444 0.190625 0.6888888888888889 0.2046875 0.6861111111111111 0.2125 0.6805555555555556 0.2234375 0.6805555555555556 0.2328125 0.6722222222222223 0.24375 0.6722222222222223 0.2515625 0.6666666666666666 0.2546875 0.6694444444444444 0.259375 0.6638888888888889 0.2703125 0.6583333333333333 0.2734375 0.6611111111111111 0.275 0.6583333333333333 0.28125 0.6583333333333333 0.2859375 0.6527777777777778 0.2953125 0.6527777777777778 0.3078125 0.6444444444444445 0.3109375 0.6472222222222223 0.3171875 0.6416666666666667 0.3328125 0.6388888888888888 0.3421875 0.6333333333333333
0 0.49375 0.6722222222222223 0.496875 0.6722222222222223 0.4984375 0.6777777777777778 0.4984375 0.6833333333333333 0.49375 0.6805555555555556 0.49375 0.675
0 0.521875 0.7611111111111111 0.528125 0.7611111111111111 0.5328125 0.7694444444444445 0.5328125 0.775 0.5390625 0.7861111111111111 0.540625 0.7944444444444444 0.5390625 0.8 0.5328125 0.7944444444444444 0.521875 0.7638888888888888
0 0.6078125 0.7277777777777777 0.6078125 0.725 0.6109375 0.725 0.625 0.7361111111111112 0.628125 0.7416666666666667 0.621875 0.7416666666666667 0.6171875 0.7361111111111112 0.6140625 0.7361111111111112 0.609375 0.7277777777777777