0 0.5109375 0.6902777777777778 0.00625 0.008333333333333333
0 0.3234375 0.8555555555555555 0.321875 0.85 0.309375 0.85 0.2859375 0.8611111111111112 0.2671875 0.8611111111111112 0.265625 0.8638888888888889 0.25625 0.8638888888888889 0.2546875 0.8611111111111112 0.2875 0.8444444444444444 0.296875 0.8444444444444444 0.31875 0.8333333333333334 0.3265625 0.8333333333333334 0.33125 0.8277777777777777 0.3375 0.8277777777777777 0.3390625 0.825 0.35 0.825 0.3484375 0.8361111111111111 0.3359375 0.8555555555555555 0.325 0.8555555555555555
0 0.70625 0.8527777777777777 0.74375 0.8805555555555555 0.7640625 0.9027777777777778 0.7671875 0.9027777777777778 0.7703125 0.9083333333333333 0.803125 0.9361111111111111 0.8109375 0.9472222222222222 0.8390625 0.9722222222222222 0.8453125 0.9833333333333333 0.8421875 0.9972222222222222 0.809375 0.9972222222222222 0.7859375 0.975 0.771875 0.9583333333333334 0.7671875 0.95 0.765625 0.9388888888888889 0.7578125 0.9388888888888889 0.74375 0.9277777777777778 0.7359375 0.9166666666666666 0.71875 0.9 0.7140625 0.8916666666666667 0.70625 0.8861111111111111 0.6953125 0.8694444444444445 0.678125 0.8583333333333333 0.68125 0.8527777777777777 0.7046875 0.8527777777777777
0 0.3703125 0.8722222222222222 0.3453125 0.9194444444444444 0.328125 0.9611111111111111 0.3203125 0.975 0.3171875 0.9888888888888889 0.3109375 0.9972222222222222 0.2609375 0.9972222222222222 0.303125 0.9222222222222223 0.3234375 0.8916666666666667 0.3328125 0.8833333333333333 0.3375 0.875 0.340625 0.8722222222222222 0.3640625 0.8722222222222222 0.365625 0.8694444444444445 0.36875 0.8722222222222222
0 0.7578125 0.85 0.790625 0.85 0.8421875 0.8833333333333333 0.8484375 0.8916666666666667 0.8453125 0.9083333333333333 0.84375 0.9111111111111111 0.8375 0.9111111111111111 0.796875 0.8777777777777778 0.7578125 0.8527777777777777
0 0.54609375 0.9305555555555556 0.0734375 0.1388888888888889
0 0.2859375 0.8777777777777778 0.2828125 0.8861111111111111 0.2796875 0.8861111111111111 0.265625 0.9 0.234375 0.9416666666666667 0.2296875 0.9444444444444444 0.203125 0.9805555555555555 0.1875 0.9972222222222222 0.1390625 0.9972222222222222 0.1453125 0.9888888888888889 0.2296875 0.9 0.2328125 0.9 0.2515625 0.8833333333333333 0.284375 0.8777777777777778
0 0.51875 0.7027777777777777 0.5234375 0.7083333333333334 0.5234375 0.7138888888888889 0.5203125 0.7138888888888889 0.5171875 0.7055555555555556
0 0.709375 0.8527777777777777 0.7296875 0.8666666666666667 0.7421875 0.8805555555555555 0.7609375 0.8944444444444445 0.76875 0.9055555555555556 0.784375 0.9194444444444444 0.7921875 0.9222222222222223 0.7953125 0.9305555555555556 0.8046875 0.9361111111111111 0.809375 0.9444444444444444 0.8375 0.9694444444444444 0.846875 0.9833333333333333 0.846875 0.9944444444444445 0.84375 0.9972222222222222 0.80625 0.9972222222222222 0.78125 0.9722222222222222 0.7765625 0.9722222222222222 0.7640625 0.9472222222222222 0.7578125 0.9444444444444444 0.7546875 0.9388888888888889 0.7515625 0.9388888888888889 0.746875 0.9333333333333333 0.74375 0.9388888888888889 0.740625 0.9388888888888889 0.7390625 0.9305555555555556 0.7296875 0.925 0.73125 0.9194444444444444 0.725 0.9083333333333333 0.721875 0.9083333333333333 0.715625 0.8972222222222223 0.7015625 0.8833333333333333 0.6953125 0.8722222222222222 0.671875 0.8555555555555555 0.675 0.8527777777777777 0.7078125 0.8527777777777777
0 0.45625 0.8638888888888889 0.4609375 0.8722222222222222 0.453125 0.9 0.453125 0.9111111111111111 0.446875 0.9555555555555556 0.4453125 0.9944444444444445 0.44375 0.9972222222222222 0.390625 0.9972222222222222 0.390625 0.9944444444444445 0.4015625 0.9527777777777777 0.4015625 0.9444444444444444 0.4109375 0.9111111111111111 0.4109375 0.9055555555555556 0.4234375 0.8694444444444445 0.434375 0.8638888888888889 0.4546875 0.8638888888888889
0 0.5375 0.7444444444444445 0.54375 0.7444444444444445 0.5515625 0.7583333333333333 0.55 0.7666666666666667 0.5375 0.7472222222222222
0 0.596875 0.8611111111111112 0.603125 0.8555555555555555 0.6234375 0.8555555555555555 0.63125 0.8611111111111112 0.675 0.9222222222222223 0.6984375 0.9611111111111111 0.70625 0.9694444444444444 0.7203125 0.9972222222222222 0.684375 0.9972222222222222 0.68125 0.9805555555555555 0.678125 0.9805555555555555 0.675 0.9888888888888889 0.665625 0.9944444444444445 0.615625 0.8972222222222223 0.6125 0.8861111111111111 0.5984375 0.8638888888888889
0 0.275 0.8416666666666667 0.2734375 0.8388888888888889 0.265625 0.8388888888888889 0.2640625 0.8416666666666667 0.2484375 0.8444444444444444 0.2328125 0.8527777777777777 0.20625 0.8583333333333333 0.2046875 0.8611111111111112 0.1984375 0.8611111111111112 0.190625 0.8527777777777777 0.178125 0.8527777777777777 0.1671875 0.8444444444444444 0.190625 0.8416666666666667 0.1921875 0.8388888888888889 0.209375 0.8388888888888889 0.2109375 0.8361111111111111 0.2515625 0.8333333333333334 0.253125 0.8305555555555556 0.3515625 0.825 0.3515625 0.8305555555555556 0.3375 0.8555555555555555 0.3265625 0.8583333333333333 0.3203125 0.8527777777777777 0.3046875 0.8527777777777777 0.303125 0.8555555555555555 0.296875 0.8555555555555555 0.2875 0.8611111111111112 0.275 0.8611111111111112 0.2734375 0.8638888888888889 0.2546875 0.8638888888888889 0.2546875 0.8611111111111112 0.2625 0.8583333333333333 0.2765625 0.8472222222222222 0.28125 0.8472222222222222 0.2828125 0.8444444444444444 0.2796875 0.8388888888888889 0.2765625 0.8388888888888889