0 0.60625 0.7361111111111112 0.6203125 0.7472222222222222 0.625 0.7472222222222222 0.64375 0.7583333333333333 0.6453125 0.7638888888888888 0.628125 0.7638888888888888 0.6046875 0.75 0.5953125 0.7416666666666667 0.596875 0.7361111111111112 0.6046875 0.7361111111111112
0 0.4765625 0.7277777777777777 0.478125 0.7305555555555555 0.484375 0.7305555555555555 0.4875 0.7361111111111112 0.4875 0.7472222222222222 0.4859375 0.75 0.478125 0.75 0.4765625 0.7527777777777778 0.46875 0.75 0.4671875 0.7444444444444445 0.4671875 0.7333333333333333 0.4703125 0.7277777777777777 0.475 0.7277777777777777
0 0.484375 0.8055555555555556 0.4859375 0.8083333333333333 0.5421875 0.8083333333333333 0.54375 0.8111111111111111 0.5671875 0.8111111111111111 0.56875 0.8138888888888889 0.58125 0.8138888888888889 0.5828125 0.8166666666666667 0.5984375 0.8166666666666667 0.6 0.8194444444444444 0.6140625 0.8222222222222222 0.6171875 0.8277777777777777 0.615625 0.8333333333333334 0.609375 0.8277777777777777 0.5609375 0.825 0.559375 0.8222222222222222 0.3859375 0.8166666666666667 0.38125 0.8194444444444444 0.3703125 0.8416666666666667 0.2828125 0.975 0.2765625 0.9888888888888889 0.26875 0.9972222222222222 0.246875 0.9972222222222222 0.2484375 0.9888888888888889 0.26875 0.9611111111111111 0.2796875 0.9416666666666667 0.284375 0.9388888888888889 0.3296875 0.8722222222222222 0.3421875 0.8583333333333333 0.3640625 0.8222222222222222 0.3625 0.8166666666666667 0.321875 0.8166666666666667 0.3203125 0.8194444444444444 0.3171875 0.8166666666666667 0.315625 0.8194444444444444 0.3046875 0.8194444444444444 0.303125 0.8166666666666667 0.3015625 0.8194444444444444 0.2953125 0.8166666666666667 0.290625 0.8194444444444444 0.2890625 0.8166666666666667 0.2875 0.8194444444444444 0.2484375 0.8194444444444444 0.246875 0.8222222222222222 0.2265625 0.8222222222222222 0.225 0.825 0.2109375 0.8222222222222222 0.209375 0.825 0.1953125 0.825 0.19375 0.8277777777777777 0.1625 0.8277777777777777 0.1609375 0.8305555555555556 0.1578125 0.8277777777777777 0.15625 0.8305555555555556 0.14375 0.8277777777777777 0.15 0.8222222222222222 0.1609375 0.8222222222222222 0.1625 0.8194444444444444 0.21875 0.8166666666666667 0.2203125 0.8138888888888889 0.271875 0.8138888888888889 0.2734375 0.8111111111111111 0.2890625 0.8111111111111111 0.290625 0.8083333333333333 0.325 0.8083333333333333 0.3265625 0.8055555555555556 0.3625 0.8055555555555556 0.3640625 0.8083333333333333 0.3734375 0.8083333333333333 0.375 0.8055555555555556 0.4765625 0.8083333333333333 0.4828125 0.8055555555555556
0 0.3984375 0.7333333333333333 0.3984375 0.7361111111111112 0.378125 0.7527777777777778 0.3640625 0.7527777777777778 0.3609375 0.75 0.3625 0.7472222222222222 0.3828125 0.7333333333333333 0.396875 0.7333333333333333
0 0.4140625 0.75 0.4203125 0.7361111111111112 0.440625 0.725 0.4453125 0.725 0.4453125 0.7333333333333333 0.434375 0.75 0.4234375 0.75 0.421875 0.7527777777777778 0.415625 0.75
0 0 0.8611111111111112 0.021875 0.8611111111111112 0.0234375 0.8638888888888889 0.0203125 0.8722222222222222 0.0125 0.8722222222222222 0.0109375 0.875 0 0.875 0 0.8638888888888889
0 0.6390625 0.7416666666666667 0.646875 0.7388888888888889 0.65625 0.7472222222222222 0.6828125 0.7583333333333333 0.6890625 0.7638888888888888 0.6890625 0.7694444444444445 0.6765625 0.7694444444444445 0.6546875 0.7583333333333333 0.65 0.7527777777777778 0.6421875 0.75 0.6390625 0.7444444444444445
0 0.5734375 0.8111111111111111 0.575 0.8138888888888889 0.5859375 0.8138888888888889 0.5875 0.8166666666666667 0.6125 0.8194444444444444 0.6171875 0.8222222222222222 0.61875 0.825 0.6171875 0.8277777777777777 0.559375 0.825 0.5578125 0.8222222222222222 0.521875 0.8222222222222222 0.5203125 0.8194444444444444 0.4015625 0.8194444444444444 0.4 0.8166666666666667 0.396875 0.8194444444444444 0.3953125 0.8166666666666667 0.371875 0.8138888888888889 0.3703125 0.8166666666666667 0.359375 0.8166666666666667 0.3578125 0.8194444444444444 0.3515625 0.8166666666666667 0.3484375 0.8194444444444444 0.3453125 0.8166666666666667 0.3421875 0.8194444444444444 0.265625 0.8194444444444444 0.2640625 0.8222222222222222 0.2296875 0.8222222222222222 0.228125 0.825 0.2 0.825 0.1984375 0.8277777777777777 0.16875 0.8277777777777777 0.1671875 0.8305555555555556 0.1453125 0.8305555555555556 0.140625 0.8277777777777777 0.153125 0.8194444444444444 0.1765625 0.8194444444444444 0.178125 0.8166666666666667 0.2015625 0.8166666666666667 0.203125 0.8138888888888889 0.2375 0.8138888888888889 0.2390625 0.8111111111111111 0.278125 0.8111111111111111 0.2796875 0.8083333333333333 0.2921875 0.8083333333333333 0.29375 0.8055555555555556 0.384375 0.8055555555555556 0.3859375 0.8027777777777778 0.3953125 0.8055555555555556 0.396875 0.8027777777777778 0.4203125 0.8027777777777778 0.421875 0.8055555555555556 0.51875 0.8055555555555556 0.5203125 0.8083333333333333 0.571875 0.8111111111111111
0 0.3265625 0.7333333333333333 0.328125 0.7361111111111112 0.31875 0.7444444444444445 0.309375 0.7472222222222222 0.303125 0.7527777777777778 0.2890625 0.7555555555555555 0.2828125 0.7611111111111111 0.2671875 0.7611111111111111 0.265625 0.7583333333333333 0.2671875 0.7555555555555555 0.278125 0.7527777777777778 0.2953125 0.7416666666666667 0.325 0.7333333333333333
0 0.3109375 0.7527777777777778 0.340625 0.7361111111111112 0.3546875 0.7361111111111112 0.35 0.7444444444444445 0.3453125 0.7444444444444445 0.3296875 0.7555555555555555 0.3234375 0.7583333333333333 0.3109375 0.7583333333333333 0.3109375 0.7555555555555555
0 0.39375 0.7305555555555555 0.4 0.7361111111111112 0.4 0.7444444444444445 0.390625 0.7444444444444445 0.3875 0.75 0.38125 0.7527777777777778 0.3625 0.7527777777777778 0.3578125 0.7472222222222222 0.3546875 0.75 0.346875 0.7472222222222222 0.3453125 0.75 0.3390625 0.75 0.3140625 0.7611111111111111 0.3 0.7527777777777778 0.296875 0.7555555555555555 0.2921875 0.7527777777777778 0.2796875 0.7611111111111111 0.26875 0.7611111111111111 0.2671875 0.7583333333333333 0.303125 0.7416666666666667 0.3203125 0.7388888888888889 0.3265625 0.7333333333333333 0.3328125 0.7361111111111112 0.3578125 0.7361111111111112 0.3609375 0.7416666666666667 0.365625 0.7416666666666667 0.36875 0.7361111111111112 0.3921875 0.7333333333333333
0 0.5125 0.7305555555555555 0.515625 0.7277777777777777 0.5265625 0.7305555555555555 0.540625 0.75 0.5375 0.7555555555555555 0.5203125 0.7527777777777778 0.5125 0.7333333333333333
0 0.378125 0.8166666666666667 0.378125 0.8222222222222222 0.36875 0.8416666666666667 0.2671875 0.9972222222222222 0.246875 0.9972222222222222 0.2546875 0.9805555555555555 0.271875 0.9583333333333334 0.28125 0.9416666666666667 0.29375 0.9277777777777778 0.3328125 0.8694444444444445 0.3453125 0.8555555555555555 0.36875 0.8166666666666667 0.3765625 0.8166666666666667