0 0.490625 0.7333333333333333 0.5015625 0.7305555555555555 0.5078125 0.7388888888888889 0.509375 0.7472222222222222 0.5078125 0.7555555555555555 0.4921875 0.7527777777777778 0.490625 0.75 0.490625 0.7361111111111112
0 0.6640625 0.8888888888888888 0.678125 0.8888888888888888 0.6828125 0.8972222222222223 0.690625 0.9027777777777778 0.7109375 0.9277777777777778 0.7171875 0.9388888888888889 0.7171875 0.9444444444444444 0.715625 0.9444444444444444 0.7 0.9333333333333333 0.690625 0.9305555555555556 0.6640625 0.8916666666666667
0 0.4 0.75 0.409375 0.7361111111111112 0.41875 0.7305555555555555 0.4296875 0.7305555555555555 0.4296875 0.7361111111111112 0.4171875 0.7527777777777778 0.4015625 0.7527777777777778
0 0.3953125 0.7333333333333333 0.3953125 0.7416666666666667 0.3921875 0.75 0.3890625 0.7527777777777778 0.3796875 0.7527777777777778 0.378125 0.7555555555555555 0.35625 0.7527777777777778 0.3546875 0.75 0.35625 0.7472222222222222 0.3671875 0.7444444444444445 0.375 0.7333333333333333 0.38125 0.7305555555555555 0.3921875 0.7305555555555555 0.39375 0.7333333333333333
0 0.465625 0.7305555555555555 0.4671875 0.7333333333333333 0.4671875 0.7444444444444445 0.4625 0.7527777777777778 0.4453125 0.7527777777777778 0.4453125 0.7472222222222222 0.4515625 0.7333333333333333 0.4640625 0.7305555555555555
0 0.3890625 0.7611111111111111 0.3921875 0.7638888888888888 0.3734375 0.7888888888888889 0.365625 0.7944444444444444 0.34375 0.8222222222222222 0.3328125 0.8305555555555556 0.3203125 0.8472222222222222 0.309375 0.8555555555555555 0.26875 0.9027777777777778 0.253125 0.9166666666666666 0.221875 0.9527777777777777 0.2140625 0.9583333333333334 0.1859375 0.9944444444444445 0.18125 0.9972222222222222 0.15625 0.9972222222222222 0.15625 0.9944444444444445 0.1875 0.9611111111111111 0.2265625 0.925 0.2375 0.9111111111111111 0.2484375 0.9027777777777778 0.271875 0.875 0.2890625 0.8611111111111112 0.296875 0.85 0.31875 0.8305555555555556 0.3265625 0.8194444444444444 0.3328125 0.8166666666666667 0.3359375 0.8111111111111111 0.35 0.8 0.3796875 0.7666666666666667 0.3875 0.7638888888888888
0 0.3546875 0.7305555555555555 0.35625 0.7333333333333333 0.3546875 0.7388888888888889 0.3359375 0.7527777777777778 0.33125 0.7527777777777778 0.328125 0.7472222222222222 0.328125 0.7416666666666667 0.33125 0.7333333333333333 0.353125 0.7305555555555555
0 0.5703125 0.7361111111111112 0.5953125 0.7472222222222222 0.6015625 0.7583333333333333 0.59375 0.7611111111111111 0.5921875 0.7583333333333333 0.578125 0.7555555555555555 0.5734375 0.7527777777777778 0.5671875 0.7416666666666667 0.56875 0.7388888888888889
0 0.5265625 0.7333333333333333 0.5390625 0.7333333333333333 0.5484375 0.7416666666666667 0.553125 0.75 0.5515625 0.7527777777777778 0.5390625 0.7527777777777778 0.53125 0.7472222222222222 0.5265625 0.7361111111111112
0 0.46875 0.7305555555555555 0.4734375 0.7361111111111112 0.48125 0.7361111111111112 0.4921875 0.7305555555555555 0.5046875 0.7305555555555555 0.5125 0.7444444444444445 0.515625 0.7444444444444445 0.51875 0.7388888888888889 0.521875 0.7416666666666667 0.5234375 0.7388888888888889 0.521875 0.7333333333333333 0.53125 0.7305555555555555 0.55 0.7388888888888889 0.55625 0.75 0.5609375 0.7472222222222222 0.5609375 0.7388888888888889 0.571875 0.7361111111111112 0.5734375 0.7388888888888889 0.5796875 0.7388888888888889 0.5875 0.7444444444444445 0.596875 0.7444444444444445 0.5984375 0.7472222222222222 0.6 0.7444444444444445 0.61875 0.7444444444444445 0.6203125 0.7472222222222222 0.63125 0.7472222222222222 0.6328125 0.75 0.653125 0.7527777777777778 0.6546875 0.7555555555555555 0.671875 0.7555555555555555 0.6734375 0.7583333333333333 0.6953125 0.7638888888888888 0.696875 0.7666666666666667 0.6890625 0.7666666666666667 0.6875 0.7694444444444445 0.671875 0.7694444444444445 0.6640625 0.7638888888888888 0.6265625 0.7638888888888888 0.6171875 0.7583333333333333 0.6046875 0.7638888888888888 0.5578125 0.7583333333333333 0.553125 0.7638888888888888 0.5484375 0.7638888888888888 0.546875 0.7583333333333333 0.5421875 0.7611111111111111 0.534375 0.7555555555555555 0.5109375 0.7555555555555555 0.5 0.7611111111111111 0.496875 0.7611111111111111 0.49375 0.7555555555555555 0.4875 0.7555555555555555 0.4828125 0.7611111111111111 0.4734375 0.7527777777777778 0.475 0.75 0.4734375 0.7472222222222222 0.4640625 0.7555555555555555 0.4453125 0.7555555555555555 0.44375 0.7472222222222222 0.446875 0.7388888888888889 0.446875 0.7333333333333333 0.4671875 0.7305555555555555
0 0.6140625 0.7444444444444445 0.6296875 0.7472222222222222 0.646875 0.7555555555555555 0.646875 0.7611111111111111 0.628125 0.7611111111111111 0.6140625 0.75 0.6140625 0.7472222222222222