0 0.5765625 0.9 0.590625 0.9027777777777778 0.596875 0.9111111111111111 0.60625 0.9166666666666666 0.625 0.9361111111111111 0.63125 0.9388888888888889 0.6578125 0.9388888888888889 0.659375 0.9416666666666667 0.6796875 0.9416666666666667 0.68125 0.9444444444444444 0.6984375 0.9444444444444444 0.7 0.9472222222222222 0.7328125 0.9472222222222222 0.734375 0.95 0.7453125 0.95 0.753125 0.9555555555555556 0.7125 0.9555555555555556 0.7109375 0.9527777777777777 0.684375 0.9527777777777777 0.6828125 0.95 0.621875 0.9444444444444444 0.578125 0.9027777777777778
0 0.4765625 0.8111111111111111 0.4828125 0.8111111111111111 0.5 0.825 0.5015625 0.8277777777777777 0.49375 0.8277777777777777 0.478125 0.8138888888888889
0 0.225 0.7722222222222223 0.2296875 0.7722222222222223 0.234375 0.7833333333333333 0.234375 0.7916666666666666 0.2296875 0.7944444444444444 0.2265625 0.7916666666666666 0.225 0.775
0 0.2265625 0.9333333333333333 0.228125 0.9444444444444444 0.2234375 0.9638888888888889 0.221875 0.9833333333333333 0.21875 0.9916666666666667 0.2078125 0.9916666666666667 0.20625 0.9833333333333333 0.209375 0.9611111111111111 0.215625 0.9361111111111111 0.225 0.9333333333333333
0 0.2296875 0.8583333333333333 0.2328125 0.8555555555555555 0.240625 0.8583333333333333 0.2359375 0.8916666666666667 0.2265625 0.8916666666666667 0.2265625 0.8722222222222222 0.2296875 0.8611111111111112
0 0.240625 0.8583333333333333 0.2375 0.8888888888888888 0.234375 0.8916666666666667 0.2265625 0.8916666666666667 0.2265625 0.875 0.23125 0.8583333333333333 0.2359375 0.8555555555555555 0.2390625 0.8583333333333333
0 0.70625 0.9611111111111111 0.7140625 0.9611111111111111 0.7375 0.9805555555555555 0.746875 0.9916666666666667 0.75625 0.9972222222222222 0.7421875 0.9972222222222222 0.70625 0.9666666666666667 0.70625 0.9638888888888889
0 0.4515625 0.7833333333333333 0.4546875 0.7888888888888889 0.4625 0.7944444444444444 0.4640625 0.7972222222222223 0.4625 0.8 0.4484375 0.7916666666666666 0.446875 0.7861111111111111 0.45 0.7833333333333333
0 0.51875 0.8444444444444444 0.5265625 0.8472222222222222 0.5515625 0.8694444444444445 0.5515625 0.8722222222222222 0.54375 0.8722222222222222 0.51875 0.85 0.51875 0.8472222222222222
0 0.5703125 0.8583333333333333 0.5859375 0.8638888888888889 0.6125 0.8861111111111111 0.6203125 0.8888888888888888 0.63125 0.9 0.6390625 0.9027777777777778 0.65625 0.9194444444444444 0.66875 0.925 0.684375 0.9444444444444444 0.703125 0.9444444444444444 0.7046875 0.9472222222222222 0.73125 0.9444444444444444 0.7390625 0.95 0.746875 0.95 0.753125 0.9555555555555556 0.7 0.9555555555555556 0.6984375 0.9527777777777777 0.6203125 0.9444444444444444 0.59375 0.9166666666666666 0.5796875 0.9055555555555556 0.5765625 0.9 0.5796875 0.8972222222222223 0.5875 0.9 0.6265625 0.9361111111111111 0.6328125 0.9388888888888889 0.6640625 0.9388888888888889 0.665625 0.9361111111111111 0.6625 0.9305555555555556 0.6515625 0.925 0.640625 0.9111111111111111 0.6328125 0.9083333333333333 0.6109375 0.8888888888888888 0.59375 0.8805555555555555 0.5890625 0.8722222222222222 0.5828125 0.8666666666666667 0.578125 0.8666666666666667 0.571875 0.8583333333333333
0 0.240625 0.8111111111111111 0.240625 0.8305555555555556 0.23125 0.8305555555555556 0.23125 0.8138888888888889 0.2359375 0.8083333333333333 0.2390625 0.8111111111111111