0 0.51484375 0.6888888888888889 0.00625 0.008333333333333333
0 0.2625 0.875 0.325 0.8444444444444444 0.3328125 0.8444444444444444 0.3375 0.8388888888888889 0.34375 0.8388888888888889 0.346875 0.8333333333333334 0.35625 0.8333333333333334 0.3546875 0.8472222222222222 0.3421875 0.8666666666666667 0.33125 0.8666666666666667 0.328125 0.8611111111111112 0.3171875 0.8611111111111112 0.309375 0.8666666666666667 0.303125 0.8666666666666667 0.3 0.8722222222222222 0.29375 0.8722222222222222 0.2921875 0.875 0.2625 0.8777777777777778
0 0.725 0.8472222222222222 0.7421875 0.8611111111111112 0.75 0.8638888888888889 0.753125 0.8694444444444445 0.759375 0.8722222222222222 0.790625 0.9027777777777778 0.7953125 0.9027777777777778 0.8109375 0.9166666666666666 0.81875 0.9277777777777778 0.821875 0.9277777777777778 0.8453125 0.95 0.8484375 0.95 0.8546875 0.9611111111111111 0.853125 0.9722222222222222 0.840625 0.9777777777777777 0.81875 0.9777777777777777 0.8140625 0.975 0.80625 0.9638888888888889 0.8 0.9583333333333334 0.7953125 0.9583333333333334 0.78125 0.9416666666666667 0.7734375 0.9222222222222223 0.7609375 0.9194444444444444 0.7453125 0.9027777777777778 0.7390625 0.9 0.721875 0.8777777777777778 0.7125 0.8722222222222222 0.703125 0.8583333333333333 0.684375 0.8472222222222222 0.6875 0.8416666666666667 0.703125 0.8416666666666667 0.7046875 0.8388888888888889 0.7125 0.8388888888888889 0.7234375 0.8472222222222222
0 0.378125 0.8805555555555555 0.35625 0.9222222222222223 0.3265625 0.9972222222222222 0.278125 0.9972222222222222 0.2796875 0.9916666666666667 0.3203125 0.9194444444444444 0.33125 0.9027777777777778 0.340625 0.8944444444444445 0.3484375 0.8805555555555555 0.371875 0.8805555555555555 0.3734375 0.8777777777777778 0.3765625 0.8805555555555555
0 0.796875 0.8305555555555556 0.853125 0.8638888888888889 0.85625 0.8722222222222222 0.8515625 0.8888888888888888 0.8375 0.8861111111111111 0.8078125 0.8611111111111112 0.8 0.8583333333333333 0.7953125 0.8527777777777777 0.79375 0.8555555555555555 0.78125 0.8444444444444444 0.7765625 0.8444444444444444 0.7640625 0.8361111111111111 0.7640625 0.8333333333333334 0.7921875 0.8333333333333334 0.7953125 0.8305555555555556
0 0.5484375 0.8583333333333333 0.5578125 0.8805555555555555 0.590625 0.9861111111111112 0.590625 0.9916666666666667 0.5734375 0.9916666666666667 0.571875 0.9944444444444445 0.56875 0.9916666666666667 0.5359375 0.9944444444444445 0.534375 0.9916666666666667 0.5328125 0.9694444444444444 0.5296875 0.9555555555555556 0.5296875 0.9416666666666667 0.525 0.9305555555555556 0.525 0.9194444444444444 0.5171875 0.875 0.5171875 0.8611111111111112 0.546875 0.8583333333333333
0 0.29375 0.8916666666666667 0.290625 0.9 0.2875 0.9 0.26875 0.9194444444444444 0.2609375 0.9333333333333333 0.246875 0.95 0.24375 0.9583333333333334 0.2390625 0.9611111111111111 0.2171875 0.9888888888888889 0.2140625 0.9972222222222222 0.16875 0.9972222222222222 0.171875 0.9888888888888889 0.196875 0.9638888888888889 0.2015625 0.9555555555555556 0.2234375 0.9333333333333333 0.225 0.9277777777777778 0.2515625 0.9055555555555556 0.2546875 0.9055555555555556 0.259375 0.8972222222222223 0.2921875 0.8916666666666667
0 0.521875 0.7027777777777777 0.525 0.7027777777777777 0.528125 0.7083333333333334 0.525 0.7138888888888889 0.521875 0.7055555555555556
0 0.678125 0.8444444444444444 0.68125 0.8416666666666667 0.703125 0.8416666666666667 0.7046875 0.8388888888888889 0.7203125 0.8416666666666667 0.725 0.8472222222222222 0.7375 0.8527777777777777 0.7546875 0.8694444444444445 0.7625 0.8722222222222222 0.7890625 0.9 0.8 0.9027777777777778 0.803125 0.9111111111111111 0.8125 0.9166666666666666 0.8171875 0.925 0.8203125 0.925 0.8328125 0.9388888888888889 0.8515625 0.9527777777777777 0.85625 0.9611111111111111 0.85625 0.9722222222222222 0.853125 0.975 0.8421875 0.975 0.840625 0.9777777777777777 0.815625 0.9777777777777777 0.8109375 0.975 0.8 0.9611111111111111 0.7859375 0.9555555555555556 0.7734375 0.9305555555555556 0.765625 0.9277777777777778 0.7625 0.9222222222222223 0.759375 0.9222222222222223 0.7546875 0.9166666666666666 0.75 0.925 0.7453125 0.9111111111111111 0.7390625 0.9138888888888889 0.7375 0.9111111111111111 0.7390625 0.9055555555555556 0.7234375 0.8833333333333333 0.7078125 0.8694444444444445 0.696875 0.8555555555555555 0.6796875 0.8472222222222222
0 0.4640625 0.8666666666666667 0.46875 0.875 0.4609375 0.9027777777777778 0.4609375 0.9138888888888889 0.4578125 0.9305555555555556 0.459375 0.9416666666666667 0.45625 0.9583333333333334 0.4546875 0.9972222222222222 0.4015625 0.9972222222222222 0.4015625 0.9944444444444445 0.4109375 0.9583333333333334 0.4125 0.9361111111111111 0.4296875 0.8777777777777778 0.4328125 0.8722222222222222 0.4421875 0.8666666666666667 0.4625 0.8666666666666667
0 0.5421875 0.7416666666666667 0.5484375 0.7416666666666667 0.55625 0.7555555555555555 0.5546875 0.7638888888888888 0.5421875 0.7444444444444445
0 0.6046875 0.8527777777777777 0.615625 0.8472222222222222 0.6296875 0.8472222222222222 0.6390625 0.8527777777777777 0.6578125 0.8805555555555555 0.6671875 0.8888888888888888 0.70625 0.9472222222222222 0.715625 0.9555555555555556 0.7296875 0.9833333333333333 0.69375 0.9861111111111112 0.690625 0.9694444444444444 0.6875 0.9694444444444444 0.684375 0.9777777777777777 0.675 0.9833333333333333 0.659375 0.9583333333333334 0.65 0.9361111111111111 0.6375 0.9166666666666666 0.6234375 0.8861111111111111 0.6046875 0.8555555555555555
0 0.28125 0.8555555555555555 0.2796875 0.8527777777777777 0.271875 0.8527777777777777 0.2328125 0.8722222222222222 0.2140625 0.875 0.2109375 0.8805555555555555 0.20625 0.8805555555555555 0.1984375 0.8722222222222222 0.178125 0.8694444444444445 0.175 0.8638888888888889 0.2109375 0.8583333333333333 0.21875 0.8527777777777777 0.25625 0.85 0.2609375 0.8444444444444444 0.2921875 0.8444444444444444 0.3015625 0.8388888888888889 0.3328125 0.8388888888888889 0.334375 0.8361111111111111 0.3578125 0.8333333333333334 0.3578125 0.8388888888888889 0.3546875 0.8472222222222222 0.34375 0.8666666666666667 0.334375 0.8694444444444445 0.328125 0.8638888888888889 0.3125 0.8638888888888889 0.3109375 0.8666666666666667 0.3046875 0.8666666666666667 0.3015625 0.8722222222222222 0.2828125 0.875 0.28125 0.8777777777777778 0.2625 0.8777777777777778 0.2625 0.875 0.2703125 0.8722222222222222 0.2828125 0.8611111111111112 0.2875 0.8611111111111112 0.2890625 0.8583333333333333 0.2859375 0.8527777777777777 0.2828125 0.8527777777777777