0 0.1359375 0.7194444444444444 0.13125 0.725 0.125 0.725 0.1046875 0.7361111111111112 0.0984375 0.7361111111111112 0.0765625 0.7472222222222222 0.06875 0.7472222222222222 0.05625 0.7555555555555555 0.046875 0.7555555555555555 0.0390625 0.7611111111111111 0.009375 0.7694444444444445 0.0015625 0.775 0 0.775 0 0.7666666666666667 0.009375 0.7611111111111111 0.03125 0.7555555555555555 0.0625 0.7416666666666667 0.078125 0.7388888888888889 0.1015625 0.7277777777777777 0.109375 0.7277777777777777 0.1171875 0.7222222222222222 0.134375 0.7194444444444444
0 0.85 0.8638888888888889 0.8625 0.8666666666666667 0.8703125 0.875 0.8828125 0.8805555555555555 0.8953125 0.8916666666666667 0.903125 0.8944444444444445 0.928125 0.9138888888888889 0.9359375 0.9166666666666666 0.9515625 0.9305555555555556 0.975 0.9444444444444444 0.9828125 0.9527777777777777 0.9984375 0.9611111111111111 0.9984375 0.975 0.99375 0.975 0.9640625 0.95 0.9484375 0.9416666666666667 0.940625 0.9333333333333333 0.925 0.925 0.890625 0.8972222222222223 0.8671875 0.8833333333333333 0.853125 0.8722222222222222 0.85 0.8666666666666667
0 0.0453125 0.8277777777777777 0.046875 0.8277777777777777 0.0453125 0.8305555555555556 0.0390625 0.8361111111111111 0 0.8555555555555555 0 0.8472222222222222 0.04375 0.825
0 0.175 0.9972222222222222 0.178125 0.9888888888888889 0.21875 0.9333333333333333 0.225 0.9277777777777778 0.23125 0.9166666666666666 0.2609375 0.8805555555555555 0.2671875 0.8694444444444445 0.2734375 0.8638888888888889 0.28125 0.85 0.3015625 0.825 0.3515625 0.7527777777777778 0.359375 0.7444444444444445 0.378125 0.7333333333333333 0.3828125 0.7333333333333333 0.38125 0.7388888888888889 0.3578125 0.7583333333333333 0.2890625 0.8611111111111112 0.2671875 0.8888888888888888 0.2578125 0.9055555555555556 0.2390625 0.9277777777777778 0.23125 0.9416666666666667 0.2265625 0.9444444444444444 0.1921875 0.9972222222222222 0.1765625 0.9972222222222222
0 0.85 0.8638888888888889 0.8625 0.8666666666666667 0.8703125 0.875 0.8875 0.8833333333333333 0.9078125 0.9 0.915625 0.9027777777777778 0.94375 0.925 0.95625 0.9305555555555556 0.9640625 0.9388888888888889 0.9984375 0.9611111111111111 0.9984375 0.975 0.990625 0.9722222222222222 0.9640625 0.95 0.8984375 0.9055555555555556 0.890625 0.8972222222222223 0.8703125 0.8861111111111111 0.859375 0.875 0.853125 0.8722222222222222 0.85 0.8666666666666667
0 0.6484375 0.9111111111111111 0.6546875 0.9166666666666666 0.696875 0.9916666666666667 0.696875 0.9972222222222222 0.6828125 0.9972222222222222 0.6578125 0.95 0.65 0.9416666666666667 0.6484375 0.9138888888888889
0 0 0.9611111111111111 0 0.9472222222222222 0.0015625 0.9444444444444444 0.00625 0.9444444444444444 0.0359375 0.9194444444444444 0.0484375 0.9138888888888889 0.053125 0.9138888888888889 0.0546875 0.9166666666666666 0.053125 0.9222222222222223 0.0296875 0.9416666666666667 0.0265625 0.9416666666666667 0.0125 0.9555555555555556 0.0015625 0.9611111111111111
0 0.38125 0.7333333333333333 0.3828125 0.7361111111111112 0.38125 0.7388888888888889 0.375 0.7416666666666667 0.3578125 0.7583333333333333 0.3296875 0.8027777777777778 0.3078125 0.8305555555555556 0.2859375 0.8666666666666667 0.2796875 0.8722222222222222 0.271875 0.8861111111111111 0.2671875 0.8888888888888888 0.2578125 0.9055555555555556 0.2390625 0.9277777777777778 0.23125 0.9416666666666667 0.2265625 0.9444444444444444 0.190625 0.9972222222222222 0.1765625 0.9944444444444445 0.190625 0.9722222222222222 0.196875 0.9666666666666667 0.2046875 0.9527777777777777 0.2109375 0.9472222222222222 0.2546875 0.8861111111111111 0.259375 0.8833333333333333 0.2828125 0.8472222222222222 0.29375 0.8361111111111111 0.353125 0.75 0.3625 0.7416666666666667 0.3796875 0.7333333333333333
0 0.7265625 0.7 0.7515625 0.7166666666666667 0.75625 0.7166666666666667 0.7578125 0.7194444444444444 0.75625 0.725 0.74375 0.7222222222222222 0.71875 0.7055555555555556 0.7171875 0.7027777777777777 0.725 0.7
0 0.19375 0.8055555555555556 0.1953125 0.7972222222222223 0.2140625 0.7833333333333333 0.221875 0.7833333333333333 0.2203125 0.7916666666666666 0.203125 0.8055555555555556 0.1953125 0.8055555555555556
0 0.6703125 0.7361111111111112 0.6765625 0.7361111111111112 0.6859375 0.7416666666666667 0.6984375 0.7527777777777778 0.70625 0.7555555555555555 0.7171875 0.7666666666666667 0.715625 0.7694444444444445 0.70625 0.7666666666666667 0.6859375 0.75 0.678125 0.7472222222222222 0.6703125 0.7388888888888889
0 0.1984375 0.7444444444444445 0.1859375 0.7555555555555555 0.1578125 0.7722222222222223 0.1421875 0.7777777777777778 0.1328125 0.7861111111111111 0.128125 0.7861111111111111 0.078125 0.8138888888888889 0.06875 0.8138888888888889 0.071875 0.8083333333333333 0.0796875 0.8055555555555556 0.0890625 0.7972222222222223 0.10625 0.7916666666666666 0.115625 0.7833333333333333 0.1296875 0.7805555555555556 0.134375 0.775 0.15 0.7694444444444445 0.159375 0.7611111111111111 0.178125 0.7527777777777778 0.1875 0.7416666666666667 0.196875 0.7444444444444445
0 0.19375 0.7444444444444445 0.196875 0.7444444444444445 0.19375 0.7472222222222222 0.1765625 0.7555555555555555 0.171875 0.7611111111111111 0.1546875 0.7583333333333333 0.1453125 0.7638888888888888 0.1421875 0.7694444444444445 0.1484375 0.7722222222222223 0.140625 0.7777777777777778 0.1390625 0.7777777777777778 0.1421875 0.7722222222222223 0.140625 0.7694444444444445 0.121875 0.775 0.109375 0.7944444444444444 0.09375 0.8 0.0984375 0.7944444444444444 0.09375 0.7916666666666666 0.0875 0.8 0.0890625 0.8055555555555556 0.084375 0.8083333333333333 0.071875 0.8111111111111111 0.078125 0.8055555555555556 0.0828125 0.8055555555555556 0.0859375 0.8 0.08125 0.7972222222222223 0.0796875 0.8 0.0671875 0.8027777777777778 0.0515625 0.8138888888888889 0.034375 0.8194444444444444 0.028125 0.825 0.021875 0.825 0.0046875 0.8361111111111111 0 0.8361111111111111 0 0.8305555555555556 0.0171875 0.8194444444444444 0.028125 0.8166666666666667 0.04375 0.8055555555555556 0.0546875 0.8027777777777778 0.0609375 0.7972222222222223 0.0953125 0.7833333333333333 0.1234375 0.7666666666666667 0.134375 0.7638888888888888 0.15625 0.75 0.1625 0.75 0.18125 0.7388888888888889 0.1890625 0.7388888888888889 0.1921875 0.7444444444444445
0 0.1890625 0.7361111111111112 0.1921875 0.7416666666666667 0.2 0.7416666666666667 0.1921875 0.75 0.1875 0.75 0.175 0.7611111111111111 0.165625 0.7638888888888888 0.15 0.775 0.1453125 0.775 0.1296875 0.7861111111111111 0.125 0.7861111111111111 0.1140625 0.7944444444444444 0.09375 0.8027777777777778 0.084375 0.8111111111111111 0.0703125 0.8138888888888889 0.071875 0.8083333333333333 0.075 0.8083333333333333 0.0796875 0.8027777777777778 0.0734375 0.8 0.0671875 0.8055555555555556 0.0453125 0.8138888888888889 0.028125 0.825 0.021875 0.825 0.0046875 0.8361111111111111 0 0.8361111111111111 0.0015625 0.8277777777777777 0.00625 0.8277777777777777 0.0171875 0.8194444444444444 0.0328125 0.8138888888888889 0.065625 0.7944444444444444 0.078125 0.7916666666666666 0.121875 0.7666666666666667 0.1390625 0.7611111111111111 0.15 0.7527777777777778 0.1875 0.7361111111111112