0 0.4390625 0.7083333333333334 0.446875 0.7055555555555556 0.446875 0.7111111111111111 0.44375 0.7138888888888889 0.4390625 0.7138888888888889 0.4390625 0.7111111111111111
0 0.6109375 0.8027777777777778 0.6203125 0.8055555555555556 0.628125 0.8166666666666667 0.6421875 0.8277777777777777 0.646875 0.8361111111111111 0.653125 0.8388888888888889 0.6625 0.85 0.6625 0.8555555555555555 0.65625 0.8555555555555555 0.6203125 0.8194444444444444 0.6109375 0.8055555555555556
0 0.234375 0.7027777777777777 0.2359375 0.7055555555555556 0.253125 0.7027777777777777 0.2625 0.7083333333333334 0.25625 0.7111111111111111 0.2515625 0.7083333333333334 0.2359375 0.7166666666666667 0.234375 0.7138888888888889 0.2296875 0.7166666666666667 0.2203125 0.7166666666666667 0.2171875 0.7138888888888889 0.2171875 0.7055555555555556 0.2203125 0.7083333333333334 0.2328125 0.7027777777777777
0 0.3453125 0.8027777777777778 0.35 0.7972222222222223 0.353125 0.7972222222222223 0.3609375 0.7861111111111111 0.3671875 0.7833333333333333 0.3734375 0.7722222222222223 0.3796875 0.7694444444444445 0.384375 0.7611111111111111 0.39375 0.7527777777777778 0.396875 0.7555555555555555 0.3921875 0.7666666666666667 0.36875 0.7916666666666666 0.3609375 0.8055555555555556 0.3546875 0.8055555555555556 0.353125 0.8083333333333333 0.346875 0.8083333333333333 0.3453125 0.8055555555555556
0 0.5328125 0.7194444444444444 0.5375 0.7194444444444444 0.55 0.7361111111111112 0.55 0.7388888888888889 0.5453125 0.7388888888888889 0.5390625 0.7333333333333333 0.5328125 0.7222222222222222
0 0.7671875 0.975 0.78125 0.975 0.784375 0.9805555555555555 0.796875 0.9888888888888889 0.803125 0.9972222222222222 0.784375 0.9972222222222222 0.771875 0.9861111111111112 0.7671875 0.9777777777777777
0 0.4921875 0.7305555555555555 0.4984375 0.7333333333333333 0.4984375 0.7527777777777778 0.5 0.7555555555555555 0.5 0.7583333333333333 0.4953125 0.7583333333333333 0.4921875 0.7472222222222222 0.4921875 0.7333333333333333
0 0.253125 0.9277777777777778 0.2546875 0.9333333333333333 0.25 0.9361111111111111 0.234375 0.9583333333333334 0.2109375 0.9555555555555556 0.2078125 0.95 0.2140625 0.9472222222222222 0.228125 0.9305555555555556 0.23125 0.9305555555555556 0.2390625 0.9222222222222223 0.246875 0.9222222222222223 0.2484375 0.9277777777777778 0.2515625 0.9277777777777778
0 0.4171875 0.7277777777777777 0.428125 0.7194444444444444 0.43125 0.7222222222222222 0.4265625 0.7305555555555555 0.4203125 0.7333333333333333 0.4171875 0.7305555555555555
0 0.571875 0.7527777777777778 0.578125 0.7666666666666667 0.575 0.7666666666666667 0.5625 0.7555555555555555 0.5609375 0.7527777777777778 0.5625 0.7472222222222222 0.5703125 0.7527777777777778
0 0.375 0.7111111111111111 0.3765625 0.7138888888888889 0.3703125 0.7166666666666667 0.35625 0.7166666666666667 0.3484375 0.7222222222222222 0.3375 0.7222222222222222 0.3296875 0.7277777777777777 0.325 0.7277777777777777 0.321875 0.725 0.3234375 0.7222222222222222 0.334375 0.7194444444444444 0.340625 0.7138888888888889 0.34375 0.7166666666666667 0.3578125 0.7083333333333334 0.3609375 0.7111111111111111 0.3734375 0.7111111111111111