0 0.9984375 0.8305555555555556 0.9984375 0.925 0.9953125 0.9305555555555556 0.9953125 0.9361111111111111 0.9828125 0.9388888888888889 0.98125 0.9416666666666667 0.96875 0.9361111111111111 0.9421875 0.9166666666666666 0.940625 0.9138888888888889 0.9421875 0.9083333333333333 0.95 0.8972222222222223 0.9484375 0.8944444444444445 0.9453125 0.8944444444444445 0.9421875 0.9 0.934375 0.8972222222222223 0.9296875 0.8888888888888888 0.9328125 0.8861111111111111 0.93125 0.8833333333333333 0.921875 0.8861111111111111 0.9203125 0.8916666666666667 0.9140625 0.8916666666666667 0.903125 0.8833333333333333 0.890625 0.8861111111111111 0.865625 0.8722222222222222 0.8640625 0.8666666666666667 0.8890625 0.8555555555555555 0.896875 0.8416666666666667 0.9046875 0.8361111111111111 0.9109375 0.8388888888888889 0.9125 0.8361111111111111 0.9296875 0.8361111111111111 0.93125 0.8333333333333334 0.9546875 0.8333333333333334 0.965625 0.8277777777777777 0.9953125 0.8277777777777777 0.996875 0.8305555555555556
0 0.3375 0.7138888888888889 0.025 0.027777777777777776
0 0.2515625 0.6944444444444444 0.253125 0.6972222222222222 0.2578125 0.6944444444444444 0.259375 0.6972222222222222 0.3078125 0.6972222222222222 0.309375 0.7 0.3203125 0.7 0.321875 0.7027777777777777 0.328125 0.7027777777777777 0.3328125 0.6972222222222222 0.3453125 0.6972222222222222 0.3578125 0.7027777777777777 0.359375 0.7 0.3828125 0.7 0.3859375 0.7055555555555556 0.3921875 0.7027777777777777 0.4 0.7055555555555556 0.40625 0.6972222222222222 0.4203125 0.6972222222222222 0.4296875 0.725 0.428125 0.7277777777777777 0.4125 0.7277777777777777 0.4 0.7194444444444444 0.396875 0.725 0.3703125 0.7277777777777777 0.359375 0.7194444444444444 0.3515625 0.7194444444444444 0.34375 0.7277777777777777 0.33125 0.7277777777777777 0.325 0.725 0.3203125 0.7138888888888889 0.3125 0.7138888888888889 0.3015625 0.725 0.28125 0.725 0.2703125 0.7194444444444444 0.2546875 0.7194444444444444 0.253125 0.7166666666666667 0.2265625 0.7111111111111111 0.2203125 0.7055555555555556 0.2328125 0.7027777777777777 0.2375 0.6972222222222222 0.25 0.6972222222222222
0 0.4171875 0.7138888888888889 0.025 0.03333333333333333
0 0.9984375 0.8305555555555556 0.9984375 0.925 0.996875 0.9277777777777778 0.9984375 0.9361111111111111 0.9921875 0.9361111111111111 0.9828125 0.9416666666666667 0.9734375 0.9388888888888889 0.9640625 0.9305555555555556 0.959375 0.9305555555555556 0.9421875 0.9166666666666666 0.940625 0.9138888888888889 0.9421875 0.9111111111111111 0.940625 0.9027777777777778 0.9421875 0.9 0.940625 0.8972222222222223 0.934375 0.8972222222222223 0.9296875 0.8888888888888888 0.9328125 0.8861111111111111 0.93125 0.8805555555555555 0.9265625 0.8805555555555555 0.9171875 0.8944444444444445 0.903125 0.8833333333333333 0.9015625 0.8861111111111111 0.8875 0.8861111111111111 0.86875 0.875 0.8625 0.8694444444444445 0.8625 0.8666666666666667 0.8703125 0.8611111111111112 0.884375 0.8583333333333333 0.890625 0.8527777777777777 0.903125 0.8333333333333334 0.909375 0.8361111111111111 0.928125 0.8361111111111111 0.9296875 0.8333333333333334 0.9515625 0.8333333333333334 0.9625 0.8277777777777777 0.96875 0.8305555555555556 0.9703125 0.8277777777777777 0.9875 0.8277777777777777 0.9890625 0.8305555555555556 0.9953125 0.8277777777777777 0.996875 0.8305555555555556
0 0.8640625 0.8666666666666667 0.8890625 0.8555555555555555 0.896875 0.8444444444444444 0.921875 0.8416666666666667 0.9328125 0.8361111111111111 0.953125 0.8361111111111111 0.953125 0.8388888888888889 0.946875 0.8444444444444444 0.9234375 0.8583333333333333 0.9203125 0.8638888888888889 0.8953125 0.8833333333333333 0.884375 0.8833333333333333 0.865625 0.8694444444444445
0 0.378125 0.7 0.384375 0.7055555555555556 0.3859375 0.7166666666666667 0.384375 0.7277777777777777 0.36875 0.725 0.3671875 0.7194444444444444 0.3671875 0.7027777777777777 0.36875 0.7 0.3765625 0.7
0 0.3046875 0.7 0.3078125 0.7055555555555556 0.3078125 0.7111111111111111 0.2984375 0.725 0.2859375 0.725 0.2828125 0.7194444444444444 0.2921875 0.7027777777777777 0.303125 0.7
0 0.659375 0.7527777777777778 0.6609375 0.75 0.70625 0.75 0.7078125 0.7472222222222222 0.7375 0.7472222222222222 0.7390625 0.7444444444444445 0.7484375 0.7472222222222222 0.7484375 0.7777777777777778 0.746875 0.7805555555555556 0.68125 0.7777777777777778 0.665625 0.7638888888888888 0.6609375 0.7555555555555555
0 0.9984375 0.8583333333333333 0.9984375 0.9222222222222223 0.9921875 0.9333333333333333 0.9859375 0.9388888888888889 0.9765625 0.9388888888888889 0.953125 0.925 0.9421875 0.9138888888888889 0.9484375 0.9055555555555556 0.9609375 0.8972222222222223 0.9875 0.8666666666666667 0.996875 0.8611111111111112
0 0.7046875 0.7833333333333333 0.70625 0.7805555555555556 0.7125 0.7833333333333333 0.740625 0.7833333333333333 0.74375 0.7805555555555556 0.746875 0.7833333333333333 0.7515625 0.7972222222222223 0.76875 0.825 0.7703125 0.8305555555555556 0.7671875 0.8333333333333334 0.7609375 0.8333333333333334 0.7359375 0.8055555555555556 0.7328125 0.8055555555555556 0.71875 0.7916666666666666 0.70625 0.7861111111111111
0 0.746875 0.75 0.7484375 0.7527777777777778 0.7484375 0.775 0.746875 0.7805555555555556 0.703125 0.7805555555555556 0.7015625 0.7777777777777778 0.6875 0.7777777777777778 0.68125 0.775 0.6765625 0.7666666666666667 0.6703125 0.7638888888888888 0.6703125 0.7583333333333333 0.6734375 0.7555555555555555 0.7453125 0.75