0 0.5296875 0.7222222222222222 0.5390625 0.7222222222222222 0.5484375 0.7305555555555555 0.5484375 0.7361111111111112 0.5390625 0.7361111111111112 0.5296875 0.725
0 0.503125 0.7222222222222222 0.509375 0.7222222222222222 0.515625 0.7277777777777777 0.515625 0.7361111111111112 0.5046875 0.7361111111111112 0.5015625 0.7277777777777777 0.503125 0.725
0 0.5828125 0.7555555555555555 0.5859375 0.7527777777777778 0.603125 0.7527777777777778 0.60625 0.7555555555555555 0.6046875 0.7611111111111111 0.5828125 0.7611111111111111 0.5828125 0.7583333333333333
0 0.5625 0.7722222222222223 0.5703125 0.775 0.590625 0.8027777777777778 0.5953125 0.8055555555555556 0.675 0.9027777777777778 0.6859375 0.9111111111111111 0.703125 0.9361111111111111 0.7203125 0.9527777777777777 0.753125 0.9944444444444445 0.753125 0.9972222222222222 0.7375 0.9972222222222222 0.7296875 0.9916666666666667 0.709375 0.9611111111111111 0.7046875 0.9583333333333334 0.6953125 0.9444444444444444 0.6625 0.9083333333333333 0.6484375 0.8861111111111111 0.6359375 0.875 0.6 0.825 0.5796875 0.8027777777777778 0.5640625 0.7805555555555556 0.5625 0.775
0 0.2453125 0.7472222222222222 0.246875 0.75 0.2453125 0.7555555555555555 0.234375 0.7611111111111111 0.221875 0.7611111111111111 0.2171875 0.7583333333333333 0.21875 0.7555555555555555 0.2359375 0.7472222222222222 0.24375 0.7472222222222222
0 0.2875 0.7472222222222222 0.2890625 0.7527777777777778 0.284375 0.7583333333333333 0.2578125 0.7583333333333333 0.25625 0.7555555555555555 0.271875 0.7472222222222222 0.2859375 0.7472222222222222
0 0.40625 0.7472222222222222 0.4078125 0.75 0.44375 0.7472222222222222 0.453125 0.7527777777777778 0.4640625 0.7472222222222222 0.484375 0.7472222222222222 0.490625 0.7527777777777778 0.49375 0.75 0.5046875 0.75 0.50625 0.7472222222222222 0.521875 0.7472222222222222 0.53125 0.7527777777777778 0.553125 0.7472222222222222 0.5546875 0.75 0.5640625 0.75 0.5703125 0.7555555555555555 0.58125 0.7555555555555555 0.5828125 0.7527777777777778 0.5953125 0.75 0.596875 0.7527777777777778 0.6078125 0.7527777777777778 0.6171875 0.7583333333333333 0.6265625 0.7527777777777778 0.6390625 0.7527777777777778 0.640625 0.7555555555555555 0.6484375 0.7555555555555555 0.659375 0.7611111111111111 0.6625 0.7555555555555555 0.66875 0.7527777777777778 0.6765625 0.7583333333333333 0.6984375 0.7638888888888888 0.6890625 0.7694444444444445 0.68125 0.7694444444444445 0.6796875 0.7666666666666667 0.634375 0.7666666666666667 0.6328125 0.7694444444444445 0.628125 0.7666666666666667 0.625 0.7694444444444445 0.6140625 0.7638888888888888 0.596875 0.7666666666666667 0.5953125 0.7638888888888888 0.58125 0.7638888888888888 0.5796875 0.7611111111111111 0.54375 0.7611111111111111 0.5421875 0.7583333333333333 0.5359375 0.7611111111111111 0.534375 0.7583333333333333 0.5078125 0.7611111111111111 0.50625 0.7583333333333333 0.490625 0.7583333333333333 0.4890625 0.7555555555555555 0.4859375 0.7583333333333333 0.41875 0.7583333333333333 0.4171875 0.7555555555555555 0.4046875 0.7583333333333333 0.3984375 0.7527777777777778 0.4046875 0.75
0 0 0.8722222222222222 0.021875 0.8666666666666667 0.04375 0.8555555555555555 0.05 0.8555555555555555 0.075 0.8416666666666667 0.084375 0.8416666666666667 0.0984375 0.8333333333333334 0.1046875 0.8333333333333334 0.1109375 0.8277777777777777 0.11875 0.8277777777777777 0.140625 0.8166666666666667 0.1703125 0.8083333333333333 0.1765625 0.8027777777777778 0.2 0.7972222222222223 0.1984375 0.8027777777777778 0.1890625 0.8083333333333333 0.1703125 0.8166666666666667 0.1640625 0.8166666666666667 0.1375 0.8305555555555556 0.1296875 0.8305555555555556 0.109375 0.8416666666666667 0.0953125 0.8444444444444444 0.075 0.8555555555555555 0.0609375 0.8583333333333333 0.046875 0.8666666666666667 0.040625 0.8666666666666667 0.0203125 0.8777777777777778 0.0078125 0.8805555555555555 0.0015625 0.8861111111111111 0 0.8861111111111111 0 0.875
0 0.4265625 0.725 0.425 0.7305555555555555 0.4203125 0.7333333333333333 0.4109375 0.7333333333333333 0.409375 0.7277777777777777 0.4109375 0.725 0.425 0.725
0 0.503125 0.75 0.51875 0.7472222222222222 0.5265625 0.7527777777777778 0.525 0.7583333333333333 0.50625 0.7583333333333333 0.503125 0.7527777777777778
0 0.4421875 0.7472222222222222 0.4453125 0.75 0.4421875 0.7555555555555555 0.4234375 0.7555555555555555 0.4203125 0.7527777777777778 0.4265625 0.7472222222222222 0.440625 0.7472222222222222
0 0.5640625 0.7527777777777778 0.5640625 0.7583333333333333 0.5578125 0.7611111111111111 0.5453125 0.7583333333333333 0.54375 0.7555555555555555 0.546875 0.75 0.5609375 0.75 0.5625 0.7527777777777778
0 0 0.8694444444444445 0.0109375 0.8694444444444445 0.0125 0.8666666666666667 0.0265625 0.8638888888888889 0.040625 0.8555555555555555 0.0609375 0.85 0.0703125 0.8416666666666667 0.0890625 0.8388888888888889 0.0953125 0.8333333333333334 0.13125 0.8222222222222222 0.1453125 0.8138888888888889 0.153125 0.8138888888888889 0.1875 0.7972222222222223 0.196875 0.7972222222222223 0.209375 0.7888888888888889 0.2171875 0.7888888888888889 0.2296875 0.7805555555555556 0.2453125 0.7805555555555556 0.2484375 0.775 0.253125 0.775 0.2484375 0.7833333333333333 0.2375 0.7916666666666666 0.2140625 0.7944444444444444 0.209375 0.8 0.1984375 0.8027777777777778 0.18125 0.8138888888888889 0.1609375 0.8194444444444444 0.1359375 0.8333333333333334 0.1265625 0.8333333333333334 0.078125 0.8555555555555555 0.0625 0.8583333333333333 0.05625 0.8638888888888889 0.0359375 0.8694444444444445 0.0015625 0.8861111111111111 0 0.8861111111111111 0 0.8722222222222222
0 0.4375 0.7277777777777777 0.440625 0.725 0.4546875 0.725 0.4546875 0.7305555555555555 0.4484375 0.7361111111111112 0.4375 0.7361111111111112 0.4375 0.7305555555555555
0 0.4859375 0.75 0.4859375 0.7555555555555555 0.4625 0.7555555555555555 0.4609375 0.7527777777777778 0.46875 0.7472222222222222 0.4828125 0.7472222222222222 0.484375 0.75
0 0.4828125 0.725 0.484375 0.7361111111111112 0.471875 0.7361111111111112 0.4703125 0.7333333333333333 0.4703125 0.7277777777777777 0.4734375 0.725 0.48125 0.725
0 0.559375 0.725 0.5640625 0.7222222222222222 0.5796875 0.7305555555555555 0.58125 0.7361111111111112 0.5765625 0.7388888888888889 0.575 0.7361111111111112 0.56875 0.7361111111111112 0.5609375 0.7277777777777777
0 0.225 0.9888888888888889 0.2375 0.9777777777777777 0.246875 0.9638888888888889 0.2828125 0.925 0.29375 0.9083333333333333 0.3078125 0.8916666666666667 0.315625 0.8861111111111111 0.334375 0.8611111111111112 0.3546875 0.8416666666666667 0.38125 0.8055555555555556 0.4 0.7861111111111111 0.40625 0.775 0.4171875 0.7638888888888888 0.4203125 0.7666666666666667 0.4171875 0.7777777777777778 0.396875 0.8055555555555556 0.26875 0.9694444444444444 0.2640625 0.9833333333333333 0.2609375 0.9833333333333333 0.25625 0.9916666666666667 0.2515625 0.9916666666666667 0.246875 0.9972222222222222 0.2234375 0.9972222222222222 0.225 0.9916666666666667
0 0.4828125 0.7194444444444444 0.490625 0.7277777777777777 0.5046875 0.7194444444444444 0.51875 0.7277777777777777 0.5265625 0.7194444444444444 0.5390625 0.7194444444444444 0.540625 0.7222222222222222 0.5515625 0.7222222222222222 0.553125 0.7194444444444444 0.5546875 0.7222222222222222 0.56875 0.7222222222222222 0.58125 0.7277777777777777 0.5828125 0.725 0.6015625 0.725 0.61875 0.7361111111111112 0.6203125 0.7388888888888889 0.6171875 0.7416666666666667 0.6015625 0.7388888888888889 0.5921875 0.7333333333333333 0.5859375 0.7333333333333333 0.58125 0.7388888888888889 0.5703125 0.7388888888888889 0.5609375 0.7305555555555555 0.55625 0.7305555555555555 0.5515625 0.7361111111111112 0.5375 0.7361111111111112 0.53125 0.7305555555555555 0.521875 0.7305555555555555 0.5125 0.7388888888888889 0.5015625 0.7333333333333333 0.4921875 0.7333333333333333 0.490625 0.7305555555555555 0.48125 0.7388888888888889 0.4734375 0.7388888888888889 0.465625 0.7333333333333333 0.4625 0.7361111111111112 0.446875 0.7361111111111112 0.4453125 0.7388888888888889 0.4359375 0.7388888888888889 0.434375 0.7361111111111112 0.4234375 0.7361111111111112 0.4203125 0.7388888888888889 0.41875 0.7361111111111112 0.4109375 0.7361111111111112 0.409375 0.7333333333333333 0.4109375 0.725 0.4265625 0.725 0.43125 0.7305555555555555 0.434375 0.7305555555555555 0.4390625 0.725 0.446875 0.725 0.4484375 0.7222222222222222 0.4703125 0.725 0.4765625 0.7194444444444444 0.48125 0.7194444444444444
0 0.2234375 0.9972222222222222 0.2296875 0.9833333333333333 0.2328125 0.9833333333333333 0.240625 0.975 0.278125 0.9277777777777778 0.2859375 0.9222222222222223 0.2921875 0.9111111111111111 0.30625 0.8944444444444445 0.3140625 0.8888888888888888 0.3375 0.8583333333333333 0.3546875 0.8416666666666667 0.38125 0.8055555555555556 0.3984375 0.7888888888888889 0.4171875 0.7638888888888888 0.4203125 0.7694444444444445 0.3984375 0.8027777777777778 0.375 0.8305555555555556 0.3390625 0.8805555555555555 0.3234375 0.8972222222222223 0.3171875 0.9083333333333333 0.2984375 0.9277777777777778 0.271875 0.9638888888888889 0.2625 0.9805555555555555 0.2453125 0.9972222222222222 0.225 0.9972222222222222
0 0.6375 0.7527777777777778 0.6390625 0.7555555555555555 0.6453125 0.7555555555555555 0.6484375 0.7638888888888888 0.6265625 0.7638888888888888 0.621875 0.7611111111111111 0.628125 0.7527777777777778 0.6359375 0.7527777777777778