0 0.6125 0.6777777777777778 0.628125 0.6944444444444444 0.628125 0.7 0.621875 0.7055555555555556 0.6125 0.6972222222222222 0.609375 0.6888888888888889 0.6109375 0.6805555555555556
0 0.396875 0.7083333333333334 0.3984375 0.7194444444444444 0.3953125 0.725 0.384375 0.7333333333333333 0.378125 0.7333333333333333 0.36875 0.7388888888888889 0.3640625 0.7333333333333333 0.3640625 0.7194444444444444 0.3625 0.7166666666666667 0.3640625 0.7111111111111111 0.36875 0.7083333333333334 0.3953125 0.7083333333333334
0 0.365625 0.7833333333333333 0.371875 0.7833333333333333 0.3734375 0.7805555555555556 0.390625 0.7805555555555556 0.390625 0.7833333333333333 0.359375 0.8611111111111112 0.3515625 0.8694444444444445 0.3359375 0.8694444444444445 0.334375 0.8666666666666667 0.34375 0.8527777777777777 0.359375 0.8166666666666667 0.3734375 0.7916666666666666 0.371875 0.7861111111111111 0.3671875 0.7833333333333333
0 0.6125 0.8805555555555555 0.6125 0.8861111111111111 0.640625 0.9388888888888889 0.6671875 0.9972222222222222 0.65 0.9972222222222222 0.6359375 0.9694444444444444 0.6 0.8916666666666667 0.6 0.8805555555555555 0.6015625 0.8777777777777778 0.609375 0.8777777777777778 0.6109375 0.8805555555555555
0 0.303125 0.95 0.30625 0.9583333333333334 0.3109375 0.9555555555555556 0.3171875 0.9611111111111111 0.3140625 0.9694444444444444 0.309375 0.9694444444444444 0.3078125 0.9638888888888889 0.303125 0.9694444444444444 0.3046875 0.9722222222222222 0.303125 0.9777777777777777 0.30625 0.9805555555555555 0.3078125 0.9888888888888889 0.303125 0.9916666666666667 0.296875 0.9861111111111112 0.2953125 0.9833333333333333 0.296875 0.9777777777777777 0.29375 0.9722222222222222 0.2890625 0.9722222222222222 0.2859375 0.9777777777777777 0.2859375 0.9833333333333333 0.278125 0.9833333333333333 0.2796875 0.9805555555555555 0.2765625 0.975 0.271875 0.9777777777777777 0.2671875 0.9694444444444444 0.2703125 0.9638888888888889 0.278125 0.9638888888888889 0.278125 0.9666666666666667 0.271875 0.9694444444444444 0.275 0.975 0.278125 0.9722222222222222 0.2859375 0.975 0.2890625 0.9694444444444444 0.290625 0.9722222222222222 0.296875 0.9722222222222222 0.3015625 0.9638888888888889 0.296875 0.9583333333333334 0.2984375 0.9555555555555556 0.296875 0.9527777777777777 0.275 0.9555555555555556 0.2765625 0.9527777777777777 0.3015625 0.9527777777777777
0 0.5359375 0.7555555555555555 0.5375 0.7583333333333333 0.54375 0.7555555555555555 0.546875 0.7583333333333333 0.5671875 0.7583333333333333 0.56875 0.7555555555555555 0.6015625 0.7583333333333333 0.603125 0.7555555555555555 0.615625 0.7555555555555555 0.6171875 0.7611111111111111 0.615625 0.7638888888888888 0.5546875 0.7638888888888888 0.553125 0.7611111111111111 0.534375 0.7638888888888888 0.534375 0.7583333333333333
0 0.2671875 0.9638888888888889 0.2734375 0.9611111111111111 0.2765625 0.95 0.3234375 0.9472222222222222 0.3234375 0.9527777777777777 0.3203125 0.9611111111111111 0.315625 0.9694444444444444 0.3078125 0.975 0.3109375 0.9833333333333333 0.3078125 0.9916666666666667 0.278125 0.9861111111111112 0.2765625 0.9888888888888889 0.2578125 0.9944444444444445 0.25625 0.9888888888888889 0.2671875 0.975 0.265625 0.9722222222222222 0.2671875 0.9666666666666667
0 0.4203125 0.6694444444444444 0.425 0.6666666666666666 0.428125 0.6777777777777778 0.428125 0.6833333333333333 0.425 0.6916666666666667 0.4203125 0.6916666666666667 0.4 0.7055555555555556 0.3890625 0.7055555555555556 0.3875 0.7027777777777777 0.3890625 0.7 0.409375 0.6888888888888889 0.4125 0.6833333333333333 0.4203125 0.6777777777777778 0.421875 0.6722222222222223
0 0.39453125 0.6861111111111111 0.0671875 0.05
0 0.5875 0.7222222222222222 0.5984375 0.7277777777777777 0.6109375 0.7277777777777777 0.615625 0.7305555555555555 0.6171875 0.7361111111111112 0.6140625 0.7416666666666667 0.584375 0.7416666666666667 0.5828125 0.7444444444444445 0.56875 0.7416666666666667 0.5625 0.7361111111111112 0.5625 0.7333333333333333 0.5734375 0.7305555555555555 0.5859375 0.7222222222222222
0 0.390625 0.7805555555555556 0.3828125 0.8055555555555556 0.375 0.8194444444444444 0.3609375 0.8555555555555555 0.35 0.8694444444444445 0.334375 0.8694444444444445 0.334375 0.8666666666666667 0.34375 0.8527777777777777 0.35 0.8361111111111111 0.371875 0.7944444444444444 0.3703125 0.7861111111111111 0.3625 0.7861111111111111 0.3625 0.7833333333333333 0.365625 0.7805555555555556 0.3890625 0.7805555555555556