0 0.75625 0.7444444444444445 0.765625 0.7444444444444445 0.7703125 0.75 0.846875 0.7833333333333333 0.871875 0.8 0.884375 0.8027777777777778 0.903125 0.8138888888888889 0.928125 0.8222222222222222 0.934375 0.8277777777777777 0.94375 0.8305555555555556 0.9484375 0.8361111111111111 0.9828125 0.85 0.9953125 0.8583333333333333 0.9953125 0.8666666666666667 0.990625 0.8666666666666667 0.971875 0.8555555555555555 0.953125 0.85 0.940625 0.8388888888888889 0.86875 0.8083333333333333 0.8625 0.8027777777777778 0.85625 0.8027777777777778 0.8484375 0.7944444444444444 0.7984375 0.7722222222222223 0.75625 0.7472222222222222
0 0.5015625 0.6833333333333333 0.509375 0.6916666666666667 0.50625 0.6972222222222222 0.503125 0.6944444444444444 0.5015625 0.6861111111111111
0 0.825 0.8833333333333333 0.8390625 0.8861111111111111 0.8640625 0.9083333333333333 0.878125 0.9166666666666666 0.8875 0.9277777777777778 0.9359375 0.9611111111111111 0.9546875 0.9805555555555555 0.9796875 0.9972222222222222 0.9578125 0.9972222222222222 0.953125 0.9916666666666667 0.95 0.9916666666666667 0.9390625 0.9777777777777777 0.9359375 0.9777777777777777 0.9109375 0.9555555555555556 0.8859375 0.9388888888888889 0.8625 0.9166666666666666 0.859375 0.9166666666666666 0.8390625 0.8972222222222223 0.8359375 0.8972222222222223 0.8265625 0.8861111111111111
0 0.75625 0.7472222222222222 0.7578125 0.7416666666666667 0.7671875 0.7444444444444445 0.7703125 0.75 0.846875 0.7833333333333333 0.871875 0.8 0.878125 0.8 0.940625 0.8277777777777777 0.9484375 0.8361111111111111 0.99375 0.8555555555555555 0.9953125 0.8666666666666667 0.9765625 0.8611111111111112 0.9703125 0.8555555555555555 0.946875 0.8472222222222222 0.940625 0.8388888888888889 0.9046875 0.825 0.8984375 0.8194444444444444 0.8796875 0.8138888888888889 0.8734375 0.8083333333333333 0.8578125 0.8027777777777778 0.8546875 0.7972222222222223 0.7921875 0.7694444444444445 0.7875 0.7638888888888888 0.771875 0.7583333333333333 0.7578125 0.7472222222222222
0 0.134375 0.9861111111111112 0.1375 0.9777777777777777 0.14375 0.975 0.15 0.9638888888888889 0.1546875 0.9611111111111111 0.1875 0.9194444444444444 0.20625 0.9083333333333333 0.228125 0.8888888888888888 0.2328125 0.8888888888888888 0.259375 0.8611111111111112 0.2640625 0.8611111111111112 0.2640625 0.8694444444444445 0.2609375 0.8777777777777778 0.2578125 0.8777777777777778 0.2296875 0.9055555555555556 0.225 0.9055555555555556 0.2109375 0.9194444444444444 0.203125 0.9222222222222223 0.1703125 0.9611111111111111 0.153125 0.9861111111111112 0.1484375 0.9888888888888889 0.1390625 0.9888888888888889 0.1359375 0.9861111111111112
0 0.23125 0.75 0.234375 0.7527777777777778 0.234375 0.7583333333333333 0.2375 0.7638888888888888 0.2453125 0.7638888888888888 0.2515625 0.7666666666666667 0.25 0.7694444444444445 0.2328125 0.775 0.175 0.8083333333333333 0.15 0.8055555555555556 0.1515625 0.8 0.1734375 0.7888888888888889 0.20625 0.7611111111111111 0.2109375 0.7611111111111111 0.2296875 0.75
0 0.5203125 0.7305555555555555 0.5265625 0.7333333333333333 0.53125 0.7416666666666667 0.534375 0.7555555555555555 0.53125 0.7583333333333333 0.5265625 0.7527777777777778 0.5203125 0.7333333333333333
0 0 0.9222222222222223 0 0.9083333333333333 0.0125 0.9 0.0234375 0.9 0.0234375 0.9083333333333333 0.0015625 0.9222222222222223
0 0.234375 0.7555555555555555 0.2375 0.7638888888888888 0.25 0.7666666666666667 0.2484375 0.7694444444444445 0.2296875 0.775 0.221875 0.7833333333333333 0.20625 0.7888888888888889 0.175 0.8083333333333333 0.1625 0.8083333333333333 0.1515625 0.8027777777777778 0.159375 0.8 0.2 0.7666666666666667 0.2234375 0.7527777777777778 0.23125 0.7527777777777778 0.2328125 0.7555555555555555
0 0.7546875 0.7472222222222222 0.7578125 0.7416666666666667 0.7671875 0.7444444444444445 0.7703125 0.75 0.7765625 0.75 0.8015625 0.7638888888888888 0.8125 0.7666666666666667 0.81875 0.7722222222222223 0.8359375 0.7777777777777778 0.8421875 0.7833333333333333 0.853125 0.7861111111111111 0.8671875 0.7972222222222223 0.940625 0.8277777777777777 0.9484375 0.8361111111111111 0.990625 0.8527777777777777 0.9953125 0.8555555555555555 0.9953125 0.8694444444444445 0.9703125 0.8555555555555555 0.946875 0.8472222222222222 0.94375 0.8416666666666667 0.934375 0.8361111111111111 0.921875 0.8333333333333334 0.915625 0.8277777777777777 0.85625 0.8027777777777778 0.8484375 0.7944444444444444 0.7921875 0.7694444444444445 0.7875 0.7638888888888888 0.771875 0.7583333333333333 0.75625 0.7472222222222222
0 0.58125 0.875 0.5921875 0.8777777777777778 0.603125 0.8972222222222223 0.6140625 0.9222222222222223 0.615625 0.9305555555555556 0.6453125 0.9944444444444445 0.6453125 0.9972222222222222 0.6296875 0.9972222222222222 0.625 0.9888888888888889 0.621875 0.9777777777777777 0.6078125 0.95 0.6015625 0.9305555555555556 0.584375 0.8916666666666667 0.58125 0.8777777777777778
0 0.5890625 0.875 0.603125 0.8972222222222223 0.6140625 0.9222222222222223 0.6140625 0.9277777777777778 0.64375 0.9888888888888889 0.6453125 0.9972222222222222 0.6296875 0.9972222222222222 0.625 0.9888888888888889 0.621875 0.9777777777777777 0.6046875 0.9416666666666667 0.6046875 0.9361111111111111 0.5828125 0.8861111111111111 0.58125 0.8777777777777778 0.5875 0.875
0 0.23125 0.7472222222222222 0.2375 0.7638888888888888 0.25 0.7666666666666667 0.2484375 0.7694444444444445 0.2265625 0.7777777777777778 0.221875 0.7833333333333333 0.20625 0.7888888888888889 0.175 0.8083333333333333 0.1609375 0.8083333333333333 0.159375 0.8055555555555556 0.15 0.8055555555555556 0.15 0.8027777777777778 0.1609375 0.7944444444444444 0.1703125 0.7916666666666666 0.20625 0.7611111111111111 0.2109375 0.7611111111111111 0.2296875 0.75