0 0.4859375 0.8166666666666667 0.490625 0.8194444444444444 0.4921875 0.825 0.49375 0.85 0.4953125 0.8527777777777777 0.4953125 0.8777777777777778 0.496875 0.8805555555555555 0.496875 0.9 0.4984375 0.9027777777777778 0.4984375 0.9361111111111111 0.5 0.9388888888888889 0.5 0.9527777777777777 0.496875 0.9583333333333334 0.4375 0.9583333333333334 0.434375 0.9555555555555556 0.434375 0.9472222222222222 0.4453125 0.8916666666666667 0.4453125 0.8833333333333333 0.4578125 0.825 0.4609375 0.8194444444444444 0.484375 0.8166666666666667
0 0.5703125 0.775 0.578125 0.775 0.6046875 0.8027777777777778 0.6046875 0.8055555555555556 0.5953125 0.8027777777777778 0.5703125 0.7777777777777778
0 0.321875 0.825 0.3234375 0.8277777777777777 0.321875 0.8305555555555556 0.2875 0.8555555555555555 0.275 0.8555555555555555 0.2734375 0.8527777777777777 0.28125 0.8388888888888889 0.290625 0.8305555555555556 0.303125 0.825 0.3203125 0.825
0 0.40625 0.8222222222222222 0.40625 0.8277777777777777 0.3875 0.8583333333333333 0.359375 0.9138888888888889 0.3546875 0.9222222222222223 0.34375 0.9333333333333333 0.340625 0.9472222222222222 0.3359375 0.9555555555555556 0.3265625 0.9611111111111111 0.2828125 0.9583333333333334 0.2765625 0.9527777777777777 0.278125 0.9444444444444444 0.315625 0.9 0.353125 0.8472222222222222 0.3625 0.8416666666666667 0.3796875 0.8222222222222222 0.3859375 0.8194444444444444 0.4 0.8194444444444444 0.4046875 0.8222222222222222
0 0.7734375 0.8638888888888889 0.8125 0.8638888888888889 0.81875 0.8666666666666667 0.840625 0.8805555555555555 0.8515625 0.8833333333333333 0.85625 0.8888888888888888 0.90625 0.9111111111111111 0.928125 0.9277777777777778 0.946875 0.9361111111111111 0.984375 0.9611111111111111 0.984375 0.9638888888888889 0.9421875 0.9638888888888889 0.940625 0.9611111111111111 0.9234375 0.9583333333333334 0.91875 0.9527777777777777 0.9015625 0.9444444444444444 0.89375 0.9361111111111111 0.86875 0.925 0.8640625 0.9194444444444444 0.8265625 0.9 0.815625 0.8888888888888888 0.7734375 0.8666666666666667
0 0.075 0.8277777777777777 0.0734375 0.8333333333333334 0.0640625 0.8388888888888889 0.021875 0.85 0.0109375 0.8583333333333333 0 0.8583333333333333 0 0.8416666666666667 0.00625 0.8416666666666667 0.01875 0.8333333333333334 0.0375 0.8333333333333334 0.0421875 0.8277777777777777 0.053125 0.8277777777777777 0.0546875 0.825 0.071875 0.825 0.0734375 0.8277777777777777
0 0.559375 0.8194444444444444 0.5640625 0.825 0.5765625 0.825 0.6046875 0.8666666666666667 0.6109375 0.8722222222222222 0.6515625 0.9361111111111111 0.65625 0.9472222222222222 0.6578125 0.9583333333333334 0.596875 0.9583333333333334 0.59375 0.9527777777777777 0.5828125 0.9138888888888889 0.578125 0.9083333333333333 0.5734375 0.8944444444444445 0.565625 0.8805555555555555 0.546875 0.8333333333333334 0.5453125 0.8277777777777777 0.546875 0.8194444444444444 0.5578125 0.8194444444444444
0 0.2421875 0.825 0.2421875 0.8277777777777777 0.2296875 0.8388888888888889 0.215625 0.8472222222222222 0.209375 0.8472222222222222 0.190625 0.8611111111111112 0.1859375 0.8611111111111112 0.146875 0.8861111111111111 0.1296875 0.8916666666666667 0.0859375 0.9166666666666666 0.0359375 0.9305555555555556 0.03125 0.9333333333333333 0.0171875 0.9527777777777777 0.0109375 0.9583333333333334 0.003125 0.9583333333333334 0.0015625 0.9611111111111111 0 0.9611111111111111 0 0.9277777777777778 0.00625 0.9277777777777778 0.0296875 0.9138888888888889 0.0671875 0.9 0.08125 0.8888888888888888 0.0890625 0.8888888888888888 0.096875 0.8833333333333333 0.103125 0.8833333333333333 0.121875 0.875 0.140625 0.8611111111111112 0.146875 0.8611111111111112 0.16875 0.8472222222222222 0.1765625 0.8472222222222222 0.2140625 0.825 0.240625 0.825
0 0.4140625 0.7722222222222223 0.4171875 0.775 0.4 0.8027777777777778 0.3921875 0.8055555555555556 0.39375 0.7972222222222223 0.4046875 0.7805555555555556 0.409375 0.775 0.4125 0.775
0 0.1515625 0.825 0.153125 0.8277777777777777 0.1515625 0.8333333333333334 0.1421875 0.8361111111111111 0.1359375 0.8416666666666667 0.1234375 0.8472222222222222 0.115625 0.8472222222222222 0.1109375 0.8527777777777777 0.1015625 0.8527777777777777 0.0953125 0.8583333333333333 0.0828125 0.8611111111111112 0.078125 0.8666666666666667 0.053125 0.8722222222222222 0.0359375 0.8833333333333333 0.0234375 0.8888888888888888 0.0140625 0.8888888888888888 0.0015625 0.8972222222222223 0 0.8972222222222223 0 0.8777777777777778 0.0375 0.8666666666666667 0.053125 0.8583333333333333 0.0578125 0.8527777777777777 0.084375 0.8472222222222222 0.1 0.8361111111111111 0.1015625 0.8305555555555556 0.1046875 0.8333333333333334 0.1234375 0.825 0.15 0.825
0 0.7078125 0.8194444444444444 0.7203125 0.8166666666666667 0.7265625 0.8222222222222222 0.7328125 0.8222222222222222 0.75625 0.8333333333333334 0.7640625 0.8527777777777777 0.7734375 0.8638888888888889 0.78125 0.8638888888888889 0.7828125 0.8666666666666667 0.8125 0.8638888888888889 0.8140625 0.8666666666666667 0.834375 0.8694444444444445 0.8421875 0.8805555555555555 0.85 0.8805555555555555 0.8546875 0.8861111111111111 0.8703125 0.8916666666666667 0.8859375 0.9027777777777778 0.903125 0.9055555555555556 0.9171875 0.9194444444444444 0.9296875 0.925 0.934375 0.9305555555555556 0.9546875 0.9388888888888889 0.959375 0.9444444444444444 0.9671875 0.9472222222222222 0.975 0.9555555555555556 0.98125 0.9555555555555556 0.9859375 0.9611111111111111 0.984375 0.9638888888888889 0.934375 0.9638888888888889 0.9328125 0.9611111111111111 0.925 0.9611111111111111 0.884375 0.9333333333333333 0.871875 0.9305555555555556 0.86875 0.925 0.8609375 0.9222222222222223 0.85625 0.9166666666666666 0.85 0.9166666666666666 0.840625 0.9083333333333333 0.834375 0.9083333333333333 0.828125 0.9 0.8234375 0.9 0.809375 0.8861111111111111 0.803125 0.8861111111111111 0.7875 0.875 0.775 0.875 0.771875 0.8638888888888889 0.759375 0.8611111111111112 0.75625 0.8555555555555555 0.7484375 0.85 0.746875 0.8444444444444444 0.7421875 0.8444444444444444 0.7375 0.8388888888888889 0.7125 0.8277777777777777 0.7078125 0.8222222222222222
0 0.625 0.8222222222222222 0.6265625 0.8194444444444444 0.65 0.8194444444444444 0.6515625 0.8222222222222222 0.6578125 0.8222222222222222 0.6671875 0.8333333333333334 0.6796875 0.8388888888888889 0.71875 0.8722222222222222 0.7375 0.8833333333333333 0.7640625 0.9083333333333333 0.7859375 0.9222222222222223 0.8171875 0.95 0.81875 0.9555555555555556 0.7625 0.9555555555555556 0.7578125 0.9527777777777777 0.75 0.9416666666666667 0.7390625 0.9333333333333333 0.7171875 0.9083333333333333 0.665625 0.8611111111111112 0.659375 0.8583333333333333 0.6515625 0.8472222222222222 0.6265625 0.825
0 0.2640625 0.8722222222222222 0.2671875 0.875 0.2640625 0.8805555555555555 0.2546875 0.8805555555555555 0.2484375 0.8861111111111111 0.240625 0.8861111111111111 0.2375 0.8916666666666667 0.2328125 0.8916666666666667 0.2296875 0.8972222222222223 0.23125 0.9055555555555556 0.228125 0.9111111111111111 0.2234375 0.9138888888888889 0.20625 0.9361111111111111 0.19375 0.9388888888888889 0.184375 0.9444444444444444 0.18125 0.95 0.1640625 0.9583333333333334 0.1171875 0.9611111111111111 0.115625 0.9638888888888889 0.1078125 0.9611111111111111 0.1109375 0.9555555555555556 0.11875 0.9527777777777777 0.1296875 0.9416666666666667 0.134375 0.9416666666666667 0.159375 0.9222222222222223 0.1640625 0.9222222222222223 0.171875 0.9138888888888889 0.1765625 0.9138888888888889 0.18125 0.9083333333333333 0.190625 0.9083333333333333 0.1953125 0.9027777777777778 0.203125 0.9083333333333333 0.20625 0.9083333333333333 0.209375 0.9027777777777778 0.2171875 0.9027777777777778 0.21875 0.8972222222222223 0.2140625 0.8944444444444445 0.2125 0.8888888888888888 0.21875 0.8861111111111111 0.2265625 0.875 0.2328125 0.8722222222222222 0.2625 0.8722222222222222