0 0.334375 0.7444444444444445 0.334375 0.75 0.321875 0.7638888888888888 0.3125 0.7722222222222223 0.30625 0.7722222222222223 0.30625 0.7694444444444445 0.325 0.75 0.3328125 0.7472222222222222
0 0.746875 0.6944444444444444 0.759375 0.6944444444444444 0.8078125 0.7166666666666667 0.8265625 0.7194444444444444 0.8296875 0.725 0.834375 0.725 0.840625 0.7305555555555555 0.846875 0.7305555555555555 0.8484375 0.7333333333333333 0.8546875 0.7333333333333333 0.8796875 0.7444444444444445 0.88125 0.7472222222222222 0.878125 0.75 0.8703125 0.75 0.8578125 0.7416666666666667 0.8515625 0.7416666666666667 0.8234375 0.7277777777777777 0.8015625 0.7222222222222222 0.7890625 0.7138888888888889 0.7703125 0.7083333333333334 0.7625 0.7027777777777777 0.75625 0.7027777777777777 0.7484375 0.6972222222222222
0 0.8375 0.9222222222222223 0.8453125 0.9222222222222223 0.853125 0.9305555555555556 0.85625 0.9305555555555556 0.884375 0.9583333333333334 0.8890625 0.9666666666666667 0.8921875 0.9666666666666667 0.921875 0.9944444444444445 0.921875 0.9972222222222222 0.9046875 0.9972222222222222 0.890625 0.9805555555555555 0.84375 0.9361111111111111 0.8375 0.925
0 0.4828125 0.9472222222222222 0.49375 0.9472222222222222 0.49375 0.9583333333333334 0.4953125 0.9611111111111111 0.4953125 0.9916666666666667 0.49375 0.9972222222222222 0.4796875 0.9972222222222222 0.4828125 0.95
0 0.4296875 0.6861111111111111 0.4484375 0.6888888888888889 0.4390625 0.7055555555555556 0.4359375 0.7055555555555556 0.434375 0.7027777777777777 0.4359375 0.6972222222222222 0.43125 0.6944444444444444 0.4296875 0.6888888888888889
0 0.746875 0.6944444444444444 0.7671875 0.6972222222222222 0.8078125 0.7166666666666667 0.8515625 0.7194444444444444 0.8515625 0.7222222222222222 0.8421875 0.7222222222222222 0.840625 0.725 0.8453125 0.7305555555555555 0.8578125 0.7333333333333333 0.8640625 0.7388888888888889 0.8765625 0.7388888888888889 0.8828125 0.7472222222222222 0.8859375 0.7472222222222222 0.8828125 0.75 0.86875 0.75 0.85625 0.7416666666666667 0.85 0.7416666666666667 0.821875 0.7277777777777777 0.8140625 0.7277777777777777 0.7890625 0.7138888888888889 0.7625 0.7055555555555556 0.7484375 0.6972222222222222
0 0.2921875 0.7138888888888889 0.271875 0.7305555555555555 0.253125 0.7361111111111112 0.2359375 0.75 0.2296875 0.75 0.221875 0.7583333333333333 0.2046875 0.7666666666666667 0.190625 0.7777777777777778 0.1765625 0.7833333333333333 0.16875 0.7916666666666666 0.134375 0.8111111111111111 0.109375 0.8305555555555556 0.0953125 0.8361111111111111 0.0765625 0.85 0.0671875 0.8527777777777777 0.05 0.8666666666666667 0.0453125 0.8666666666666667 0.0328125 0.8805555555555555 0.015625 0.8888888888888888 0.0015625 0.9 0 0.9 0 0.8888888888888888 0.028125 0.875 0.0359375 0.8638888888888889 0.046875 0.8555555555555555 0.0671875 0.8472222222222222 0.09375 0.8277777777777777 0.1078125 0.8222222222222222 0.115625 0.8138888888888889 0.1375 0.8027777777777778 0.1421875 0.7972222222222223 0.146875 0.7972222222222223 0.1890625 0.7666666666666667 0.196875 0.7666666666666667 0.2046875 0.7583333333333333 0.209375 0.7583333333333333 0.2171875 0.75 0.221875 0.75 0.2375 0.7361111111111112 0.2453125 0.7361111111111112 0.2546875 0.7277777777777777 0.265625 0.7277777777777777 0.2796875 0.7166666666666667 0.290625 0.7138888888888889
0 0.4984375 0.6833333333333333 0.5015625 0.6833333333333333 0.5015625 0.6944444444444444 0.5 0.6972222222222222 0.4984375 0.6861111111111111
0 0.5015625 0.6583333333333333 0.503125 0.6638888888888889 0.5015625 0.6722222222222223 0.4984375 0.6666666666666666 0.5 0.6611111111111111
0 0.334375 0.7 0.3390625 0.6972222222222222 0.35625 0.6972222222222222 0.35 0.7083333333333334 0.3390625 0.7166666666666667 0.3328125 0.7138888888888889 0.334375 0.7027777777777777
0 0.590625 0.6777777777777778 0.5953125 0.6777777777777778 0.6015625 0.6861111111111111 0.6015625 0.6888888888888889 0.5984375 0.6888888888888889 0.590625 0.6805555555555556
0 0.80625 0.6833333333333333 0.8078125 0.6861111111111111 0.8265625 0.6888888888888889 0.834375 0.6944444444444444 0.8484375 0.6944444444444444 0.85 0.6972222222222222 0.8578125 0.6944444444444444 0.859375 0.6916666666666667 0.8578125 0.6888888888888889 0.865625 0.6888888888888889 0.86875 0.6916666666666667 0.86875 0.6972222222222222 0.8609375 0.7111111111111111 0.8515625 0.7055555555555556 0.8359375 0.7027777777777777 0.834375 0.7 0.8234375 0.7 0.821875 0.6972222222222222 0.7984375 0.6916666666666667 0.79375 0.6861111111111111 0.8046875 0.6833333333333333
0 0.6359375 0.7222222222222222 0.6484375 0.7305555555555555 0.6625 0.7472222222222222 0.6625 0.75 0.6578125 0.75 0.640625 0.7333333333333333 0.6359375 0.725
0 0.4984375 0.7277777777777777 0.5015625 0.7305555555555555 0.5 0.7555555555555555 0.4984375 0.7583333333333333 0.4953125 0.7555555555555555 0.4953125 0.7333333333333333 0.496875 0.7305555555555555
0 0.628125 0.6777777777777778 0.6296875 0.675 0.64375 0.675 0.6484375 0.6777777777777778 0.653125 0.6861111111111111 0.659375 0.6888888888888889 0.6609375 0.6916666666666667 0.653125 0.6916666666666667 0.6421875 0.6833333333333333 0.6296875 0.6805555555555556