0 0.234375 0.9694444444444444 0.2359375 0.9722222222222222 0.2359375 0.9833333333333333 0.2328125 0.9972222222222222 0.2015625 0.9972222222222222 0.2046875 0.9916666666666667 0.215625 0.9861111111111112 0.2328125 0.9694444444444444
0 0.396875 0.9083333333333333 0.396875 0.9 0.409375 0.8583333333333333 0.4109375 0.8444444444444444 0.4171875 0.825 0.4171875 0.8194444444444444 0.4265625 0.7888888888888889 0.43125 0.7805555555555556 0.4546875 0.7805555555555556 0.45625 0.7833333333333333 0.4546875 0.9027777777777778 0.453125 0.9083333333333333 0.3984375 0.9083333333333333
0 0.0140625 0.9972222222222222 0.0421875 0.975 0.046875 0.975 0.046875 0.9777777777777777 0.0359375 0.9972222222222222 0.015625 0.9972222222222222
0 0.06875 0.7916666666666666 0.071875 0.7944444444444444 0.071875 0.8 0.06875 0.8027777777777778 0.059375 0.8083333333333333 0.053125 0.8083333333333333 0.0359375 0.8194444444444444 0.028125 0.8194444444444444 0.0046875 0.8305555555555556 0 0.8305555555555556 0 0.8111111111111111 0.003125 0.8083333333333333 0.0265625 0.8027777777777778 0.0328125 0.7972222222222223 0.0390625 0.7972222222222223 0.046875 0.7916666666666666 0.0671875 0.7916666666666666
0 0.234375 0.9694444444444444 0.2359375 0.9777777777777777 0.234375 0.9805555555555555 0.234375 0.9916666666666667 0.23125 0.9972222222222222 0.2015625 0.9972222222222222 0.2046875 0.9916666666666667 0.215625 0.9861111111111112 0.2328125 0.9694444444444444
0 0.296875 0.7805555555555556 0.2984375 0.7833333333333333 0.296875 0.7861111111111111 0.2890625 0.7916666666666666 0.2859375 0.7972222222222223 0.2609375 0.8194444444444444 0.2421875 0.8305555555555556 0.2 0.8694444444444445 0.171875 0.8888888888888888 0.1578125 0.9027777777777778 0.1421875 0.9055555555555556 0.140625 0.9083333333333333 0.0953125 0.9083333333333333 0.0984375 0.9027777777777778 0.1234375 0.8888888888888888 0.1390625 0.875 0.153125 0.8694444444444445 0.178125 0.85 0.1859375 0.8472222222222222 0.2671875 0.7861111111111111 0.2953125 0.7805555555555556
0 0.403125 0.9972222222222222 0.4125 0.9777777777777777 0.4171875 0.9777777777777777 0.4234375 0.9916666666666667 0.4234375 0.9972222222222222 0.4046875 0.9972222222222222
0 0.2453125 0.9055555555555556 0.246875 0.9 0.2546875 0.8944444444444445 0.2640625 0.8805555555555555 0.26875 0.8777777777777778 0.321875 0.8138888888888889 0.3328125 0.8055555555555556 0.353125 0.7805555555555556 0.3796875 0.7805555555555556 0.3796875 0.7833333333333333 0.30625 0.9 0.3 0.9055555555555556 0.246875 0.9055555555555556
0 0.1390625 0.7916666666666666 0.1421875 0.7916666666666666 0.1390625 0.7944444444444444 0.11875 0.8 0.1 0.8111111111111111 0.08125 0.8166666666666667 0.0046875 0.8527777777777777 0 0.8527777777777777 0 0.8388888888888889 0.003125 0.8361111111111111 0.05625 0.8166666666666667 0.0703125 0.8055555555555556 0.0765625 0.8055555555555556 0.0953125 0.7944444444444444 0.1375 0.7916666666666666
0 0.215625 0.7861111111111111 0.215625 0.7888888888888889 0.2078125 0.7916666666666666 0.203125 0.7972222222222223 0.1234375 0.8444444444444444 0.1125 0.8472222222222222 0.103125 0.8555555555555555 0.0984375 0.8555555555555555 0.0828125 0.8666666666666667 0.078125 0.8666666666666667 0.0625 0.8777777777777778 0.0578125 0.8777777777777778 0.0328125 0.8944444444444445 0.0265625 0.8944444444444445 0 0.9111111111111111 0 0.8861111111111111 0.0125 0.8777777777777778 0.0640625 0.8555555555555555 0.1 0.8333333333333334 0.10625 0.8333333333333334 0.125 0.8222222222222222 0.1359375 0.8194444444444444 0.178125 0.7944444444444444 0.190625 0.7888888888888889 0.1984375 0.7888888888888889 0.2 0.7861111111111111 0.2140625 0.7861111111111111
0 0 0.8833333333333333 0.015625 0.8777777777777778 0.0375 0.8638888888888889 0.0453125 0.8638888888888889 0.06875 0.85 0.0796875 0.8472222222222222 0.09375 0.8361111111111111 0.10625 0.8333333333333334 0.121875 0.8222222222222222 0.134375 0.8194444444444444 0.1484375 0.8083333333333333 0.1609375 0.8055555555555556 0.178125 0.7944444444444444 0.190625 0.7888888888888889 0.1984375 0.7888888888888889 0.2 0.7861111111111111 0.2171875 0.7861111111111111 0.2171875 0.7888888888888889 0.190625 0.8027777777777778 0.1875 0.8083333333333333 0.178125 0.8111111111111111 0.1734375 0.8166666666666667 0.16875 0.8166666666666667 0.15 0.8305555555555556 0.14375 0.8305555555555556 0.1234375 0.8444444444444444 0.11875 0.8444444444444444 0.09375 0.8611111111111112 0.06875 0.8722222222222222 0.0640625 0.8777777777777778 0.0546875 0.8805555555555555 0.0390625 0.8916666666666667 0.021875 0.8972222222222223 0.0015625 0.9111111111111111 0 0.9111111111111111 0 0.8861111111111111
0 0.5796875 0.7888888888888889 0.6046875 0.7888888888888889 0.6265625 0.8138888888888889 0.6453125 0.8277777777777777 0.6640625 0.85 0.6796875 0.8611111111111112 0.7296875 0.9138888888888889 0.7296875 0.9166666666666666 0.721875 0.9166666666666666 0.7203125 0.9194444444444444 0.7046875 0.9194444444444444 0.703125 0.9166666666666666 0.6890625 0.9194444444444444 0.6875 0.9166666666666666 0.6734375 0.9138888888888889 0.65 0.8861111111111111 0.6203125 0.8444444444444444 0.5984375 0.8194444444444444 0.5796875 0.7916666666666666
0 0.5046875 0.7833333333333333 0.528125 0.7833333333333333 0.5328125 0.7861111111111111 0.6015625 0.9083333333333333 0.5984375 0.9138888888888889 0.546875 0.9111111111111111 0.5421875 0.9027777777777778 0.525 0.8444444444444444 0.5046875 0.7916666666666666 0.5046875 0.7861111111111111
0 0.403125 0.9972222222222222 0.4125 0.9777777777777777 0.4171875 0.9777777777777777 0.4203125 0.9833333333333333 0.4234375 0.9972222222222222 0.4046875 0.9972222222222222