0 0.8671875 0.725 0.878125 0.725 0.8875 0.7305555555555555 0.9140625 0.7361111111111112 0.915625 0.7388888888888889 0.921875 0.7388888888888889 0.93125 0.7444444444444445 0.940625 0.7444444444444445 0.9421875 0.7472222222222222 0.940625 0.7527777777777778 0.934375 0.7583333333333333 0.9328125 0.7555555555555555 0.90625 0.75 0.896875 0.7444444444444445 0.88125 0.7416666666666667 0.875 0.7361111111111112 0.86875 0.7361111111111112 0.8671875 0.7277777777777777
0 0.815625 0.8472222222222222 0.821875 0.8472222222222222 0.834375 0.8583333333333333 0.8703125 0.8805555555555555 0.878125 0.8888888888888888 0.890625 0.8944444444444445 0.8984375 0.9027777777777778 0.925 0.9194444444444444 0.93125 0.9277777777777778 0.9234375 0.9305555555555556 0.9125 0.925 0.88125 0.9 0.86875 0.8944444444444445 0.8609375 0.8861111111111111 0.85625 0.8861111111111111 0.8453125 0.875 0.81875 0.8583333333333333 0.815625 0.85
0 0.815625 0.8472222222222222 0.821875 0.8472222222222222 0.8296875 0.8555555555555555 0.8421875 0.8611111111111112 0.846875 0.8666666666666667 0.928125 0.9222222222222223 0.93125 0.9277777777777778 0.9234375 0.9305555555555556 0.9125 0.925 0.8734375 0.8944444444444445 0.865625 0.8916666666666667 0.8375 0.8694444444444445 0.81875 0.8583333333333333 0.815625 0.8555555555555555 0.815625 0.85
0 0.271875 0.7666666666666667 0.01875 0.016666666666666666
0 0.2296875 0.9472222222222222 0.2375 0.9388888888888889 0.253125 0.9138888888888889 0.259375 0.9083333333333333 0.315625 0.825 0.403125 0.7083333333333334 0.4125 0.6916666666666667 0.421875 0.6805555555555556 0.425 0.6833333333333333 0.425 0.6944444444444444 0.4171875 0.6972222222222222 0.3875 0.7444444444444445 0.353125 0.7888888888888889 0.3140625 0.85 0.2421875 0.9527777777777777 0.2203125 0.9888888888888889 0.2125 0.9972222222222222 0.1984375 0.9972222222222222 0.1984375 0.9944444444444445 0.2296875 0.95
0 0.346875 0.6777777777777778 0.340625 0.6833333333333333 0.3265625 0.6888888888888889 0.321875 0.6944444444444444 0.3 0.7027777777777777 0.2875 0.7138888888888889 0.2765625 0.7166666666666667 0.2625 0.7277777777777777 0.246875 0.7333333333333333 0.2375 0.7416666666666667 0.2265625 0.7444444444444445 0.1859375 0.7694444444444445 0.18125 0.7694444444444445 0.1546875 0.7861111111111111 0.1390625 0.7916666666666666 0.0890625 0.8222222222222222 0.078125 0.825 0.0578125 0.8388888888888889 0.0515625 0.8388888888888889 0.0046875 0.8666666666666667 0 0.8666666666666667 0 0.8583333333333333 0.003125 0.8555555555555555 0.01875 0.85 0.04375 0.8333333333333334 0.05 0.8333333333333334 0.0546875 0.8277777777777777 0.0640625 0.825 0.0703125 0.8194444444444444 0.075 0.8194444444444444 0.0828125 0.8111111111111111 0.0796875 0.8083333333333333 0.0671875 0.8166666666666667 0.0609375 0.8166666666666667 0.05625 0.8222222222222222 0.0328125 0.8305555555555556 0.0265625 0.8361111111111111 0.0078125 0.8416666666666667 0.0015625 0.8472222222222222 0 0.8472222222222222 0 0.8388888888888889 0.003125 0.8361111111111111 0.071875 0.8055555555555556 0.0828125 0.7972222222222223 0.128125 0.7777777777777778 0.1390625 0.7694444444444445 0.1578125 0.7638888888888888 0.1796875 0.75 0.1921875 0.7472222222222222 0.209375 0.7361111111111112 0.221875 0.7333333333333333 0.271875 0.7055555555555556 0.2796875 0.7055555555555556 0.296875 0.6944444444444444 0.309375 0.6916666666666667 0.334375 0.6777777777777778 0.3453125 0.6777777777777778
0 0.1640625 0.7222222222222222 0.165625 0.7222222222222222 0.1640625 0.725 0.140625 0.7305555555555555 0.11875 0.7416666666666667 0.1078125 0.7416666666666667 0.10625 0.7388888888888889 0.109375 0.7361111111111112 0.1453125 0.725 0.146875 0.7222222222222222 0.1546875 0.7222222222222222 0.15625 0.7194444444444444 0.1625 0.7222222222222222
0 0.5421875 0.7305555555555555 0.6234375 0.875 0.640625 0.9083333333333333 0.6421875 0.9166666666666666 0.640625 0.9194444444444444 0.6328125 0.9166666666666666 0.615625 0.8861111111111111 0.596875 0.8472222222222222 0.5453125 0.7527777777777778 0.5390625 0.7388888888888889 0.5390625 0.7333333333333333 0.540625 0.7333333333333333
0 0.409375 0.7722222222222223 0.40625 0.7777777777777778 0.403125 0.7777777777777778 0.4 0.7888888888888889 0.3953125 0.7916666666666666 0.396875 0.8027777777777778 0.390625 0.8083333333333333 0.390625 0.8138888888888889 0.3875 0.8222222222222222 0.3828125 0.8138888888888889 0.378125 0.8194444444444444 0.3765625 0.8305555555555556 0.3828125 0.8333333333333334 0.375 0.8305555555555556 0.3671875 0.8444444444444444 0.3578125 0.8694444444444445 0.346875 0.8888888888888888 0.3453125 0.8972222222222223 0.334375 0.9166666666666666 0.3328125 0.9222222222222223 0.3390625 0.9277777777777778 0.3390625 0.9305555555555556 0.334375 0.9333333333333333 0.328125 0.9444444444444444 0.33125 0.9527777777777777 0.3328125 0.95 0.334375 0.9527777777777777 0.33125 0.9611111111111111 0.33125 0.9666666666666667 0.3234375 0.9805555555555555 0.3265625 0.9694444444444444 0.3265625 0.9638888888888889 0.3234375 0.9583333333333334 0.3078125 0.9805555555555555 0.303125 0.9916666666666667 0.296875 0.9972222222222222 0.271875 0.9972222222222222 0.3234375 0.8916666666666667 0.4171875 0.7138888888888889 0.421875 0.7111111111111111 0.4296875 0.6944444444444444 0.43125 0.6944444444444444 0.43125 0.7 0.425 0.7277777777777777 0.415625 0.7416666666666667 0.4125 0.7555555555555555 0.40625 0.7666666666666667 0.4078125 0.7694444444444445
0 0.1859375 0.8305555555555556 0.1859375 0.8361111111111111 0.1484375 0.8638888888888889 0.14375 0.8638888888888889 0.1421875 0.8611111111111112 0.14375 0.8555555555555555 0.1671875 0.8361111111111111 0.1765625 0.8305555555555556 0.184375 0.8305555555555556
0 0.86875 0.7833333333333333 0.90625 0.8 0.9078125 0.8027777777777778 0.90625 0.8055555555555556 0.8953125 0.8055555555555556 0.89375 0.8027777777777778 0.8875 0.8027777777777778 0.8625 0.7916666666666666 0.8578125 0.7888888888888889 0.8578125 0.7861111111111111 0.859375 0.7833333333333333 0.8671875 0.7833333333333333