0 0.40625 0.7611111111111111 0.3953125 0.7805555555555556 0.3765625 0.8 0.3734375 0.7944444444444444 0.378125 0.7861111111111111 0.390625 0.775 0.3984375 0.7638888888888888 0.4046875 0.7611111111111111
0 0.5125 0.7222222222222222 0.5203125 0.7277777777777777 0.53125 0.7444444444444445 0.53125 0.7472222222222222 0.5234375 0.7444444444444445 0.5125 0.725
0 0.271875 0.75 0.2546875 0.7638888888888888 0.2359375 0.7722222222222223 0.2296875 0.7722222222222223 0.228125 0.775 0.221875 0.775 0.2140625 0.7805555555555556 0.2078125 0.7805555555555556 0.1859375 0.7916666666666666 0.1765625 0.7916666666666666 0.175 0.7888888888888889 0.178125 0.7861111111111111 0.2703125 0.75
0 0.025 0.8472222222222222 0.025 0.8527777777777777 0.021875 0.8555555555555555 0.009375 0.8583333333333333 0.0078125 0.8611111111111112 0 0.8611111111111112 0 0.8527777777777777 0.0234375 0.8472222222222222
0 0.61875 0.8722222222222222 0.6234375 0.8694444444444445 0.64375 0.8916666666666667 0.7234375 0.9972222222222222 0.7046875 0.9972222222222222 0.7 0.9944444444444445 0.6828125 0.9638888888888889 0.6578125 0.9333333333333333 0.6484375 0.9166666666666666 0.6421875 0.9111111111111111 0.61875 0.875
0 0.0578125 0.7333333333333333 0.0640625 0.7361111111111112 0.065625 0.7416666666666667 0.0046875 0.75 0.0015625 0.7583333333333333 0 0.7583333333333333 0 0.7416666666666667 0.003125 0.7388888888888889 0.05625 0.7333333333333333
0 0.4484375 0.7111111111111111 0.4359375 0.7305555555555555 0.425 0.7416666666666667 0.421875 0.7416666666666667 0.421875 0.7361111111111112 0.425 0.7305555555555555 0.4296875 0.7277777777777777 0.4375 0.7166666666666667 0.446875 0.7111111111111111
0 0.1 0.7611111111111111 0.1015625 0.7555555555555555 0.10625 0.7527777777777778 0.11875 0.7527777777777778 0.1203125 0.75 0.175 0.75 0.1765625 0.7527777777777778 0.175 0.7555555555555555 0.16875 0.7555555555555555 0.1671875 0.7583333333333333 0.14375 0.7583333333333333 0.1421875 0.7611111111111111 0.1015625 0.7611111111111111
0 0.5421875 0.7638888888888888 0.55 0.7694444444444445 0.5671875 0.7916666666666666 0.5671875 0.7972222222222223 0.5640625 0.8 0.5609375 0.7972222222222223 0.546875 0.7777777777777778 0.5421875 0.7666666666666667
0 0.328125 0.7305555555555555 0.325 0.7361111111111112 0.3171875 0.7361111111111112 0.3046875 0.7416666666666667 0.3 0.7472222222222222 0.278125 0.75 0.25 0.7666666666666667 0.221875 0.775 0.1859375 0.7916666666666666 0.1765625 0.7916666666666666 0.175 0.7888888888888889 0.1953125 0.7805555555555556 0.2015625 0.775 0.2171875 0.7722222222222223 0.2375 0.7611111111111111 0.2515625 0.7583333333333333 0.275 0.7444444444444445 0.2859375 0.7444444444444445 0.315625 0.7305555555555555 0.3265625 0.7305555555555555
0 0.3234375 0.8638888888888889 0.3203125 0.8722222222222222 0.309375 0.8833333333333333 0.2890625 0.9111111111111111 0.284375 0.9138888888888889 0.271875 0.9333333333333333 0.2671875 0.9361111111111111 0.2359375 0.9777777777777777 0.2171875 0.9972222222222222 0.1953125 0.9972222222222222 0.1984375 0.9888888888888889 0.2171875 0.9722222222222222 0.2515625 0.9305555555555556 0.3078125 0.8694444444444445 0.31875 0.8611111111111112 0.321875 0.8638888888888889