0 0.434375 0.6666666666666666 0.4359375 0.6694444444444444 0.434375 0.675 0.428125 0.6777777777777778 0.4328125 0.6694444444444444
0 0.4296875 0.6333333333333333 0.425 0.6388888888888888 0.421875 0.6361111111111111 0.428125 0.6333333333333333
0 0.7671875 0.7805555555555556 0.771875 0.7805555555555556 0.7859375 0.7916666666666666 0.7921875 0.7916666666666666 0.796875 0.8 0.809375 0.8055555555555556 0.81875 0.8166666666666667 0.825 0.8166666666666667 0.84375 0.8305555555555556 0.8609375 0.8361111111111111 0.86875 0.8444444444444444 0.890625 0.8555555555555555 0.903125 0.8666666666666667 0.903125 0.8722222222222222 0.896875 0.8722222222222222 0.8734375 0.8583333333333333 0.8609375 0.8472222222222222 0.85625 0.8472222222222222 0.8515625 0.8416666666666667 0.8328125 0.8305555555555556 0.821875 0.8277777777777777 0.8140625 0.8194444444444444 0.7875 0.8055555555555556 0.7734375 0.7916666666666666 0.7703125 0.7916666666666666 0.7671875 0.7833333333333333
0 0.5359375 0.7027777777777777 0.5421875 0.7083333333333334 0.5484375 0.725 0.5421875 0.725 0.534375 0.7055555555555556
0 0.4078125 0.7194444444444444 0.4140625 0.7027777777777777 0.41875 0.7027777777777777 0.4171875 0.7138888888888889 0.409375 0.7222222222222222
0 0.6015625 0.6777777777777778 0.6140625 0.6805555555555556 0.6171875 0.6861111111111111 0.6109375 0.6861111111111111 0.60625 0.6805555555555556 0.603125 0.6805555555555556
0 0 0.8694444444444445 0.0375 0.8472222222222222 0.0421875 0.8472222222222222 0.0859375 0.8194444444444444 0.1109375 0.8083333333333333 0.1453125 0.7861111111111111 0.1515625 0.7861111111111111 0.159375 0.7777777777777778 0.1640625 0.7777777777777778 0.175 0.7694444444444445 0.18125 0.7694444444444445 0.1921875 0.7583333333333333 0.203125 0.7555555555555555 0.225 0.7388888888888889 0.2546875 0.7222222222222222 0.259375 0.7222222222222222 0.2671875 0.7138888888888889 0.3109375 0.6888888888888889 0.3203125 0.6805555555555556 0.3359375 0.675 0.34375 0.6666666666666666 0.35625 0.6611111111111111 0.365625 0.6527777777777778 0.38125 0.65 0.3859375 0.6444444444444445 0.396875 0.6416666666666667 0.3921875 0.6416666666666667 0.3859375 0.65 0.3015625 0.7 0.2890625 0.7111111111111111 0.2546875 0.7305555555555555 0.25 0.7361111111111112 0.2359375 0.7416666666666667 0.23125 0.7472222222222222 0.1875 0.7722222222222223 0.1828125 0.7777777777777778 0.1765625 0.7777777777777778 0.159375 0.7916666666666666 0.153125 0.7916666666666666 0.1140625 0.8166666666666667 0.0984375 0.8222222222222222 0.0890625 0.8305555555555556 0.0421875 0.8555555555555555 0 0.8833333333333333 0 0.8722222222222222
0 0.515625 0.6722222222222223 0.5203125 0.6722222222222223 0.5234375 0.6777777777777778 0.521875 0.6833333333333333 0.515625 0.675
0 0.4828125 0.6083333333333333 0.5015625 0.6388888888888888 0.5078125 0.6527777777777778 0.5078125 0.6583333333333333 0.48125 0.6111111111111112
0 0.5796875 0.7861111111111111 0.5859375 0.7861111111111111 0.590625 0.7916666666666666 0.60625 0.8194444444444444 0.6203125 0.8388888888888889 0.6265625 0.8527777777777777 0.621875 0.8583333333333333 0.6171875 0.8555555555555555 0.5796875 0.7888888888888889
0 0.340625 0.8416666666666667 0.371875 0.7861111111111111 0.3796875 0.7861111111111111 0.3796875 0.7944444444444444 0.35625 0.8416666666666667 0.353125 0.8444444444444444 0.3421875 0.8444444444444444
0 0.653125 0.7083333333333334 0.6625 0.7111111111111111 0.6828125 0.7277777777777777 0.6828125 0.7305555555555555 0.6765625 0.7305555555555555 0.653125 0.7111111111111111