0 0.4875 0.75 0.4953125 0.7527777777777778 0.4953125 0.7583333333333333 0.490625 0.7583333333333333 0.4875 0.7527777777777778
0 0.596875 0.7583333333333333 0.6125 0.7611111111111111 0.6671875 0.7944444444444444 0.675 0.7944444444444444 0.68125 0.8 0.69375 0.8027777777777778 0.6984375 0.8111111111111111 0.709375 0.8194444444444444 0.71875 0.8222222222222222 0.7234375 0.8277777777777777 0.7640625 0.85 0.76875 0.8555555555555555 0.7734375 0.8555555555555555 0.7921875 0.8694444444444445 0.8140625 0.8805555555555555 0.8359375 0.8972222222222223 0.8515625 0.9027777777777778 0.865625 0.9138888888888889 0.875 0.9166666666666666 0.884375 0.925 0.9015625 0.9333333333333333 0.90625 0.9388888888888889 0.9109375 0.9388888888888889 0.9296875 0.95 0.934375 0.9555555555555556 0.9390625 0.9555555555555556 0.971875 0.975 0.9765625 0.9805555555555555 0.9984375 0.9916666666666667 0.9984375 0.9972222222222222 0.978125 0.9972222222222222 0.971875 0.9944444444444445 0.9671875 0.9888888888888889 0.95625 0.9833333333333333 0.95 0.975 0.9328125 0.9666666666666667 0.928125 0.9611111111111111 0.91875 0.9583333333333334 0.909375 0.95 0.86875 0.9277777777777778 0.85625 0.9166666666666666 0.8453125 0.9138888888888889 0.840625 0.9083333333333333 0.81875 0.8972222222222223 0.8140625 0.8916666666666667 0.8 0.8861111111111111 0.7890625 0.875 0.784375 0.875 0.7796875 0.8694444444444445 0.74375 0.85 0.7390625 0.8444444444444444 0.7296875 0.8416666666666667 0.703125 0.8222222222222222 0.665625 0.8027777777777778 0.64375 0.7861111111111111 0.6171875 0.775 0.5984375 0.7611111111111111
0 0.5015625 0.7666666666666667 0.5078125 0.7666666666666667 0.5125 0.775 0.5046875 0.775 0.5015625 0.7694444444444445
0 0.1203125 0.7777777777777778 0.1171875 0.7833333333333333 0.1046875 0.7888888888888889 0.096875 0.7888888888888889 0.0671875 0.8027777777777778 0.059375 0.8027777777777778 0.0578125 0.8055555555555556 0.0359375 0.8111111111111111 0.028125 0.8166666666666667 0.0109375 0.8194444444444444 0.0015625 0.825 0 0.825 0 0.8166666666666667 0.009375 0.8111111111111111 0.034375 0.8055555555555556 0.0484375 0.7972222222222223 0.08125 0.7888888888888889 0.0875 0.7833333333333333 0.11875 0.7777777777777778
0 0.5984375 0.7583333333333333 0.6171875 0.7638888888888888 0.621875 0.7694444444444445 0.6265625 0.7694444444444445 0.65625 0.7888888888888889 0.6609375 0.7888888888888889 0.665625 0.7944444444444444 0.69375 0.8055555555555556 0.7015625 0.8138888888888889 0.71875 0.8222222222222222 0.7234375 0.8277777777777777 0.7828125 0.8611111111111112 0.7875 0.8666666666666667 0.8140625 0.8805555555555555 0.8359375 0.8972222222222223 0.8515625 0.9027777777777778 0.865625 0.9138888888888889 0.8703125 0.9138888888888889 0.8796875 0.9222222222222223 0.925 0.9472222222222222 0.9296875 0.9527777777777777 0.9390625 0.9555555555555556 0.953125 0.9666666666666667 0.971875 0.975 0.9984375 0.9944444444444445 0.9984375 0.9972222222222222 0.978125 0.9972222222222222 0.971875 0.9944444444444445 0.9671875 0.9888888888888889 0.95625 0.9833333333333333 0.95 0.975 0.9328125 0.9666666666666667 0.928125 0.9611111111111111 0.91875 0.9583333333333334 0.9046875 0.9472222222222222 0.86875 0.9277777777777778 0.8640625 0.9222222222222223 0.840625 0.9111111111111111 0.8140625 0.8916666666666667 0.8 0.8861111111111111 0.7796875 0.8694444444444445 0.775 0.8694444444444445 0.7703125 0.8638888888888889 0.75625 0.8583333333333333 0.74375 0.8472222222222222 0.7296875 0.8416666666666667 0.725 0.8361111111111111 0.703125 0.825 0.6984375 0.8194444444444444 0.69375 0.8194444444444444 0.6796875 0.8083333333333333 0.6703125 0.8055555555555556 0.665625 0.8 0.6484375 0.7916666666666666 0.64375 0.7861111111111111 0.6234375 0.7777777777777778 0.5984375 0.7611111111111111
0 0.3859375 0.7222222222222222 0.384375 0.7333333333333333 0.378125 0.7333333333333333 0.384375 0.7222222222222222
0 0.30625 0.8166666666666667 0.3046875 0.825 0.271875 0.8638888888888889 0.253125 0.8805555555555555 0.2484375 0.8888888888888888 0.2109375 0.9277777777777778 0.20625 0.9361111111111111 0.184375 0.9555555555555556 0.1703125 0.9555555555555556 0.171875 0.95 0.1921875 0.9277777777777778 0.203125 0.9194444444444444 0.2296875 0.8888888888888888 0.259375 0.8611111111111112 0.29375 0.8222222222222222 0.3 0.8166666666666667 0.3046875 0.8166666666666667
0 0.525 0.7916666666666666 0.540625 0.8055555555555556 0.540625 0.8111111111111111 0.5359375 0.8111111111111111 0.5265625 0.8027777777777778 0.5234375 0.7944444444444444
0 0.578125 0.85 0.5984375 0.8722222222222222 0.6046875 0.8833333333333333 0.603125 0.8861111111111111 0.5953125 0.8861111111111111 0.5796875 0.8694444444444445 0.5671875 0.85 0.56875 0.8444444444444444 0.5765625 0.85
0 0.5703125 0.8444444444444444 0.584375 0.8555555555555555 0.5984375 0.8722222222222222 0.603125 0.8805555555555555 0.603125 0.8861111111111111 0.5953125 0.8861111111111111 0.584375 0.875 0.571875 0.8583333333333333 0.5671875 0.85 0.56875 0.8472222222222222
0 0.478125 0.7361111111111112 0.48125 0.7361111111111112 0.484375 0.7416666666666667 0.4796875 0.7444444444444445 0.478125 0.7388888888888889
0 0.346875 0.7722222222222223 0.3515625 0.7611111111111111 0.365625 0.7472222222222222 0.3703125 0.7472222222222222 0.3671875 0.7555555555555555 0.353125 0.7722222222222223 0.3484375 0.7722222222222223
0 0.30625 0.8166666666666667 0.3046875 0.825 0.290625 0.8388888888888889 0.271875 0.8638888888888889 0.253125 0.8805555555555555 0.2359375 0.9027777777777778 0.2109375 0.9277777777777778 0.20625 0.9361111111111111 0.184375 0.9555555555555556 0.16875 0.9555555555555556 0.171875 0.95 0.221875 0.9 0.2265625 0.8916666666666667 0.2515625 0.8694444444444445 0.29375 0.8222222222222222 0.3 0.8166666666666667 0.3046875 0.8166666666666667