0 0.66875 0.6944444444444444 0.6953125 0.7055555555555556 0.7046875 0.7138888888888889 0.7546875 0.7333333333333333 0.7640625 0.7416666666666667 0.7859375 0.75 0.8015625 0.7611111111111111 0.8078125 0.7611111111111111 0.8203125 0.7694444444444445 0.85625 0.7833333333333333 0.8640625 0.7916666666666666 0.9015625 0.8083333333333333 0.9078125 0.8083333333333333 0.91875 0.8166666666666667 0.9453125 0.8277777777777777 0.953125 0.8361111111111111 0.9640625 0.8388888888888889 0.9828125 0.85 0.9953125 0.8527777777777777 0.9953125 0.8666666666666667 0.978125 0.8611111111111112 0.971875 0.8555555555555555 0.9453125 0.8444444444444444 0.9375 0.8361111111111111 0.86875 0.8055555555555556 0.85 0.7916666666666666 0.775 0.7583333333333333 0.7625 0.7472222222222222 0.74375 0.7416666666666667 0.7140625 0.7222222222222222 0.7078125 0.7222222222222222 0.6890625 0.7111111111111111 0.678125 0.7083333333333334 0.675 0.7027777777777777 0.66875 0.7 0.66875 0.6972222222222222
0 0.0515625 0.7 0.05 0.6972222222222222 0.04375 0.6972222222222222 0.0421875 0.7 0.003125 0.7083333333333334 0.0015625 0.7111111111111111 0 0.7111111111111111 0 0.7027777777777777 0.0078125 0.7027777777777777 0.0265625 0.6944444444444444 0.071875 0.6888888888888889 0.0734375 0.6861111111111111 0.08125 0.6861111111111111 0.08125 0.6888888888888889 0.0765625 0.6916666666666667 0.053125 0.6972222222222222
0 0.41875 0.6611111111111111 0.41875 0.6666666666666666 0.409375 0.675 0.4 0.6916666666666667 0.3515625 0.7527777777777778 0.3234375 0.7944444444444444 0.30625 0.8111111111111111 0.2921875 0.8333333333333334 0.2671875 0.8638888888888889 0.259375 0.8777777777777778 0.23125 0.9111111111111111 0.215625 0.9361111111111111 0.2125 0.9361111111111111 0.2078125 0.9416666666666667 0.18125 0.9805555555555555 0.1734375 0.9888888888888889 0.1578125 0.9888888888888889 0.1578125 0.9861111111111112 0.2046875 0.9222222222222223 0.2078125 0.9222222222222223 0.2296875 0.8916666666666667 0.2328125 0.8916666666666667 0.240625 0.8833333333333333 0.2609375 0.8527777777777777 0.2765625 0.8361111111111111 0.2984375 0.8055555555555556 0.33125 0.7694444444444445 0.3546875 0.7361111111111112 0.375 0.7138888888888889 0.4078125 0.6666666666666666 0.4171875 0.6638888888888889
0 0.5125 0.6916666666666667 0.515625 0.6916666666666667 0.521875 0.7027777777777777 0.521875 0.7055555555555556 0.51875 0.7055555555555556 0.5125 0.6944444444444444
0 0.1546875 0.8138888888888889 0.15625 0.8166666666666667 0.153125 0.8222222222222222 0.140625 0.8305555555555556 0.1359375 0.8305555555555556 0.125 0.8416666666666667 0.109375 0.85 0.103125 0.8472222222222222 0.1078125 0.8388888888888889 0.1109375 0.8388888888888889 0.1390625 0.8166666666666667 0.1421875 0.8194444444444444 0.1484375 0.8138888888888889 0.153125 0.8138888888888889
0 0 0.8 0.05 0.775 0.0546875 0.7777777777777778 0.0609375 0.7722222222222223 0.065625 0.7722222222222223 0.071875 0.7666666666666667 0.09375 0.7583333333333333 0.10625 0.75 0.11875 0.7472222222222222 0.1359375 0.7361111111111112 0.14375 0.7361111111111112 0.1625 0.725 0.1703125 0.725 0.1765625 0.7194444444444444 0.18125 0.7194444444444444 0.1875 0.7138888888888889 0.2046875 0.7083333333333334 0.2296875 0.6944444444444444 0.2375 0.6944444444444444 0.253125 0.6861111111111111 0.259375 0.6861111111111111 0.2828125 0.6722222222222223 0.2859375 0.675 0.2859375 0.6861111111111111 0.2828125 0.6888888888888889 0.2765625 0.6888888888888889 0.265625 0.6972222222222222 0.2484375 0.7027777777777777 0.2328125 0.7138888888888889 0.2234375 0.7138888888888889 0.21875 0.7194444444444444 0.196875 0.7277777777777777 0.14375 0.7583333333333333 0.134375 0.7583333333333333 0.1234375 0.7666666666666667 0.090625 0.7805555555555556 0.075 0.7916666666666666 0.0640625 0.7944444444444444 0.0515625 0.8027777777777778 0.0375 0.8055555555555556 0.00625 0.825 0 0.8277777777777777 0 0.8166666666666667 0.015625 0.8111111111111111 0.0203125 0.8055555555555556 0.025 0.8055555555555556 0.0296875 0.8 0.034375 0.8 0.040625 0.7944444444444444 0.046875 0.7944444444444444 0.05 0.7888888888888889 0.0484375 0.7861111111111111 0.0421875 0.7861111111111111 0.0375 0.7916666666666666 0.01875 0.8 0.0125 0.8 0.00625 0.8055555555555556 0 0.8055555555555556 0 0.8027777777777778
0 0.2578125 0.7444444444444445 0.2546875 0.75 0.2421875 0.7583333333333333 0.2375 0.7527777777777778 0.2484375 0.7444444444444445 0.25625 0.7444444444444445
0 0.184375 0.6861111111111111 0.1890625 0.6861111111111111 0.184375 0.6888888888888889 0.178125 0.6888888888888889 0.159375 0.7 0.1328125 0.7027777777777777 0.1203125 0.7111111111111111 0.1109375 0.7111111111111111 0.1 0.7166666666666667 0.0828125 0.7194444444444444 0.059375 0.7305555555555555 0.04375 0.7305555555555555 0.028125 0.7388888888888889 0.0015625 0.7444444444444445 0 0.7472222222222222 0 0.7388888888888889 0.0046875 0.7361111111111112 0.03125 0.7305555555555555 0.046875 0.7222222222222222 0.059375 0.7222222222222222 0.0609375 0.7194444444444444 0.078125 0.7166666666666667 0.0875 0.7111111111111111 0.1125 0.7055555555555556 0.1203125 0.7 0.13125 0.7 0.140625 0.6944444444444444 0.146875 0.6972222222222222 0.171875 0.6861111111111111 0.1828125 0.6861111111111111
0 0.684375 0.7638888888888888 0.690625 0.7638888888888888 0.7 0.7694444444444445 0.73125 0.7944444444444444 0.73125 0.7972222222222223 0.7234375 0.7972222222222223 0.71875 0.7916666666666666 0.6984375 0.7805555555555556 0.6859375 0.7666666666666667
0 0.546875 0.7555555555555555 0.5625 0.7833333333333333 0.5625 0.7888888888888889 0.55625 0.7888888888888889 0.546875 0.7722222222222223 0.5421875 0.7611111111111111 0.5421875 0.7555555555555555 0.5453125 0.7555555555555555
0 0.6 0.6972222222222222 0.6078125 0.7 0.621875 0.7111111111111111 0.621875 0.7138888888888889 0.615625 0.7138888888888889 0.6 0.7