0 0.0578125 0.6819444444444445 0.015625 0.041666666666666664
0 0.9296875 0.7944444444444444 0.940625 0.8 0.9296875 0.825 0.93125 0.8333333333333334 0.940625 0.8555555555555555 0.9390625 0.8638888888888889 0.9234375 0.8611111111111112 0.9171875 0.8555555555555555 0.9046875 0.825 0.90625 0.8166666666666667 0.9171875 0.7972222222222223 0.928125 0.7944444444444444
0 0.36875 0.8333333333333334 0.4109375 0.8472222222222222 0.41875 0.8527777777777777 0.4171875 0.8555555555555555 0.4078125 0.8555555555555555 0.3921875 0.8472222222222222 0.3859375 0.8472222222222222 0.36875 0.8361111111111111
0 0.453125 0.8694444444444445 0.4546875 0.8666666666666667 0.4625 0.8666666666666667 0.4984375 0.8833333333333333 0.5 0.8861111111111111 0.4984375 0.8888888888888888 0.4890625 0.8888888888888888 0.4765625 0.8805555555555555 0.4546875 0.8722222222222222
0 0.3375 0.7 0.340625 0.7055555555555556 0.3359375 0.7222222222222222 0.3375 0.7472222222222222 0.334375 0.75 0.328125 0.7472222222222222 0.3234375 0.7388888888888889 0.321875 0.7222222222222222 0.325 0.7111111111111111 0.33125 0.7 0.3359375 0.7
0 0.5203125 0.7555555555555555 0.025 0.05555555555555555
0 0.6609375 0.9611111111111111 0.7015625 0.9861111111111112 0.70625 0.9916666666666667 0.7046875 0.9944444444444445 0.6890625 0.9944444444444445 0.6796875 0.9861111111111112 0.6671875 0.9833333333333333 0.6578125 0.975 0.653125 0.975 0.653125 0.9666666666666667 0.659375 0.9638888888888889
0 0.1828125 0.6833333333333333 0.1859375 0.6861111111111111 0.1859375 0.6916666666666667 0.18125 0.7055555555555556 0.1828125 0.7222222222222222 0.178125 0.725 0.171875 0.7138888888888889 0.171875 0.7 0.18125 0.6833333333333333
0 0.625 0.7444444444444445 0.6265625 0.7472222222222222 0.6375 0.7444444444444445 0.646875 0.75 0.646875 0.7555555555555555 0.640625 0.7694444444444445 0.640625 0.7833333333333333 0.6453125 0.7916666666666666 0.646875 0.8027777777777778 0.6328125 0.8027777777777778 0.625 0.7916666666666666 0.621875 0.7805555555555556 0.621875 0.7666666666666667 0.615625 0.7555555555555555 0.61875 0.7444444444444445 0.6234375 0.7444444444444445
0 0.121875 0.6722222222222223 0.1234375 0.6777777777777778 0.1203125 0.6861111111111111 0.1203125 0.7138888888888889 0.1125 0.7138888888888889 0.109375 0.7027777777777777 0.109375 0.6888888888888889 0.1125 0.6777777777777778 0.115625 0.6722222222222223 0.1203125 0.6722222222222223
0 0.778125 0.7611111111111111 0.78125 0.7611111111111111 0.7828125 0.7694444444444445 0.7875 0.775 0.784375 0.7833333333333333 0.784375 0.7972222222222223 0.78125 0.8 0.78125 0.8111111111111111 0.7859375 0.8222222222222222 0.790625 0.8194444444444444 0.7921875 0.8305555555555556 0.790625 0.8333333333333334 0.778125 0.8333333333333334 0.775 0.8361111111111111 0.759375 0.8277777777777777 0.7578125 0.8194444444444444 0.7484375 0.8027777777777778 0.7515625 0.7888888888888889 0.7609375 0.7722222222222223 0.7671875 0.7666666666666667 0.7765625 0.7666666666666667 0.778125 0.7638888888888888
0 0.66875 0.9638888888888889 0.671875 0.9694444444444444 0.68125 0.9722222222222222 0.70625 0.9888888888888889 0.7078125 0.9944444444444445 0.7015625 0.9972222222222222 0.690625 0.9972222222222222 0.6796875 0.9888888888888889 0.675 0.9888888888888889 0.6703125 0.9833333333333333 0.6578125 0.9777777777777777 0.6484375 0.9777777777777777 0.65 0.9666666666666667 0.653125 0.9638888888888889 0.6578125 0.9611111111111111 0.665625 0.9611111111111111 0.6671875 0.9638888888888889
0 0.428125 0.7138888888888889 0.4296875 0.7222222222222222 0.425 0.7333333333333333 0.425 0.75 0.4265625 0.7527777777777778 0.425 0.7638888888888888 0.41875 0.7638888888888888 0.4125 0.7583333333333333 0.409375 0.7444444444444445 0.409375 0.7333333333333333 0.4171875 0.7138888888888889 0.4203125 0.7111111111111111 0.4265625 0.7138888888888889
0 0.2578125 0.6916666666666667 0.259375 0.6972222222222222 0.2546875 0.7111111111111111 0.2546875 0.725 0.25625 0.7277777777777777 0.2546875 0.7361111111111112 0.2453125 0.7333333333333333 0.2421875 0.7222222222222222 0.2421875 0.7111111111111111 0.2484375 0.6916666666666667 0.25625 0.6916666666666667
0 0.7828125 0.7722222222222223 0.7859375 0.7777777777777778 0.7828125 0.7888888888888889 0.7765625 0.8 0.7765625 0.8055555555555556 0.78125 0.8194444444444444 0.78125 0.8277777777777777 0.7765625 0.8333333333333334 0.7703125 0.8333333333333334 0.7625 0.8277777777777777 0.7578125 0.8194444444444444 0.7578125 0.8138888888888889 0.753125 0.8027777777777778 0.753125 0.7916666666666666 0.7640625 0.7722222222222223 0.78125 0.7722222222222223