0 0.8703125 0.7388888888888889 0.8765625 0.7388888888888889 0.8796875 0.7444444444444445 0.8859375 0.7472222222222222 0.8953125 0.7472222222222222 0.9015625 0.7555555555555555 0.91875 0.7611111111111111 0.921875 0.7666666666666667 0.928125 0.7666666666666667 0.9328125 0.7722222222222223 0.94375 0.775 0.946875 0.7805555555555556 0.965625 0.7888888888888889 0.9671875 0.7944444444444444 0.9859375 0.8 0.9890625 0.8055555555555556 0.9875 0.8194444444444444 0.9765625 0.8111111111111111 0.971875 0.8111111111111111 0.9640625 0.8027777777777778 0.959375 0.8027777777777778 0.95 0.7944444444444444 0.94375 0.7944444444444444 0.9375 0.7861111111111111 0.9234375 0.7805555555555556 0.9203125 0.775 0.9046875 0.7694444444444445 0.8984375 0.7611111111111111 0.89375 0.7611111111111111 0.88125 0.7527777777777778 0.875 0.7416666666666667 0.8703125 0.7416666666666667
0 0.1515625 0.7305555555555555 0.1546875 0.7277777777777777 0.165625 0.7277777777777777 0.1671875 0.725 0.18125 0.725 0.1859375 0.7305555555555555 0.1859375 0.7333333333333333 0.178125 0.7333333333333333 0.1765625 0.7361111111111112 0.1515625 0.7333333333333333
0 0.75 0.7805555555555556 0.7609375 0.7833333333333333 0.7796875 0.8111111111111111 0.778125 0.8166666666666667 0.7703125 0.8138888888888889 0.75 0.7833333333333333
0 0.4484375 0.7583333333333333 0.4390625 0.775 0.434375 0.7777777777777778 0.43125 0.7777777777777778 0.4328125 0.7694444444444445 0.4375 0.7666666666666667 0.4421875 0.7583333333333333 0.446875 0.7583333333333333
0 0.3328125 0.8166666666666667 0.3390625 0.825 0.35625 0.8166666666666667 0.3671875 0.8194444444444444 0.3671875 0.825 0.3609375 0.8333333333333334 0.3578125 0.8305555555555556 0.353125 0.8361111111111111 0.3390625 0.8388888888888889 0.3234375 0.8527777777777777 0.3 0.85 0.2984375 0.8472222222222222 0.303125 0.8361111111111111 0.33125 0.8166666666666667
0 0.4984375 0.7055555555555556 0.503125 0.6972222222222222 0.5109375 0.6972222222222222 0.5109375 0.7 0.50625 0.7 0.503125 0.7055555555555556 0.5 0.7055555555555556
0 0.934375 0.8527777777777777 0.9484375 0.8638888888888889 0.975 0.8694444444444445 0.984375 0.875 0.9859375 0.8777777777777778 0.984375 0.9083333333333333 0.9671875 0.9055555555555556 0.9609375 0.8972222222222223 0.953125 0.8944444444444445 0.9421875 0.8833333333333333 0.934375 0.8722222222222222 0.921875 0.8611111111111112 0.9203125 0.8555555555555555 0.921875 0.8527777777777777 0.9328125 0.8527777777777777
0 0.38125 0.8305555555555556 0.3734375 0.8444444444444444 0.36875 0.8472222222222222 0.359375 0.8611111111111112 0.35625 0.8611111111111112 0.3453125 0.8722222222222222 0.3390625 0.8722222222222222 0.3375 0.8694444444444445 0.346875 0.8555555555555555 0.353125 0.8527777777777777 0.35625 0.8472222222222222 0.3671875 0.8388888888888889 0.371875 0.8305555555555556 0.3796875 0.8305555555555556
0 0.246875 0.9 0.25 0.9027777777777778 0.2484375 0.9083333333333333 0.2453125 0.9083333333333333 0.2421875 0.9138888888888889 0.2328125 0.9194444444444444 0.2234375 0.9305555555555556 0.2203125 0.9305555555555556 0.21875 0.9333333333333333 0.2203125 0.9416666666666667 0.2171875 0.9472222222222222 0.190625 0.9611111111111111 0.171875 0.9583333333333334 0.178125 0.9444444444444444 0.1828125 0.9444444444444444 0.1953125 0.9361111111111111 0.203125 0.9361111111111111 0.225 0.9138888888888889 0.2453125 0.9
0 0.4125 0.8333333333333334 0.4140625 0.8277777777777777 0.4328125 0.8194444444444444 0.4390625 0.8305555555555556 0.4375 0.8361111111111111 0.4265625 0.8388888888888889 0.41875 0.8527777777777777 0.4140625 0.8555555555555555 0.4078125 0.8555555555555555 0.4078125 0.85 0.4140625 0.8416666666666667 0.415625 0.8361111111111111 0.4140625 0.8333333333333334
0 0.475 0.7388888888888889 0.471875 0.7333333333333333 0.471875 0.7277777777777777 0.478125 0.7222222222222222 0.484375 0.7222222222222222 0.484375 0.7305555555555555 0.4796875 0.7361111111111112 0.4765625 0.7361111111111112
0 0.5578125 0.6833333333333333 0.5578125 0.6888888888888889 0.546875 0.7111111111111111 0.54375 0.725 0.5375 0.7361111111111112 0.534375 0.7472222222222222 0.51875 0.775 0.5109375 0.7944444444444444 0.5109375 0.8 0.4984375 0.8222222222222222 0.496875 0.8305555555555556 0.490625 0.8388888888888889 0.4796875 0.8638888888888889 0.475 0.8805555555555555 0.4671875 0.8916666666666667 0.4640625 0.9027777777777778 0.45 0.9277777777777778 0.45 0.9333333333333333 0.4421875 0.9472222222222222 0.4359375 0.9666666666666667 0.43125 0.9694444444444444 0.4265625 0.9805555555555555 0.41875 0.9888888888888889 0.4140625 0.9861111111111112 0.4109375 0.9888888888888889 0.40625 0.9861111111111112 0.403125 0.9888888888888889 0.4 0.9861111111111112 0.3796875 0.9861111111111112 0.3734375 0.9805555555555555 0.3796875 0.9694444444444444 0.384375 0.9666666666666667 0.3921875 0.9527777777777777 0.3921875 0.9472222222222222 0.4078125 0.9277777777777778 0.4203125 0.9027777777777778 0.4328125 0.8861111111111111 0.4375 0.8777777777777778 0.4421875 0.8611111111111112 0.465625 0.8277777777777777 0.475 0.8083333333333333 0.478125 0.8083333333333333 0.4859375 0.7888888888888889 0.5078125 0.7555555555555555 0.5109375 0.7472222222222222 0.51875 0.7388888888888889 0.534375 0.7083333333333334 0.55625 0.6833333333333333
0 0.684375 0.6833333333333333 0.6875 0.6833333333333333 0.6921875 0.6888888888888889 0.6921875 0.6944444444444444 0.6890625 0.6944444444444444 0.684375 0.6861111111111111
0 0.70625 0.7166666666666667 0.709375 0.7166666666666667 0.7171875 0.725 0.7171875 0.7305555555555555 0.7125 0.7305555555555555 0.70625 0.7194444444444444
0 0.7796875 0.7222222222222222 0.7875 0.7222222222222222 0.7953125 0.7277777777777777 0.809375 0.7277777777777777 0.8109375 0.7305555555555555 0.8296875 0.7305555555555555 0.8328125 0.7361111111111112 0.8546875 0.7361111111111112 0.859375 0.7416666666666667 0.8640625 0.7388888888888889 0.8671875 0.7416666666666667 0.8765625 0.7416666666666667 0.878125 0.7472222222222222 0.8828125 0.75 0.8828125 0.7527777777777778 0.8578125 0.75 0.853125 0.7444444444444445 0.8328125 0.7444444444444445 0.83125 0.7416666666666667 0.8203125 0.7416666666666667 0.8078125 0.7361111111111112 0.790625 0.7361111111111112 0.7796875 0.725
0 0.275 0.9722222222222222 0.2765625 0.9666666666666667 0.290625 0.95 0.2953125 0.95 0.3109375 0.9361111111111111 0.3140625 0.9388888888888889 0.3234375 0.9333333333333333 0.33125 0.9333333333333333 0.3390625 0.9222222222222223 0.35625 0.9083333333333333 0.359375 0.9111111111111111 0.3640625 0.9083333333333333 0.378125 0.9083333333333333 0.3796875 0.9111111111111111 0.3796875 0.9194444444444444 0.375 0.9305555555555556 0.3796875 0.9388888888888889 0.38125 0.95 0.3703125 0.9694444444444444 0.3671875 0.9694444444444444 0.3609375 0.9805555555555555 0.3390625 0.9805555555555555 0.334375 0.9777777777777777 0.3296875 0.9666666666666667 0.3234375 0.9666666666666667 0.321875 0.9638888888888889 0.3171875 0.9638888888888889 0.309375 0.9722222222222222 0.3015625 0.9722222222222222 0.3 0.975 0.2765625 0.9722222222222222