0 0.30625 0.7527777777777778 0.3078125 0.7555555555555555 0.30625 0.7666666666666667 0.271875 0.7666666666666667 0.290625 0.7555555555555555 0.3046875 0.7527777777777778
0 0.45 0.7472222222222222 0.45625 0.7555555555555555 0.4546875 0.7611111111111111 0.4203125 0.7611111111111111 0.4203125 0.7555555555555555 0.4234375 0.7527777777777778 0.4296875 0.7527777777777778 0.4375 0.7472222222222222 0.4484375 0.7472222222222222
0 0.4046875 0.7222222222222222 0.40625 0.7222222222222222 0.403125 0.7277777777777777 0.39375 0.7333333333333333 0.384375 0.7333333333333333 0.3828125 0.7361111111111112 0.38125 0.7333333333333333 0.375 0.7333333333333333 0.3921875 0.7222222222222222 0.403125 0.7194444444444444
0 0.49375 0.7444444444444445 0.5015625 0.75 0.503125 0.7583333333333333 0.4890625 0.7583333333333333 0.4875 0.7611111111111111 0.4734375 0.7583333333333333 0.471875 0.7555555555555555 0.478125 0.7472222222222222 0.4921875 0.7444444444444445
0 0.434375 0.7722222222222223 0.478125 0.7722222222222223 0.4796875 0.7694444444444445 0.61875 0.7694444444444445 0.628125 0.7777777777777778 0.590625 0.7777777777777778 0.5890625 0.7805555555555556 0.575 0.7805555555555556 0.5734375 0.7777777777777778 0.571875 0.7805555555555556 0.56875 0.7777777777777778 0.5640625 0.7805555555555556 0.4640625 0.7805555555555556 0.4625 0.7833333333333333 0.4515625 0.7805555555555556 0.45 0.7833333333333333 0.4421875 0.7833333333333333 0.434375 0.775
0 0.3171875 0.7666666666666667 0.321875 0.7611111111111111 0.34375 0.75 0.3546875 0.75 0.3578125 0.7583333333333333 0.3578125 0.7638888888888888 0.31875 0.7666666666666667
0 0.4703125 0.7222222222222222 0.4734375 0.7277777777777777 0.4609375 0.7361111111111112 0.4515625 0.7361111111111112 0.45 0.7277777777777777 0.4578125 0.7222222222222222 0.46875 0.7222222222222222
0 0.5046875 0.7166666666666667 0.50625 0.725 0.5015625 0.7305555555555555 0.49375 0.7305555555555555 0.490625 0.7277777777777777 0.490625 0.7222222222222222 0.4953125 0.7166666666666667 0.503125 0.7166666666666667
0 0.4015625 0.75 0.40625 0.7583333333333333 0.3984375 0.7638888888888888 0.3734375 0.7638888888888888 0.371875 0.7611111111111111 0.3796875 0.7527777777777778 0.390625 0.7472222222222222 0.3984375 0.7472222222222222 0.4 0.75
0 0.4546875 0.75 0.4578125 0.7555555555555555 0.45625 0.7611111111111111 0.4078125 0.7611111111111111 0.40625 0.7638888888888888 0.3875 0.7638888888888888 0.3859375 0.7666666666666667 0.3625 0.7638888888888888 0.3609375 0.7666666666666667 0.340625 0.7666666666666667 0.3390625 0.7694444444444445 0.26875 0.7694444444444445 0.2796875 0.7611111111111111 0.2859375 0.7611111111111111 0.29375 0.7555555555555555 0.3078125 0.7555555555555555 0.3109375 0.7611111111111111 0.3125 0.7583333333333333 0.3265625 0.7583333333333333 0.3421875 0.75 0.35625 0.75 0.3578125 0.7555555555555555 0.3625 0.7611111111111111 0.365625 0.7611111111111111 0.384375 0.7472222222222222 0.4015625 0.7472222222222222 0.4078125 0.7527777777777778 0.409375 0.75 0.43125 0.75 0.4390625 0.7444444444444445 0.446875 0.7444444444444445 0.453125 0.75
0 0.434375 0.7194444444444444 0.4375 0.7222222222222222 0.4375 0.7277777777777777 0.4265625 0.7361111111111112 0.4109375 0.7361111111111112 0.4078125 0.7333333333333333 0.4125 0.7277777777777777 0.4328125 0.7194444444444444
0 0.5390625 0.7416666666666667 0.5546875 0.75 0.55625 0.7527777777777778 0.553125 0.7555555555555555 0.521875 0.7555555555555555 0.5203125 0.7527777777777778 0.521875 0.75 0.5375 0.7416666666666667
0 0.59375 0.7444444444444445 0.5984375 0.7472222222222222 0.6015625 0.7555555555555555 0.59375 0.7555555555555555 0.5921875 0.7583333333333333 0.590625 0.7555555555555555 0.5703125 0.7555555555555555 0.56875 0.7527777777777778 0.578125 0.7444444444444445 0.5921875 0.7444444444444445
0 0.5421875 0.7222222222222222 0.54375 0.725 0.5421875 0.7305555555555555 0.53125 0.7305555555555555 0.5296875 0.725 0.534375 0.7194444444444444 0.540625 0.7222222222222222
0 0.5765625 0.7166666666666667 0.584375 0.725 0.58125 0.7305555555555555 0.571875 0.7305555555555555 0.5671875 0.725 0.565625 0.7194444444444444 0.5671875 0.7166666666666667 0.575 0.7166666666666667
0 0.2375 0.9972222222222222 0.2375 0.9916666666666667 0.240625 0.9861111111111112 0.2484375 0.9805555555555555 0.2734375 0.9527777777777777 0.278125 0.9444444444444444 0.2984375 0.925 0.328125 0.8861111111111111 0.3671875 0.8472222222222222 0.371875 0.8388888888888889 0.384375 0.8277777777777777 0.3984375 0.8083333333333333 0.4140625 0.7944444444444444 0.4203125 0.7833333333333333 0.43125 0.775 0.434375 0.7777777777777778 0.425 0.7944444444444444 0.409375 0.8111111111111111 0.3921875 0.8361111111111111 0.3640625 0.8666666666666667 0.328125 0.9166666666666666 0.3234375 0.9194444444444444 0.3 0.9527777777777777 0.2953125 0.9555555555555556 0.2890625 0.9666666666666667 0.2828125 0.9722222222222222 0.26875 0.9944444444444445 0.2640625 0.9972222222222222 0.2390625 0.9972222222222222