0 0.5640625 0.5527777777777778 0.56875 0.5555555555555556 0.5703125 0.5611111111111111 0.56875 0.5638888888888889 0.5578125 0.5638888888888889 0.5484375 0.5555555555555556 0.55 0.55 0.5609375 0.55 0.5625 0.5527777777777778
0 0.4875 0.575 0.4859375 0.5638888888888889 0.490625 0.5583333333333333 0.4984375 0.5583333333333333 0.5015625 0.5694444444444444 0.4890625 0.575
0 0.6953125 0.5333333333333333 0.696875 0.5361111111111111 0.703125 0.5333333333333333 0.709375 0.5361111111111111 0.7140625 0.5416666666666666 0.7109375 0.5444444444444444 0.70625 0.5416666666666666 0.703125 0.5444444444444444 0.684375 0.5416666666666666 0.6796875 0.5361111111111111 0.69375 0.5333333333333333
0 0.375 0.5833333333333334 0.3765625 0.5833333333333334 0.371875 0.5916666666666667 0.36875 0.5916666666666667 0.3578125 0.6027777777777777 0.3484375 0.6027777777777777 0.35 0.5972222222222222 0.35625 0.5944444444444444 0.3625 0.5861111111111111 0.3734375 0.5833333333333334
0 0.6453125 0.5361111111111111 0.6515625 0.5361111111111111 0.653125 0.5388888888888889 0.6609375 0.5361111111111111 0.678125 0.5444444444444444 0.678125 0.5472222222222223 0.66875 0.55 0.6671875 0.5472222222222223 0.6546875 0.5472222222222223 0.6453125 0.5388888888888889
0 0.040625 0.7694444444444445 0.0421875 0.7722222222222223 0.0515625 0.7722222222222223 0.053125 0.7694444444444445 0.0609375 0.7694444444444445 0.0625 0.7722222222222223 0.078125 0.7694444444444445 0.08125 0.7722222222222223 0.0859375 0.7694444444444445 0.0859375 0.7722222222222223 0.0796875 0.7805555555555556 0.071875 0.7833333333333333 0.0671875 0.7888888888888889 0.0578125 0.7888888888888889 0.05625 0.7861111111111111 0.0515625 0.7888888888888889 0.025 0.7888888888888889 0.0234375 0.7861111111111111 0.01875 0.7888888888888889 0.0171875 0.7833333333333333 0.0203125 0.7833333333333333 0.0234375 0.7777777777777778 0.0390625 0.7722222222222223
0 0.5375 0.575 0.5390625 0.5777777777777777 0.540625 0.575 0.546875 0.5888888888888889 0.55625 0.6 0.615625 0.7083333333333334 0.6234375 0.7166666666666667 0.6296875 0.7333333333333333 0.675 0.8138888888888889 0.6984375 0.85 0.753125 0.95 0.7453125 0.9555555555555556 0.728125 0.9555555555555556 0.6875 0.875 0.678125 0.8611111111111112 0.675 0.85 0.6609375 0.8222222222222222 0.6421875 0.7916666666666666 0.6390625 0.7805555555555556 0.6203125 0.7472222222222222 0.6109375 0.725 0.6 0.7083333333333334 0.596875 0.6972222222222222 0.590625 0.6888888888888889 0.58125 0.6666666666666666 0.55 0.6111111111111112 0.5390625 0.5833333333333334 0.534375 0.5777777777777777 0.5359375 0.5777777777777777
0 0.403125 0.5777777777777777 0.4015625 0.5888888888888889 0.39375 0.5888888888888889 0.390625 0.5944444444444444 0.384375 0.5944444444444444 0.3828125 0.5916666666666667 0.3859375 0.5861111111111111 0.39375 0.5777777777777777 0.4015625 0.5777777777777777
0 0.071875 0.7055555555555556 0.0609375 0.7166666666666667 0.05625 0.7166666666666667 0.046875 0.725 0.0390625 0.725 0.0328125 0.7333333333333333 0.021875 0.7361111111111112 0.0140625 0.7444444444444445 0.0109375 0.7444444444444445 0.0109375 0.725 0.0125 0.7222222222222222 0.0203125 0.7222222222222222 0.0359375 0.7138888888888889 0.05 0.7138888888888889 0.0578125 0.7083333333333334 0.0703125 0.7055555555555556
0 0.1734375 0.7083333333333334 0.175 0.7111111111111111 0.18125 0.7 0.196875 0.6916666666666667 0.2 0.6861111111111111 0.2140625 0.675 0.225 0.6722222222222223 0.225 0.6777777777777778 0.215625 0.6805555555555556 0.2140625 0.6861111111111111 0.20625 0.6888888888888889 0.190625 0.7027777777777777 0.1859375 0.7027777777777777 0.18125 0.7083333333333334 0.1734375 0.7111111111111111 0.16875 0.7194444444444444 0.1609375 0.7222222222222222 0.1546875 0.7305555555555555 0.1421875 0.7361111111111112 0.1359375 0.7444444444444445 0.13125 0.7444444444444445 0.125 0.7527777777777778 0.1171875 0.7555555555555555 0.103125 0.7694444444444445 0.0984375 0.7694444444444445 0.0953125 0.775 0.0875 0.7777777777777778 0.08125 0.7861111111111111 0.0703125 0.7888888888888889 0.0515625 0.8083333333333333 0.040625 0.8111111111111111 0.0375 0.8166666666666667 0.03125 0.8194444444444444 0.0203125 0.8305555555555556 0.0171875 0.8305555555555556 0.015625 0.8222222222222222 0.0203125 0.8222222222222222 0.0265625 0.8138888888888889 0.03125 0.8138888888888889 0.0390625 0.8055555555555556 0.05 0.8 0.0578125 0.7888888888888889 0.0765625 0.7805555555555556 0.0828125 0.7694444444444445 0.09375 0.7666666666666667 0.096875 0.7611111111111111 0.109375 0.7555555555555555 0.1140625 0.7472222222222222 0.1234375 0.7444444444444445 0.1265625 0.7388888888888889 0.1375 0.7333333333333333 0.140625 0.7277777777777777 0.1484375 0.725 0.1578125 0.7138888888888889 0.1640625 0.7138888888888889 0.171875 0.7083333333333334
0 0.31875 0.6 0.31875 0.6027777777777777 0.3125 0.6083333333333333 0.303125 0.6111111111111112 0.2984375 0.6194444444444445 0.2890625 0.625 0.2859375 0.6305555555555555 0.28125 0.6305555555555555 0.28125 0.6194444444444445 0.2828125 0.6166666666666667 0.2859375 0.6166666666666667 0.29375 0.6083333333333333 0.3 0.6083333333333333 0.303125 0.6027777777777777 0.3171875 0.6
0 0.4125 0.5916666666666667 0.41875 0.5944444444444444 0.4171875 0.6083333333333333 0.403125 0.6333333333333333 0.39375 0.6444444444444445 0.315625 0.7861111111111111 0.309375 0.7888888888888889 0.309375 0.7722222222222223 0.3078125 0.7694444444444445 0.309375 0.7611111111111111 0.3046875 0.7555555555555555 0.303125 0.7472222222222222 0.3125 0.7305555555555555 0.3171875 0.7277777777777777 0.325 0.7111111111111111 0.3296875 0.7083333333333334 0.334375 0.6972222222222222 0.3390625 0.6944444444444444 0.346875 0.6833333333333333 0.3515625 0.6722222222222223 0.3578125 0.6666666666666666 0.36875 0.6472222222222223 0.3734375 0.6444444444444445 0.375 0.6388888888888888 0.3875 0.625 0.3921875 0.6138888888888889 0.4078125 0.5944444444444444 0.4109375 0.5944444444444444
0 0.41875 0.5861111111111111 0.41875 0.5805555555555556 0.425 0.5694444444444444 0.434375 0.5694444444444444 0.4359375 0.5666666666666667 0.4375 0.5722222222222222 0.43125 0.5833333333333334 0.425 0.5833333333333334 0.4234375 0.5861111111111111 0.421875 0.5833333333333334 0.4203125 0.5861111111111111
0 0.2203125 0.6555555555555556 0.2265625 0.6611111111111111 0.228125 0.6583333333333333 0.228125 0.6666666666666666 0.225 0.6777777777777778 0.2203125 0.6777777777777778 0.2109375 0.6888888888888889 0.203125 0.6916666666666667 0.1921875 0.7027777777777777 0.1875 0.7027777777777777 0.184375 0.7083333333333334 0.1703125 0.7138888888888889 0.16875 0.7194444444444444 0.1609375 0.7222222222222222 0.1546875 0.7305555555555555 0.1421875 0.7361111111111112 0.1359375 0.7444444444444445 0.1171875 0.7555555555555555 0.1109375 0.7638888888888888 0.0984375 0.7694444444444445 0.0953125 0.775 0.0875 0.7777777777777778 0.08125 0.7861111111111111 0.0703125 0.7888888888888889 0.0515625 0.8083333333333333 0.0421875 0.8111111111111111 0.0203125 0.8305555555555556 0.0171875 0.8305555555555556 0.015625 0.8222222222222222 0.0171875 0.8194444444444444 0.021875 0.8194444444444444 0.025 0.8138888888888889 0.0375 0.8083333333333333 0.0515625 0.7944444444444444 0.0484375 0.7888888888888889 0.0390625 0.7888888888888889 0.0375 0.7916666666666666 0.0359375 0.7888888888888889 0.0234375 0.7888888888888889 0.021875 0.7916666666666666 0.0203125 0.7888888888888889 0.0140625 0.7888888888888889 0.0140625 0.7694444444444445 0.0171875 0.7694444444444445 0.0234375 0.7611111111111111 0.028125 0.7611111111111111 0.0375 0.7527777777777778 0.065625 0.7388888888888889 0.06875 0.7333333333333333 0.0796875 0.7305555555555555 0.08125 0.725 0.09375 0.7222222222222222 0.0953125 0.7166666666666667 0.1078125 0.7138888888888889 0.1109375 0.7083333333333334 0.115625 0.7083333333333334 0.125 0.7 0.1375 0.6944444444444444 0.140625 0.6888888888888889 0.1515625 0.6861111111111111 0.1546875 0.6805555555555556 0.165625 0.6777777777777778 0.16875 0.6722222222222223 0.1828125 0.6694444444444444 0.1859375 0.6638888888888889 0.1984375 0.6583333333333333 0.203125 0.6611111111111111 0.2046875 0.6583333333333333 0.21875 0.6555555555555556
0 0.46015625 0.5736111111111111 0.0203125 0.022222222222222223
0 0.1984375 0.6666666666666666 0.2140625 0.6583333333333333 0.228125 0.6583333333333333 0.2265625 0.6666666666666666 0.2140625 0.6666666666666666 0.2125 0.6694444444444444 0.2015625 0.6694444444444444 0.2 0.6666666666666666 0.1984375 0.6694444444444444
0 0.128125 0.7111111111111111 0.1375 0.7083333333333334 0.140625 0.7027777777777777 0.18125 0.7 0.1765625 0.7083333333333334 0.159375 0.7111111111111111 0.1546875 0.7166666666666667 0.153125 0.7138888888888889 0.140625 0.7138888888888889 0.1390625 0.7166666666666667 0.128125 0.7138888888888889
0 0.528125 0.5527777777777778 0.5359375 0.5638888888888889 0.534375 0.5694444444444444 0.521875 0.5694444444444444 0.51875 0.5611111111111111 0.51875 0.5555555555555556 0.5265625 0.5527777777777778
0 0.6953125 0.5333333333333333 0.696875 0.5361111111111111 0.709375 0.5361111111111111 0.7125 0.5388888888888889 0.7140625 0.5416666666666666 0.7046875 0.5416666666666666 0.703125 0.5444444444444444 0.68125 0.5416666666666666 0.6796875 0.5472222222222223 0.6734375 0.55 0.65 0.5472222222222223 0.6390625 0.5555555555555556 0.6140625 0.5527777777777778 0.609375 0.5583333333333333 0.6 0.5583333333333333 0.5984375 0.5611111111111111 0.584375 0.5555555555555556 0.5828125 0.5583333333333333 0.575 0.5583333333333333 0.56875 0.5638888888888889 0.55625 0.5638888888888889 0.5484375 0.5583333333333333 0.5453125 0.5527777777777778 0.5546875 0.5472222222222223 0.5671875 0.5527777777777778 0.5734375 0.5444444444444444 0.596875 0.5416666666666666 0.5984375 0.5388888888888889 0.609375 0.5388888888888889 0.6109375 0.5416666666666666 0.6140625 0.5388888888888889 0.634375 0.5388888888888889 0.6359375 0.5416666666666666 0.64375 0.5361111111111111 0.671875 0.5388888888888889 0.6734375 0.5361111111111111 0.69375 0.5333333333333333
0 0.5796875 0.5472222222222223 0.5921875 0.5444444444444444 0.596875 0.55 0.5984375 0.5472222222222223 0.6046875 0.5527777777777778 0.6046875 0.5555555555555556 0.596875 0.5611111111111111 0.5796875 0.55
0 0.6171875 0.5388888888888889 0.6265625 0.5444444444444444 0.63125 0.5416666666666666 0.640625 0.5472222222222223 0.640625 0.5527777777777778 0.6234375 0.5527777777777778 0.61875 0.5472222222222223 0.6109375 0.5444444444444444 0.6109375 0.5416666666666666 0.615625 0.5388888888888889