0 0.7796875 0.7055555555555556 0.78125 0.7083333333333334 0.7859375 0.7055555555555556 0.8109375 0.7083333333333334 0.8125 0.7111111111111111 0.8125 0.7222222222222222 0.8109375 0.725 0.80625 0.7222222222222222 0.8015625 0.725 0.7671875 0.7222222222222222 0.765625 0.7194444444444444 0.728125 0.7138888888888889 0.721875 0.7083333333333334 0.7171875 0.7111111111111111 0.715625 0.7083333333333334 0.69375 0.7083333333333334 0.6953125 0.7055555555555556 0.70625 0.7055555555555556 0.7078125 0.7027777777777777 0.7109375 0.7055555555555556 0.721875 0.7055555555555556 0.7234375 0.7027777777777777 0.7375 0.7027777777777777 0.7390625 0.7055555555555556 0.7640625 0.7027777777777777 0.765625 0.7055555555555556 0.778125 0.7055555555555556
0 0.51875 0.7527777777777778 0.5203125 0.75 0.534375 0.75 0.5390625 0.7527777777777778 0.55625 0.7833333333333333 0.55625 0.7888888888888889 0.534375 0.7888888888888889 0.525 0.7722222222222223 0.5203125 0.7555555555555555
0 0.4734375 0.7944444444444444 0.4734375 0.7555555555555555 0.475 0.7527777777777778 0.4921875 0.7527777777777778 0.49375 0.7555555555555555 0.49375 0.7666666666666667 0.496875 0.775 0.496875 0.7916666666666666 0.4953125 0.7944444444444444 0.475 0.7944444444444444
0 0.4078125 0.8027777777777778 0.409375 0.7944444444444444 0.4265625 0.7611111111111111 0.44375 0.7611111111111111 0.44375 0.7694444444444445 0.434375 0.7972222222222223 0.4296875 0.8027777777777778 0.409375 0.8027777777777778
0 0.3390625 0.8111111111111111 0.371875 0.775 0.378125 0.7638888888888888 0.3828125 0.7611111111111111 0.4 0.7611111111111111 0.3859375 0.7861111111111111 0.3640625 0.8111111111111111 0.353125 0.8111111111111111 0.3515625 0.8138888888888889 0.3421875 0.8138888888888889 0.340625 0.8111111111111111
0 0.3515625 0.7666666666666667 0.3515625 0.7694444444444445 0.33125 0.7916666666666666 0.3171875 0.8 0.3140625 0.8 0.309375 0.7916666666666666 0.3109375 0.7861111111111111 0.3359375 0.7666666666666667 0.35 0.7666666666666667
0 0.6453125 0.75 0.646875 0.7472222222222222 0.6578125 0.7472222222222222 0.6640625 0.7527777777777778 0.6796875 0.7555555555555555 0.6875 0.7638888888888888 0.7 0.7694444444444445 0.7015625 0.775 0.6859375 0.775 0.6671875 0.7638888888888888 0.6609375 0.7638888888888888 0.646875 0.7527777777777778
0 0.1359375 0.7222222222222222 0.1375 0.7277777777777777 0.1375 0.7444444444444445 0.134375 0.7583333333333333 0.128125 0.7583333333333333 0.1265625 0.7611111111111111 0.0953125 0.7611111111111111 0.0875 0.7666666666666667 0.0390625 0.7666666666666667 0.0375 0.7694444444444445 0.03125 0.7666666666666667 0.0203125 0.7694444444444445 0.01875 0.7666666666666667 0.0328125 0.75 0.0515625 0.7333333333333333 0.0640625 0.7305555555555555 0.06875 0.725 0.134375 0.7222222222222222
0 0.5625 0.7472222222222222 0.5765625 0.7472222222222222 0.58125 0.75 0.584375 0.7555555555555555 0.5875 0.7555555555555555 0.6140625 0.7805555555555556 0.6140625 0.7833333333333333 0.59375 0.7833333333333333 0.5828125 0.775 0.5625 0.75
0 0.6171875 0.7444444444444445 0.625 0.75 0.6296875 0.7472222222222222 0.6625 0.7472222222222222 0.66875 0.7527777777777778 0.6828125 0.75 0.684375 0.7472222222222222 0.7015625 0.75 0.703125 0.7527777777777778 0.7359375 0.75 0.74375 0.7555555555555555 0.75 0.7555555555555555 0.75625 0.7611111111111111 0.765625 0.7611111111111111 0.7859375 0.7722222222222223 0.7953125 0.7722222222222223 0.803125 0.7777777777777778 0.809375 0.7777777777777778 0.803125 0.7777777777777778 0.7984375 0.7833333333333333 0.790625 0.7833333333333333 0.7875 0.7888888888888889 0.7546875 0.7888888888888889 0.753125 0.7861111111111111 0.734375 0.7833333333333333 0.7328125 0.7805555555555556 0.7046875 0.7805555555555556 0.703125 0.7777777777777778 0.6796875 0.775 0.678125 0.7722222222222223 0.6765625 0.775 0.671875 0.7722222222222223 0.6703125 0.7777777777777778 0.6625 0.7833333333333333 0.646875 0.7833333333333333 0.6375 0.775 0.621875 0.7694444444444445 0.6203125 0.7722222222222223 0.6265625 0.7805555555555556 0.6265625 0.7861111111111111 0.6234375 0.7777777777777778 0.61875 0.7833333333333333 0.6109375 0.7833333333333333 0.609375 0.7861111111111111 0.5890625 0.7833333333333333 0.5875 0.7805555555555556 0.5734375 0.7805555555555556 0.56875 0.7833333333333333 0.5609375 0.7777777777777778 0.5578125 0.7833333333333333 0.5578125 0.7888888888888889 0.5375 0.7916666666666666 0.5328125 0.7888888888888889 0.525 0.775 0.503125 0.7805555555555556 0.503125 0.775 0.5 0.7722222222222223 0.496875 0.7944444444444444 0.4828125 0.7944444444444444 0.48125 0.7972222222222223 0.471875 0.7944444444444444 0.471875 0.7555555555555555 0.4734375 0.7527777777777778 0.4859375 0.75 0.4875 0.7527777777777778 0.4953125 0.7527777777777778 0.4984375 0.7611111111111111 0.50625 0.7611111111111111 0.5078125 0.7583333333333333 0.50625 0.75 0.5359375 0.75 0.540625 0.7527777777777778 0.55625 0.7777777777777778 0.5640625 0.7777777777777778 0.565625 0.775 0.5765625 0.7777777777777778 0.578125 0.775 0.5703125 0.7611111111111111 0.5578125 0.7555555555555555 0.5609375 0.7472222222222222 0.5796875 0.7472222222222222 0.5890625 0.7527777777777778 0.590625 0.75 0.596875 0.75 0.6015625 0.7444444444444445 0.615625 0.7444444444444445
0 0.6015625 0.7472222222222222 0.6046875 0.7444444444444445 0.621875 0.7472222222222222 0.63125 0.7527777777777778 0.64375 0.7666666666666667 0.665625 0.775 0.6671875 0.7777777777777778 0.6640625 0.7805555555555556 0.646875 0.7805555555555556 0.63125 0.7722222222222223 0.6171875 0.7583333333333333 0.603125 0.75