0 0.259375 0.8361111111111111 0.240625 0.8555555555555555 0.2265625 0.8638888888888889 0.1921875 0.8944444444444445 0.178125 0.9027777777777778 0.153125 0.925 0.1375 0.9333333333333333 0.1296875 0.9416666666666667 0.121875 0.9444444444444444 0.096875 0.9638888888888889 0.084375 0.9666666666666667 0.0828125 0.9694444444444444 0.06875 0.9694444444444444 0.0671875 0.9722222222222222 0.0546875 0.9722222222222222 0.053125 0.9694444444444444 0.0671875 0.9555555555555556 0.075 0.9527777777777777 0.0828125 0.9444444444444444 0.096875 0.9388888888888889 0.1203125 0.9194444444444444 0.1484375 0.9027777777777778 0.15625 0.8944444444444445 0.175 0.8833333333333333 0.18125 0.875 0.1890625 0.8722222222222222 0.2296875 0.8416666666666667 0.2375 0.8416666666666667 0.246875 0.8361111111111111 0.2578125 0.8361111111111111
0 0.54375 0.7055555555555556 0.5484375 0.7055555555555556 0.5546875 0.7111111111111111 0.5625 0.725 0.58125 0.7416666666666667 0.596875 0.7611111111111111 0.6140625 0.775 0.6375 0.8027777777777778 0.6390625 0.8111111111111111 0.625 0.8111111111111111 0.6109375 0.7972222222222223 0.5984375 0.7833333333333333 0.5875 0.7638888888888888 0.565625 0.7333333333333333 0.5453125 0.7111111111111111 0.5453125 0.7083333333333334
0 0.4171875 0.8194444444444444 0.415625 0.8305555555555556 0.4015625 0.8583333333333333 0.35625 0.9333333333333333 0.3515625 0.9388888888888889 0.321875 0.9416666666666667 0.3203125 0.9444444444444444 0.3046875 0.9444444444444444 0.3046875 0.9388888888888889 0.31875 0.9166666666666666 0.346875 0.8833333333333333 0.3484375 0.8777777777777778 0.36875 0.8527777777777777 0.384375 0.8277777777777777 0.390625 0.8222222222222222 0.415625 0.8194444444444444
0 0 0.9444444444444444 0.046875 0.9166666666666666 0.0515625 0.9166666666666666 0.075 0.9 0.0796875 0.9 0.0921875 0.8888888888888888 0.115625 0.875 0.121875 0.875 0.1265625 0.8694444444444445 0.1390625 0.8638888888888889 0.153125 0.8527777777777777 0.1734375 0.85 0.171875 0.8583333333333333 0.16875 0.8583333333333333 0.1421875 0.8805555555555555 0.075 0.9194444444444444 0.0546875 0.9361111111111111 0.0296875 0.9472222222222222 0.01875 0.9583333333333334 0 0.9666666666666667 0 0.9472222222222222
0 0 0.8027777777777778 0.009375 0.8027777777777778 0.0109375 0.8 0.025 0.8 0.0296875 0.8027777777777778 0.0296875 0.8083333333333333 0.021875 0.8166666666666667 0.00625 0.8194444444444444 0.0046875 0.8222222222222222 0 0.8222222222222222 0 0.8055555555555556
0 0.4953125 0.8194444444444444 0.4953125 0.8472222222222222 0.49375 0.85 0.49375 0.8694444444444445 0.4921875 0.8722222222222222 0.490625 0.925 0.484375 0.9361111111111111 0.4765625 0.9361111111111111 0.465625 0.9416666666666667 0.440625 0.9388888888888889 0.4375 0.9361111111111111 0.4375 0.9277777777777778 0.44375 0.9083333333333333 0.4453125 0.8944444444444445 0.4625 0.8305555555555556 0.4625 0.825 0.465625 0.8194444444444444 0.4796875 0.8194444444444444 0.48125 0.8166666666666667 0.4921875 0.8166666666666667 0.49375 0.8194444444444444
0 0.428125 0.7805555555555556 0.4359375 0.7638888888888888 0.440625 0.7638888888888888 0.4390625 0.7722222222222223 0.434375 0.7805555555555556 0.4296875 0.7833333333333333
0 0.1765625 0.9555555555555556 0.18125 0.9472222222222222 0.2109375 0.9222222222222223 0.225 0.9055555555555556 0.2640625 0.8722222222222222 0.2671875 0.8666666666666667 0.2765625 0.8611111111111112 0.2859375 0.85 0.2984375 0.8416666666666667 0.3015625 0.8361111111111111 0.31875 0.8277777777777777 0.3359375 0.8277777777777777 0.334375 0.8333333333333334 0.2296875 0.9444444444444444 0.215625 0.9555555555555556 0.1828125 0.9555555555555556 0.18125 0.9583333333333334 0.178125 0.9555555555555556
0 0.146875 0.8888888888888888 0.1484375 0.8916666666666667 0.146875 0.8944444444444445 0.1515625 0.8972222222222223 0.15625 0.8916666666666667 0.153125 0.8888888888888888 0.165625 0.8888888888888888 0.18125 0.8694444444444445 0.1875 0.8694444444444445 0.20625 0.8555555555555555 0.2234375 0.8472222222222222 0.228125 0.8416666666666667 0.2453125 0.8388888888888889 0.246875 0.8361111111111111 0.2578125 0.8361111111111111 0.259375 0.8388888888888889 0.2453125 0.8527777777777777 0.2171875 0.8722222222222222 0.20625 0.8861111111111111 0.2015625 0.8861111111111111 0.1765625 0.9083333333333333 0.16875 0.9111111111111111 0.1453125 0.9333333333333333 0.140625 0.9333333333333333 0.1328125 0.9416666666666667 0.125 0.9444444444444444 0.1203125 0.95 0.115625 0.95 0.0984375 0.9638888888888889 0.0859375 0.9694444444444444 0.06875 0.9694444444444444 0.0671875 0.9722222222222222 0.0515625 0.9722222222222222 0.053125 0.9666666666666667 0.075 0.9472222222222222 0.0875 0.9416666666666667 0.096875 0.9305555555555556 0.1046875 0.9305555555555556 0.1125 0.9222222222222223 0.1265625 0.9166666666666666 0.1328125 0.9111111111111111 0.1359375 0.9055555555555556 0.1359375 0.9 0.140625 0.9 0.146875 0.8916666666666667
0 0.6546875 0.8222222222222222 0.703125 0.8777777777777778 0.7484375 0.925 0.7546875 0.9361111111111111 0.753125 0.9388888888888889 0.7390625 0.9388888888888889 0.7375 0.9416666666666667 0.709375 0.9416666666666667 0.6984375 0.9305555555555556 0.6796875 0.9027777777777778 0.6625 0.8833333333333333 0.625 0.825 0.6265625 0.8166666666666667 0.64375 0.8166666666666667 0.653125 0.8222222222222222
0 0.575 0.8194444444444444 0.5796875 0.8277777777777777 0.58125 0.8361111111111111 0.5921875 0.8611111111111112 0.615625 0.9277777777777778 0.615625 0.9333333333333333 0.6125 0.9361111111111111 0.5890625 0.9361111111111111 0.5875 0.9388888888888889 0.575 0.9388888888888889 0.5734375 0.9361111111111111 0.5671875 0.9361111111111111 0.5640625 0.9305555555555556 0.559375 0.9111111111111111 0.559375 0.9 0.5546875 0.8805555555555555 0.5546875 0.8722222222222222 0.546875 0.8388888888888889 0.546875 0.8277777777777777 0.5453125 0.825 0.546875 0.8194444444444444 0.5734375 0.8194444444444444