0 0.7640625 0.7166666666666667 0.7796875 0.7166666666666667 0.78125 0.7194444444444444 0.796875 0.7166666666666667 0.8046875 0.7222222222222222 0.825 0.725 0.8265625 0.7277777777777777 0.840625 0.725 0.8421875 0.7277777777777777 0.85 0.7277777777777777 0.8515625 0.7305555555555555 0.86875 0.7333333333333333 0.8703125 0.7361111111111112 0.8890625 0.7361111111111112 0.9140625 0.7472222222222222 0.9265625 0.7472222222222222 0.928125 0.7444444444444445 0.9296875 0.7472222222222222 0.940625 0.7472222222222222 0.9421875 0.75 0.9671875 0.75 0.9765625 0.7555555555555555 0.9984375 0.7555555555555555 0.9984375 0.7666666666666667 0.9625 0.7638888888888888 0.9609375 0.7611111111111111 0.946875 0.7611111111111111 0.9453125 0.7583333333333333 0.934375 0.7583333333333333 0.9328125 0.7555555555555555 0.925 0.7583333333333333 0.9234375 0.7555555555555555 0.9078125 0.7555555555555555 0.90625 0.7527777777777778 0.88125 0.75 0.8796875 0.7472222222222222 0.8625 0.7444444444444445 0.8609375 0.7416666666666667 0.8484375 0.7416666666666667 0.8421875 0.7361111111111112 0.815625 0.7333333333333333 0.8140625 0.7305555555555555 0.796875 0.7277777777777777 0.7953125 0.725 0.79375 0.7277777777777777 0.784375 0.7277777777777777 0.765625 0.7194444444444444
0 0.5109375 0.6916666666666667 0.51875 0.6972222222222222 0.534375 0.7222222222222222 0.534375 0.7277777777777777 0.53125 0.7277777777777777 0.5109375 0.6944444444444444
0 0.4109375 0.7388888888888889 0.4109375 0.7472222222222222 0.40625 0.7444444444444445 0.409375 0.7388888888888889
0 0.3640625 0.7916666666666666 0.36875 0.7805555555555556 0.371875 0.7805555555555556 0.390625 0.7611111111111111 0.39375 0.7638888888888888 0.39375 0.7694444444444445 0.3734375 0.7916666666666666 0.365625 0.7916666666666666
0 0.990625 0.8583333333333333 0.9984375 0.8555555555555555 0.9984375 0.8666666666666667 0.9921875 0.8611111111111112
0 0.6859375 0.7333333333333333 0.6953125 0.7333333333333333 0.7 0.7388888888888889 0.70625 0.7388888888888889 0.7125 0.7444444444444445 0.71875 0.7444444444444445 0.734375 0.7527777777777778 0.7515625 0.7555555555555555 0.753125 0.7583333333333333 0.759375 0.7583333333333333 0.778125 0.7666666666666667 0.7796875 0.7694444444444445 0.778125 0.7722222222222223 0.76875 0.7722222222222223 0.75 0.7611111111111111 0.746875 0.7638888888888888 0.7453125 0.7611111111111111 0.7375 0.7611111111111111 0.7296875 0.7555555555555555 0.7109375 0.75 0.7046875 0.7444444444444445 0.703125 0.7472222222222222 0.6921875 0.7416666666666667 0.6875 0.7361111111111112
0 0.365625 0.7194444444444444 0.365625 0.7222222222222222 0.346875 0.7305555555555555 0.3390625 0.7388888888888889 0.3078125 0.75 0.29375 0.7611111111111111 0.2875 0.7611111111111111 0.2671875 0.7722222222222223 0.2609375 0.7722222222222223 0.2515625 0.7805555555555556 0.215625 0.7944444444444444 0.2125 0.8 0.16875 0.8166666666666667 0.1609375 0.825 0.1296875 0.8361111111111111 0.1203125 0.8444444444444444 0.1015625 0.8527777777777777 0.0953125 0.8527777777777777 0.0890625 0.8583333333333333 0.0796875 0.8611111111111112 0.075 0.8666666666666667 0.0609375 0.8694444444444445 0.0546875 0.875 0.0375 0.8805555555555555 0.0328125 0.8861111111111111 0.009375 0.8972222222222223 0.0078125 0.8972222222222223 0.0078125 0.8861111111111111 0.0140625 0.8861111111111111 0.0203125 0.8805555555555555 0.0328125 0.8777777777777778 0.0359375 0.8722222222222222 0.0484375 0.8694444444444445 0.065625 0.8583333333333333 0.071875 0.8583333333333333 0.0875 0.8472222222222222 0.115625 0.8388888888888889 0.128125 0.8277777777777777 0.134375 0.8277777777777777 0.1484375 0.8194444444444444 0.1609375 0.8166666666666667 0.1703125 0.8083333333333333 0.1890625 0.8 0.209375 0.7944444444444444 0.2125 0.7888888888888889 0.24375 0.775 0.25 0.775 0.259375 0.7666666666666667 0.296875 0.7527777777777778 0.30625 0.7444444444444445 0.3140625 0.7444444444444445 0.315625 0.7416666666666667 0.334375 0.7361111111111112 0.3421875 0.7305555555555555 0.3453125 0.725 0.3640625 0.7194444444444444
0 0.55 0.75 0.5625 0.7583333333333333 0.56875 0.7694444444444445 0.5671875 0.7777777777777778 0.5484375 0.7611111111111111 0.54375 0.7527777777777778 0.5484375 0.75
0 0.6109375 0.8388888888888889 0.615625 0.8444444444444444 0.615625 0.8527777777777777 0.609375 0.8527777777777777 0.6015625 0.8416666666666667 0.6015625 0.8361111111111111 0.6078125 0.8361111111111111 0.609375 0.8388888888888889
0 0.43125 0.725 0.009375 0.013888888888888888
0 0.29375 0.8666666666666667 0.0234375 0.027777777777777776