0 0.0671875 0.7222222222222222 0.06875 0.725 0.0796875 0.7222222222222222 0.0828125 0.7277777777777777 0.071875 0.7333333333333333 0.0546875 0.7333333333333333 0.053125 0.7361111111111112 0.046875 0.7333333333333333 0.0453125 0.7361111111111112 0.0265625 0.7361111111111112 0.025 0.7388888888888889 0.0203125 0.7361111111111112 0.0109375 0.7416666666666667 0 0.7388888888888889 0 0.7277777777777777 0.0171875 0.7277777777777777 0.01875 0.725 0.028125 0.7277777777777777 0.0296875 0.725 0.0484375 0.725 0.05 0.7222222222222222 0.059375 0.725 0.065625 0.7222222222222222
0 0.6703125 0.8361111111111111 0.6796875 0.8472222222222222 0.6890625 0.8527777777777777 0.6921875 0.8583333333333333 0.703125 0.8638888888888889 0.709375 0.875 0.70625 0.8777777777777778 0.7015625 0.8722222222222222 0.69375 0.8694444444444445 0.690625 0.8638888888888889 0.684375 0.8611111111111112 0.6703125 0.8472222222222222 0.66875 0.8388888888888889
0 0.1546875 0.7638888888888888 0.15625 0.7666666666666667 0.1515625 0.7722222222222223 0.134375 0.775 0.1265625 0.7805555555555556 0.121875 0.7777777777777778 0.1140625 0.7833333333333333 0.10625 0.7833333333333333 0.0953125 0.7888888888888889 0.09375 0.7861111111111111 0.084375 0.7916666666666666 0.0796875 0.7888888888888889 0.075 0.7916666666666666 0.0734375 0.7888888888888889 0.0734375 0.7861111111111111 0.0796875 0.7805555555555556 0.0828125 0.7833333333333333 0.0953125 0.775 0.0984375 0.7777777777777778 0.10625 0.7722222222222223 0.1328125 0.7694444444444445 0.1390625 0.7638888888888888 0.153125 0.7638888888888888
0 0.3125 0.8111111111111111 0.3140625 0.8027777777777778 0.3203125 0.8 0.334375 0.7861111111111111 0.3421875 0.7861111111111111 0.34375 0.7888888888888889 0.3375 0.7972222222222223 0.33125 0.8 0.325 0.8083333333333333 0.3140625 0.8111111111111111
0 0.821875 0.9666666666666667 0.825 0.9722222222222222 0.8328125 0.9777777777777777 0.834375 0.9805555555555555 0.8328125 0.9861111111111112 0.821875 0.9833333333333333 0.8203125 0.9777777777777777 0.8171875 0.9777777777777777 0.8125 0.9722222222222222 0.8140625 0.9638888888888889 0.8203125 0.9666666666666667
0 0.228125 0.7416666666666667 0.2296875 0.7444444444444445 0.2234375 0.75 0.21875 0.75 0.2171875 0.7444444444444445 0.2234375 0.7388888888888889 0.2265625 0.7416666666666667
0 0.3703125 0.7638888888888888 0.371875 0.7583333333333333 0.3765625 0.7583333333333333 0.3765625 0.7638888888888888 0.3734375 0.7666666666666667 0.371875 0.7638888888888888
0 0.6859375 0.7972222222222223 0.6921875 0.7972222222222223 0.7046875 0.8055555555555556 0.7046875 0.8111111111111111 0.69375 0.8111111111111111 0.6921875 0.8055555555555556 0.6890625 0.8055555555555556 0.6859375 0.8
0 0.534375 0.925 0.0140625 0.025
0 0.628125 0.8027777777777778 0.6328125 0.8027777777777778 0.6359375 0.8083333333333333 0.6328125 0.8138888888888889 0.628125 0.8055555555555556
0 0.209375 0.8861111111111111 0.225 0.8722222222222222 0.234375 0.875 0.2328125 0.8833333333333333 0.21875 0.8916666666666667 0.2125 0.8916666666666667 0.2109375 0.8888888888888888