0 0.4 0.6583333333333333 0.403125 0.6583333333333333 0.40625 0.6638888888888889 0.40625 0.6666666666666666 0.403125 0.6666666666666666 0.4 0.6611111111111111
0 0.4171875 0.6888888888888889 0.4234375 0.6888888888888889 0.428125 0.7027777777777777 0.425 0.7027777777777777 0.41875 0.6916666666666667
0 0.3875 0.6416666666666667 0.39375 0.6416666666666667 0.3921875 0.6472222222222223 0.3875 0.6444444444444445
0 0.9296875 0.9805555555555555 0.9421875 0.9833333333333333 0.9578125 0.9972222222222222 0.9625 0.9972222222222222 0.9453125 0.9972222222222222 0.9296875 0.9833333333333333
0 0.8109375 0.8972222222222223 0.8203125 0.8972222222222223 0.8265625 0.9055555555555556 0.8359375 0.9083333333333333 0.8453125 0.9194444444444444 0.85625 0.9222222222222223 0.859375 0.9277777777777778 0.8625 0.9277777777777778 0.8671875 0.9333333333333333 0.8625 0.9361111111111111 0.853125 0.9277777777777778 0.8484375 0.9277777777777778 0.8453125 0.9222222222222223 0.840625 0.9222222222222223 0.8375 0.9166666666666666 0.821875 0.9111111111111111 0.8203125 0.9055555555555556 0.8109375 0.9
0 0.103125 0.925 0.1109375 0.9305555555555556 0.10625 0.9388888888888889 0.103125 0.9361111111111111 0.090625 0.9361111111111111 0.0921875 0.9305555555555556 0.1015625 0.925
0 0.2953125 0.6416666666666667 0.296875 0.6444444444444445 0.29375 0.65 0.2890625 0.6472222222222223 0.2890625 0.6444444444444445 0.29375 0.6416666666666667
0 0.2421875 0.7222222222222222 0.240625 0.7305555555555555 0.225 0.7527777777777778 0.21875 0.7527777777777778 0.2171875 0.75 0.23125 0.7277777777777777 0.2359375 0.7222222222222222 0.240625 0.7222222222222222
0 0.703125 0.8222222222222222 0.715625 0.8222222222222222 0.7265625 0.8277777777777777 0.7390625 0.8277777777777777 0.740625 0.8305555555555556 0.7515625 0.8305555555555556 0.753125 0.8333333333333334 0.76875 0.8333333333333334 0.7703125 0.8361111111111111 0.7796875 0.8361111111111111 0.7828125 0.8388888888888889 0.7703125 0.8416666666666667 0.76875 0.8388888888888889 0.7515625 0.8388888888888889 0.75 0.8333333333333334 0.734375 0.8333333333333334 0.7328125 0.8305555555555556 0.725 0.8305555555555556 0.7234375 0.8333333333333334 0.7265625 0.8388888888888889 0.74375 0.8444444444444444 0.75625 0.8555555555555555 0.76875 0.8611111111111112 0.7734375 0.8666666666666667 0.7734375 0.8694444444444445 0.76875 0.8694444444444445 0.75625 0.8638888888888889 0.75 0.8555555555555555 0.7453125 0.8555555555555555 0.7375 0.8472222222222222 0.734375 0.8472222222222222 0.7296875 0.8388888888888889 0.715625 0.8361111111111111 0.7140625 0.8305555555555556 0.703125 0.825
0 0.2765625 0.6694444444444444 0.2765625 0.675 0.271875 0.6805555555555556 0.2671875 0.6777777777777778 0.2703125 0.6694444444444444 0.275 0.6694444444444444
0 0.4578125 0.75 0.4625 0.7527777777777778 0.4734375 0.7694444444444445 0.478125 0.7833333333333333 0.471875 0.7833333333333333 0.45625 0.7527777777777778
0 0.6046875 0.9833333333333333 0.60625 0.9861111111111112 0.6125 0.9861111111111112 0.61875 0.9972222222222222 0.5921875 0.9972222222222222 0.5875 0.9861111111111112 0.603125 0.9833333333333333
0 0.746875 0.8472222222222222 0.7546875 0.8555555555555555 0.76875 0.8611111111111112 0.7734375 0.8694444444444445 0.75625 0.8638888888888889 0.75 0.8555555555555555 0.734375 0.8472222222222222 0.7328125 0.8416666666666667 0.7453125 0.8472222222222222