0 0.75 0.9611111111111111 0.76875 0.9722222222222222 0.79375 0.9972222222222222 0.721875 0.9972222222222222 0.7171875 0.9944444444444445 0.7015625 0.9694444444444444 0.7015625 0.9638888888888889 0.7046875 0.9611111111111111 0.7171875 0.9638888888888889 0.7296875 0.9777777777777777 0.734375 0.9777777777777777 0.7390625 0.9694444444444444 0.740625 0.9611111111111111 0.7484375 0.9611111111111111
0 0.6953125 0.7861111111111111 0.7140625 0.7972222222222223 0.7203125 0.8055555555555556 0.71875 0.8083333333333333 0.709375 0.8055555555555556 0.696875 0.7944444444444444 0.6953125 0.7888888888888889
0 0.4296875 0.6916666666666667 0.4296875 0.6972222222222222 0.4171875 0.7194444444444444 0.4140625 0.7166666666666667 0.4140625 0.7111111111111111 0.4234375 0.6944444444444444 0.428125 0.6916666666666667
0 0.384375 0.6583333333333333 0.3859375 0.6611111111111111 0.384375 0.6638888888888889 0.3859375 0.675 0.3828125 0.6805555555555556 0.36875 0.6861111111111111 0.3640625 0.6916666666666667 0.3296875 0.7138888888888889 0.31875 0.725 0.315625 0.725 0.3125 0.7305555555555555 0.3 0.7416666666666667 0.296875 0.7416666666666667 0.259375 0.775 0.25625 0.7805555555555556 0.25 0.7833333333333333 0.240625 0.7944444444444444 0.21875 0.8111111111111111 0.203125 0.8277777777777777 0.2 0.8277777777777777 0.1734375 0.8527777777777777 0.1703125 0.8527777777777777 0.1578125 0.8666666666666667 0.1546875 0.8666666666666667 0.109375 0.9083333333333333 0.10625 0.9083333333333333 0.00625 0.9972222222222222 0 0.9972222222222222 0 0.9694444444444444 0.0015625 0.9666666666666667 0.053125 0.925 0.05625 0.925 0.0671875 0.9138888888888889 0.0703125 0.9138888888888889 0.1390625 0.8555555555555555 0.153125 0.8472222222222222 0.184375 0.8194444444444444 0.2015625 0.8083333333333333 0.221875 0.7888888888888889 0.2390625 0.7777777777777778 0.303125 0.7194444444444444 0.30625 0.7194444444444444 0.3390625 0.6888888888888889 0.35625 0.6777777777777778 0.359375 0.6722222222222223 0.3828125 0.6583333333333333
0 0.75 0.9611111111111111 0.759375 0.9694444444444444 0.7671875 0.9722222222222222 0.79375 0.9972222222222222 0.7234375 0.9972222222222222 0.71875 0.9944444444444445 0.709375 0.9833333333333333 0.7015625 0.9694444444444444 0.7015625 0.9638888888888889 0.709375 0.9611111111111111 0.715625 0.9638888888888889 0.7296875 0.9777777777777777 0.7359375 0.9777777777777777 0.7390625 0.9722222222222222 0.740625 0.9611111111111111 0.7484375 0.9611111111111111
0 0.5640625 0.7027777777777777 0.5671875 0.7083333333333334 0.5578125 0.7055555555555556 0.559375 0.7 0.5625 0.7027777777777777
0 0.61875 0.725 0.625 0.725 0.6359375 0.7361111111111112 0.646875 0.7416666666666667 0.6578125 0.7555555555555555 0.6703125 0.7611111111111111 0.675 0.7666666666666667 0.678125 0.7666666666666667 0.68125 0.7722222222222223 0.68125 0.7777777777777778 0.675 0.7777777777777778 0.6640625 0.7666666666666667 0.653125 0.7611111111111111 0.640625 0.7472222222222222 0.621875 0.7333333333333333 0.61875 0.7277777777777777
0 0.8359375 0.9611111111111111 0.840625 0.9611111111111111 0.8640625 0.975 0.86875 0.9805555555555555 0.890625 0.9916666666666667 0.8953125 0.9972222222222222 0.8484375 0.9972222222222222 0.8359375 0.9638888888888889
0 0.58125 0.7277777777777777 0.5859375 0.7277777777777777 0.59375 0.7361111111111112 0.5921875 0.7388888888888889 0.5859375 0.7388888888888889 0.58125 0.7305555555555555
0 0.621875 0.7722222222222223 0.6296875 0.7722222222222223 0.640625 0.7833333333333333 0.6453125 0.7916666666666666 0.6390625 0.7944444444444444 0.621875 0.775
0 0.5328125 0.725 0.5640625 0.7777777777777778 0.571875 0.7972222222222223 0.5796875 0.8055555555555556 0.5890625 0.8277777777777777 0.61875 0.875 0.6515625 0.9388888888888889 0.6578125 0.9444444444444444 0.684375 0.9916666666666667 0.684375 0.9944444444444445 0.678125 0.9972222222222222 0.6765625 0.9944444444444445 0.671875 0.9972222222222222 0.6703125 0.9944444444444445 0.653125 0.9944444444444445 0.6515625 0.9972222222222222 0.6484375 0.9944444444444445 0.64375 0.9972222222222222 0.6421875 0.9944444444444445 0.6328125 0.9944444444444445 0.625 0.9805555555555555 0.621875 0.9694444444444444 0.61875 0.9666666666666667 0.61875 0.9611111111111111 0.615625 0.9583333333333334 0.5984375 0.9194444444444444 0.5984375 0.9138888888888889 0.5921875 0.9027777777777778 0.590625 0.8944444444444445 0.5734375 0.8555555555555555 0.5703125 0.8527777777777777 0.5703125 0.8472222222222222 0.5359375 0.7722222222222223 0.53125 0.7583333333333333 0.5328125 0.7277777777777777
0 0.70625 0.8666666666666667 0.71875 0.8666666666666667 0.7515625 0.9055555555555556 0.7515625 0.9083333333333333 0.746875 0.9111111111111111 0.7390625 0.9083333333333333 0.70625 0.8694444444444445
0 0.5328125 0.7222222222222222 0.684375 0.9944444444444445 0.68125 0.9972222222222222 0.6703125 0.9972222222222222 0.66875 0.9944444444444445 0.659375 0.9944444444444445 0.6578125 0.9972222222222222 0.63125 0.9944444444444445 0.5984375 0.9222222222222223 0.590625 0.8972222222222223 0.5328125 0.7666666666666667 0.5296875 0.7527777777777778 0.53125 0.725