0 0.5 0.65 0.5046875 0.65 0.503125 0.6583333333333333 0.5 0.6527777777777778
0 0.428125 0.6888888888888889 0.4234375 0.7 0.41875 0.7 0.4203125 0.6944444444444444 0.4265625 0.6888888888888889
0 0.4015625 0.7277777777777777 0.4015625 0.7305555555555555 0.396875 0.7333333333333333 0.3890625 0.7444444444444445 0.3859375 0.7444444444444445 0.384375 0.7416666666666667 0.3859375 0.7388888888888889 0.3953125 0.7277777777777777 0.4 0.7277777777777777
0 0.8390625 0.7388888888888889 0.8484375 0.7388888888888889 0.8734375 0.75 0.871875 0.7555555555555555 0.8671875 0.7555555555555555 0.859375 0.75 0.8515625 0.75 0.8390625 0.7416666666666667
0 0.803125 0.7194444444444444 0.8125 0.725 0.8140625 0.7277777777777777 0.8125 0.7305555555555555 0.796875 0.7277777777777777 0.7921875 0.7222222222222222 0.7875 0.7222222222222222 0.7890625 0.7166666666666667 0.8015625 0.7194444444444444
0 0.0890625 0.8805555555555555 0.0984375 0.8777777777777778 0.109375 0.8666666666666667 0.11875 0.8638888888888889 0.1234375 0.8583333333333333 0.128125 0.8583333333333333 0.128125 0.8611111111111112 0.1171875 0.8722222222222222 0.109375 0.875 0.103125 0.8833333333333333 0.09375 0.8861111111111111 0.0875 0.8944444444444445 0.075 0.9 0.0640625 0.9111111111111111 0.0546875 0.9138888888888889 0.053125 0.9194444444444444 0.0359375 0.9277777777777778 0.0328125 0.9333333333333333 0.01875 0.9361111111111111 0.0203125 0.9305555555555556 0.034375 0.925 0.0359375 0.9194444444444444 0.0484375 0.9138888888888889 0.0546875 0.9055555555555556 0.0671875 0.9 0.0703125 0.8944444444444445 0.0890625 0.8833333333333333
0 0.375 0.675 0.38125 0.675 0.375 0.6833333333333333 0.371875 0.6833333333333333 0.375 0.6777777777777778
0 0.9125 0.7694444444444445 0.93125 0.7722222222222223 0.9375 0.7777777777777778 0.95 0.7805555555555556 0.9625 0.7888888888888889 0.9640625 0.7861111111111111 0.9703125 0.7888888888888889 0.96875 0.7944444444444444 0.9578125 0.7944444444444444 0.946875 0.7861111111111111 0.94375 0.7888888888888889 0.9328125 0.7805555555555556 0.928125 0.7833333333333333 0.9125 0.7722222222222223
0 0.51796875 0.7194444444444444 0.009375 0.019444444444444445
0 0.5453125 0.8583333333333333 0.5453125 0.85 0.5421875 0.8416666666666667 0.5421875 0.8361111111111111 0.5390625 0.8305555555555556 0.5359375 0.8083333333333333 0.5328125 0.8 0.534375 0.7944444444444444 0.5390625 0.7944444444444444 0.54375 0.8027777777777778 0.546875 0.825 0.553125 0.8416666666666667 0.5546875 0.8583333333333333 0.553125 0.8611111111111112 0.546875 0.8583333333333333
0 0.54296875 0.6347222222222222 0.00625 0.008333333333333333
0 0.25625 0.7694444444444445 0.26875 0.7583333333333333 0.2875 0.75 0.2859375 0.7555555555555555 0.2828125 0.7555555555555555 0.2796875 0.7611111111111111 0.265625 0.7666666666666667 0.2640625 0.7722222222222223 0.25625 0.7722222222222223
0 0.6984375 0.6777777777777778 0.703125 0.6777777777777778 0.7078125 0.6833333333333333 0.7078125 0.6861111111111111 0.7015625 0.6861111111111111 0.6984375 0.6805555555555556
0 0.34296875 0.7125 0.015625 0.016666666666666666
0 0.7203125 0.6888888888888889 0.7265625 0.6888888888888889 0.728125 0.6916666666666667 0.7296875 0.6888888888888889 0.7359375 0.6944444444444444 0.734375 0.6972222222222222 0.7296875 0.6944444444444444 0.7265625 0.6972222222222222 0.7203125 0.6916666666666667
0 0.434375 0.6638888888888889 0.440625 0.6638888888888889 0.4390625 0.6694444444444444 0.434375 0.6666666666666666
0 0.7109375 0.6444444444444445 0.7125 0.6472222222222223 0.7328125 0.6472222222222223 0.74375 0.6527777777777778 0.746875 0.65 0.7609375 0.65 0.7625 0.6527777777777778 0.765625 0.65 0.7671875 0.6527777777777778 0.790625 0.6583333333333333 0.7921875 0.6611111111111111 0.7921875 0.6805555555555556 0.784375 0.6805555555555556 0.7828125 0.6777777777777778 0.7796875 0.6805555555555556 0.778125 0.6777777777777778 0.7609375 0.675 0.7515625 0.6694444444444444 0.7328125 0.6694444444444444 0.73125 0.6666666666666666 0.728125 0.6694444444444444 0.7109375 0.6694444444444444 0.709375 0.6722222222222223 0.703125 0.6694444444444444 0.6984375 0.6722222222222223 0.696875 0.6694444444444444 0.6921875 0.6722222222222223 0.6734375 0.6722222222222223 0.675 0.6638888888888889 0.6828125 0.6555555555555556 0.690625 0.6555555555555556 0.709375 0.6472222222222223
0 0.75 0.6638888888888889 0.7609375 0.6694444444444444 0.7671875 0.6666666666666666 0.778125 0.675 0.7875 0.6722222222222223 0.7921875 0.675 0.79375 0.6833333333333333 0.7765625 0.6805555555555556 0.7515625 0.6694444444444444 0.74375 0.6694444444444444 0.74375 0.6666666666666666 0.7484375 0.6638888888888889
0 0.9109375 0.7694444444444445 0.9234375 0.7694444444444445 0.925 0.7722222222222223 0.928125 0.7694444444444445 0.94375 0.7805555555555556 0.9515625 0.7805555555555556 0.9703125 0.7888888888888889 0.96875 0.7944444444444444 0.95625 0.7944444444444444 0.9515625 0.7888888888888889 0.9421875 0.7888888888888889 0.93125 0.7805555555555556 0.928125 0.7833333333333333 0.9109375 0.7722222222222223
0 0.50625 0.675 0.5109375 0.6777777777777778 0.5109375 0.6861111111111111 0.5078125 0.6861111111111111 0.5046875 0.675
0 0.75 0.7027777777777777 0.753125 0.7 0.7703125 0.7083333333333334 0.76875 0.7111111111111111 0.7578125 0.7111111111111111 0.7515625 0.7055555555555556
0 0.5671875 0.6486111111111111 0.00625 0.011111111111111112
0 0.2890625 0.8722222222222222 0.2953125 0.8666666666666667 0.321875 0.8277777777777777 0.3296875 0.825 0.3296875 0.8305555555555556 0.3234375 0.8361111111111111 0.31875 0.8472222222222222 0.2828125 0.9 0.275 0.9 0.275 0.8944444444444445 0.2890625 0.875