0 0.4984375 0.675 0.5 0.6722222222222223 0.5046875 0.675 0.5046875 0.6805555555555556 0.5 0.6805555555555556 0.5 0.6777777777777778
0 0.5171875 0.7027777777777777 0.5234375 0.7138888888888889 0.5234375 0.7194444444444444 0.51875 0.7194444444444444 0.5125 0.7083333333333334 0.515625 0.7027777777777777
0 0.2734375 0.7805555555555556 0.275 0.7833333333333333 0.2734375 0.7888888888888889 0.265625 0.7944444444444444 0.2359375 0.8333333333333334 0.209375 0.8611111111111112 0.1890625 0.8611111111111112 0.1875 0.8555555555555555 0.171875 0.8555555555555555 0.1703125 0.8527777777777777 0.171875 0.85 0.16875 0.8444444444444444 0.159375 0.8416666666666667 0.1546875 0.8583333333333333 0.15625 0.8611111111111112 0.1625 0.8611111111111112 0.1203125 0.8611111111111112 0.11875 0.8638888888888889 0.1109375 0.8638888888888889 0.109375 0.8611111111111112 0.0921875 0.8638888888888889 0.090625 0.8611111111111112 0.084375 0.8611111111111112 0.084375 0.8583333333333333 0.0953125 0.8444444444444444 0.109375 0.8333333333333334 0.1359375 0.8027777777777778 0.14375 0.7972222222222223 0.159375 0.7777777777777778 0.1734375 0.7777777777777778 0.1734375 0.7805555555555556 0.1671875 0.7944444444444444 0.15 0.8111111111111111 0.1453125 0.8194444444444444 0.146875 0.825 0.16875 0.825 0.1921875 0.8111111111111111 0.1984375 0.8111111111111111 0.2109375 0.8027777777777778 0.2234375 0.8 0.2296875 0.7944444444444444 0.2359375 0.7944444444444444 0.2578125 0.7805555555555556 0.271875 0.7805555555555556
0 0 0.9444444444444444 0.021875 0.9472222222222222 0.0234375 0.95 0.03125 0.95 0.04375 0.9555555555555556 0.05 0.9611111111111111 0.0578125 0.9777777777777777 0.0578125 0.9972222222222222 0.0125 0.9972222222222222 0.01875 0.9861111111111112 0.0203125 0.9777777777777777 0.015625 0.9722222222222222 0.0171875 0.9694444444444444 0.015625 0.9666666666666667 0 0.9638888888888889 0 0.9472222222222222
0 0.1359375 0.7361111111111112 0.13125 0.7305555555555555 0.128125 0.7305555555555555 0.1203125 0.7361111111111112 0.090625 0.7444444444444445 0.084375 0.75 0.06875 0.75 0.046875 0.7611111111111111 0.0171875 0.7694444444444445 0 0.7777777777777778 0 0.7666666666666667 0.021875 0.7611111111111111 0.03125 0.7527777777777778 0.0609375 0.7472222222222222 0.0671875 0.7416666666666667 0.0828125 0.7416666666666667 0.0921875 0.7333333333333333 0.1 0.7333333333333333 0.1015625 0.7305555555555555 0.125 0.725 0.1265625 0.7222222222222222 0.1375 0.7222222222222222 0.134375 0.7333333333333333
0 0.1390625 0.7611111111111111 0.1390625 0.7638888888888888 0.13125 0.7638888888888888 0.1 0.7777777777777778 0.0890625 0.7861111111111111 0.0609375 0.7972222222222223 0.0515625 0.8027777777777778 0.0484375 0.8083333333333333 0.01875 0.8333333333333334 0.0078125 0.8388888888888889 0 0.8388888888888889 0 0.8305555555555556 0.0046875 0.8305555555555556 0.01875 0.8194444444444444 0.03125 0.8138888888888889 0.05625 0.7916666666666666 0.0734375 0.7833333333333333 0.08125 0.7833333333333333 0.0921875 0.775 0.1171875 0.7638888888888888 0.1328125 0.7611111111111111 0.134375 0.7583333333333333 0.1375 0.7611111111111111
0 0.71875 0.7888888888888889 0.7296875 0.7916666666666666 0.740625 0.8027777777777778 0.7671875 0.8194444444444444 0.7953125 0.8444444444444444 0.79375 0.8472222222222222 0.784375 0.8444444444444444 0.7359375 0.8055555555555556 0.7328125 0.8055555555555556 0.71875 0.7916666666666666
0 0.8625 0.7805555555555556 0.8640625 0.7833333333333333 0.890625 0.7916666666666666 0.89375 0.7972222222222223 0.8921875 0.8 0.871875 0.7972222222222223 0.8625 0.7916666666666666 0.8609375 0.7833333333333333
0 0.909375 0.8 0.9203125 0.8 0.921875 0.8027777777777778 0.93125 0.8027777777777778 0.9421875 0.8083333333333333 0.9984375 0.8111111111111111 0.9984375 0.85 0.9921875 0.85 0.9640625 0.8305555555555556 0.9171875 0.8111111111111111 0.909375 0.8027777777777778
0 0.553125 0.7833333333333333 0.5640625 0.7972222222222223 0.575 0.8194444444444444 0.5765625 0.8277777777777777 0.56875 0.8277777777777777 0.5515625 0.7944444444444444 0.55 0.7888888888888889 0.5515625 0.7861111111111111
0 0.278125 0.8833333333333333 0.28125 0.8916666666666667 0.290625 0.8916666666666667 0.2984375 0.8972222222222223 0.2953125 0.9 0.2734375 0.9444444444444444 0.2703125 0.9444444444444444 0.265625 0.9527777777777777 0.265625 0.9583333333333334 0.2625 0.9638888888888889 0.2546875 0.9722222222222222 0.2484375 0.9861111111111112 0.2359375 0.9972222222222222 0.2109375 0.9972222222222222 0.2046875 0.9944444444444445 0.196875 0.9666666666666667 0.1890625 0.9694444444444444 0.184375 0.9777777777777777 0.178125 0.9805555555555555 0.1640625 0.9972222222222222 0.1359375 0.9972222222222222 0.1296875 0.9944444444444445 0.1296875 0.9861111111111112 0.1328125 0.9833333333333333 0.128125 0.9777777777777777 0.128125 0.9722222222222222 0.1328125 0.9666666666666667 0.1328125 0.9611111111111111 0.128125 0.9583333333333334 0.1390625 0.9444444444444444 0.1484375 0.9388888888888889 0.153125 0.9277777777777778 0.1578125 0.9277777777777778 0.159375 0.9305555555555556 0.15625 0.9361111111111111 0.15 0.9361111111111111 0.146875 0.9416666666666667 0.15 0.9472222222222222 0.14375 0.95 0.1390625 0.9583333333333334 0.1359375 0.9555555555555556 0.1328125 0.9611111111111111 0.134375 0.9694444444444444 0.1328125 0.975 0.1359375 0.9805555555555555 0.140625 0.975 0.1390625 0.9805555555555555 0.1421875 0.9833333333333333 0.15 0.9666666666666667 0.1515625 0.9555555555555556 0.1578125 0.9583333333333334 0.159375 0.95 0.1609375 0.95 0.1609375 0.9555555555555556 0.1640625 0.9583333333333334 0.1703125 0.9527777777777777 0.178125 0.9416666666666667 0.178125 0.9361111111111111 0.1734375 0.9277777777777778 0.1828125 0.925 0.1875 0.9166666666666666 0.19375 0.9111111111111111 0.1984375 0.9111111111111111 0.2046875 0.8972222222222223 0.215625 0.8972222222222223 0.221875 0.8916666666666667 0.2390625 0.8916666666666667 0.2421875 0.8944444444444445 0.2375 0.9083333333333333 0.240625 0.9166666666666666 0.25625 0.9194444444444444 0.2609375 0.9055555555555556 0.2640625 0.9083333333333333 0.2671875 0.9027777777777778 0.265625 0.9 0.2703125 0.8972222222222223 0.2765625 0.8861111111111111
0 0.5328125 0.9055555555555556 0.5703125 0.9055555555555556 0.575 0.9138888888888889 0.5875 0.9555555555555556 0.6015625 0.9916666666666667 0.6 0.9972222222222222 0.5546875 0.9972222222222222 0.55 0.9888888888888889 0.5421875 0.95 0.5359375 0.9305555555555556 0.5328125 0.9083333333333333