0 0.60625 0.6388888888888888 0.6078125 0.6416666666666667 0.609375 0.6388888888888888 0.621875 0.6416666666666667 0.6234375 0.6472222222222223 0.6203125 0.65 0.609375 0.6444444444444445 0.6078125 0.6472222222222223 0.6015625 0.6416666666666667 0.6046875 0.6388888888888888
0 0.25625 0.8444444444444444 0.2515625 0.8555555555555555 0.24375 0.8638888888888889 0.23125 0.875 0.225 0.8722222222222222 0.25 0.8472222222222222 0.2546875 0.8472222222222222
0 0.284375 0.8138888888888889 0.2859375 0.8138888888888889 0.2828125 0.8194444444444444 0.271875 0.8305555555555556 0.2671875 0.8388888888888889 0.2625 0.8388888888888889 0.2609375 0.8361111111111111 0.2625 0.8333333333333334 0.2734375 0.8194444444444444 0.2828125 0.8138888888888889
0 0.34375 0.7444444444444445 0.3453125 0.7472222222222222 0.3390625 0.7583333333333333 0.3328125 0.7583333333333333 0.3328125 0.7555555555555555 0.3375 0.7472222222222222 0.3421875 0.7472222222222222
0 0.534375 0.6944444444444444 0.5390625 0.6944444444444444 0.5453125 0.7055555555555556 0.5453125 0.7111111111111111 0.5421875 0.7111111111111111 0.534375 0.6972222222222222
0 0.178125 0.9305555555555556 0.1796875 0.9222222222222223 0.1953125 0.9055555555555556 0.2046875 0.9 0.2078125 0.8944444444444445 0.2125 0.8944444444444445 0.2125 0.9 0.2078125 0.9027777777777778 0.20625 0.9083333333333333 0.203125 0.9083333333333333 0.1890625 0.925 0.1796875 0.9305555555555556
0 0.2140625 0.8944444444444445 0.2140625 0.9 0.18125 0.9305555555555556 0.178125 0.9305555555555556 0.178125 0.925 0.1859375 0.9138888888888889 0.1921875 0.9111111111111111 0.2078125 0.8944444444444445 0.2125 0.8944444444444445
0 0.3140625 0.775 0.3203125 0.7666666666666667 0.325 0.7666666666666667 0.3234375 0.775 0.3203125 0.775 0.3171875 0.7805555555555556 0.3125 0.7805555555555556 0.3140625 0.7777777777777778
0 0.5203125 0.6583333333333333 0.5234375 0.6611111111111111 0.525 0.675 0.5203125 0.675 0.515625 0.6694444444444444 0.5140625 0.6611111111111111 0.51875 0.6611111111111111
0 0.4765625 0.6722222222222223 0.475 0.6833333333333333 0.465625 0.6805555555555556 0.46875 0.6694444444444444 0.475 0.6722222222222223
0 0.653125 0.6305555555555555 0.6546875 0.6333333333333333 0.659375 0.6305555555555555 0.6625 0.6333333333333333 0.6703125 0.6333333333333333 0.671875 0.6305555555555555 0.6859375 0.6333333333333333 0.6875 0.6388888888888888 0.684375 0.6416666666666667 0.6734375 0.6416666666666667 0.671875 0.6444444444444445 0.665625 0.6416666666666667 0.659375 0.6444444444444445 0.6484375 0.6416666666666667 0.646875 0.6444444444444445 0.64375 0.6388888888888888 0.64375 0.6333333333333333 0.6515625 0.6305555555555555
0 0.296875 0.7916666666666666 0.3078125 0.7861111111111111 0.3078125 0.7916666666666666 0.3015625 0.8 0.2953125 0.8 0.296875 0.7944444444444444
0 0.45 0.6944444444444444 0.4546875 0.6833333333333333 0.45625 0.6722222222222223 0.459375 0.6694444444444444 0.459375 0.6861111111111111 0.4515625 0.6972222222222222
0 0.1453125 0.9694444444444444 0.1453125 0.975 0.1421875 0.9805555555555555 0.125 0.9972222222222222 0.1203125 0.9972222222222222 0.125 0.9833333333333333 0.134375 0.9722222222222222 0.14375 0.9694444444444444
0 0.615625 0.6388888888888888 0.6171875 0.6416666666666667 0.6234375 0.6388888888888888 0.625 0.6472222222222223 0.6203125 0.6527777777777778 0.61875 0.65 0.609375 0.65 0.6078125 0.6527777777777778 0.5921875 0.6555555555555556 0.58125 0.65 0.578125 0.6555555555555556 0.571875 0.6555555555555556 0.5703125 0.6583333333333333 0.565625 0.6527777777777778 0.5703125 0.6472222222222223 0.5765625 0.65 0.584375 0.6416666666666667 0.59375 0.6444444444444445 0.6078125 0.6361111111111111 0.6140625 0.6388888888888888
0 0.575 0.7555555555555555 0.5796875 0.7555555555555555 0.5875 0.7666666666666667 0.609375 0.7638888888888888 0.6078125 0.7694444444444445 0.6015625 0.7694444444444445 0.596875 0.7777777777777778 0.603125 0.7888888888888889 0.603125 0.7916666666666666 0.596875 0.7944444444444444 0.578125 0.7666666666666667 0.575 0.7583333333333333
0 0.5671875 0.65 0.571875 0.65 0.575 0.6555555555555556 0.56875 0.6583333333333333 0.5671875 0.6527777777777778