0 0.5578125 0.7 0.5671875 0.7083333333333334 0.5625 0.7111111111111111 0.5578125 0.7027777777777777
0 0.615625 0.8333333333333334 0.621875 0.8416666666666667 0.63125 0.8416666666666667 0.634375 0.8361111111111111 0.64375 0.8361111111111111 0.646875 0.8416666666666667 0.6625 0.8527777777777777 0.6671875 0.8611111111111112 0.66875 0.8694444444444445 0.6765625 0.8805555555555555 0.6765625 0.8861111111111111 0.6625 0.8777777777777778 0.6609375 0.8805555555555555 0.6515625 0.8805555555555555 0.6390625 0.8638888888888889 0.6234375 0.8583333333333333 0.609375 0.8416666666666667 0.6140625 0.8333333333333334
0 0.6296875 0.7916666666666666 0.6390625 0.7916666666666666 0.646875 0.8055555555555556 0.653125 0.8111111111111111 0.653125 0.8166666666666667 0.6453125 0.8166666666666667 0.6296875 0.7944444444444444
0 0.64375 0.75 0.646875 0.7555555555555555 0.653125 0.7583333333333333 0.6625 0.7694444444444445 0.6703125 0.7722222222222223 0.68125 0.7833333333333333 0.6859375 0.7916666666666666 0.684375 0.7944444444444444 0.678125 0.7944444444444444 0.675 0.7888888888888889 0.6609375 0.7805555555555556 0.64375 0.7611111111111111 0.640625 0.7611111111111111 0.6359375 0.7527777777777778 0.6421875 0.75
0 0.79375 0.9583333333333334 0.8 0.9583333333333334 0.809375 0.9722222222222222 0.8140625 0.9722222222222222 0.8203125 0.9666666666666667 0.8265625 0.9694444444444444 0.840625 0.9861111111111112 0.84375 0.9861111111111112 0.853125 0.9972222222222222 0.8578125 0.9972222222222222 0.8140625 0.9972222222222222 0.8140625 0.9916666666666667 0.79375 0.9638888888888889 0.79375 0.9611111111111111
0 0.609375 0.8388888888888889 0.615625 0.8333333333333334 0.621875 0.8416666666666667 0.6296875 0.8444444444444444 0.6359375 0.8361111111111111 0.64375 0.8361111111111111 0.646875 0.8416666666666667 0.6640625 0.8555555555555555 0.6671875 0.8638888888888889 0.6671875 0.8694444444444445 0.6765625 0.8805555555555555 0.6765625 0.8861111111111111 0.66875 0.8833333333333333 0.6640625 0.8777777777777778 0.6515625 0.8805555555555555 0.6390625 0.8638888888888889 0.628125 0.8611111111111112 0.6171875 0.8527777777777777 0.6109375 0.8416666666666667
0 0.73125 0.9166666666666666 0.734375 0.9194444444444444 0.74375 0.9194444444444444 0.7578125 0.9388888888888889 0.765625 0.9444444444444444 0.771875 0.9555555555555556 0.7890625 0.9722222222222222 0.7921875 0.9805555555555555 0.7828125 0.9833333333333333 0.775 0.9777777777777777 0.734375 0.9277777777777778 0.73125 0.9194444444444444
0 0.565625 0.7944444444444444 0.5703125 0.7972222222222223 0.5765625 0.8083333333333333 0.578125 0.8166666666666667 0.5890625 0.8333333333333334 0.5890625 0.8388888888888889 0.603125 0.8611111111111112 0.6109375 0.8805555555555555 0.61875 0.8916666666666667 0.6453125 0.95 0.6484375 0.9527777777777777 0.6703125 0.9972222222222222 0.61875 0.9972222222222222 0.615625 0.9916666666666667 0.609375 0.975 0.609375 0.9694444444444444 0.59375 0.9361111111111111 0.5609375 0.8416666666666667 0.5609375 0.8222222222222222 0.565625 0.7972222222222223
0 0.79375 0.9583333333333334 0.8 0.9583333333333334 0.809375 0.9722222222222222 0.815625 0.9722222222222222 0.821875 0.9666666666666667 0.853125 0.9972222222222222 0.859375 0.9972222222222222 0.8140625 0.9972222222222222 0.8125 0.9888888888888889 0.8015625 0.975 0.7953125 0.9611111111111111
0 0.3796875 0.6333333333333333 0.38125 0.6361111111111111 0.3953125 0.625 0.409375 0.625 0.421875 0.6305555555555555 0.4203125 0.6361111111111111 0.409375 0.6416666666666667 0.40625 0.6388888888888888 0.3796875 0.6555555555555556 0.378125 0.6527777777777778 0.371875 0.6583333333333333 0.3671875 0.6583333333333333 0.35 0.6722222222222223 0.3484375 0.6694444444444444 0.34375 0.6722222222222223 0.3265625 0.6888888888888889 0.3046875 0.7027777777777777 0.290625 0.7166666666666667 0.2828125 0.7194444444444444 0.2640625 0.7388888888888889 0.2578125 0.7388888888888889 0.24375 0.7527777777777778 0.240625 0.7527777777777778 0.2296875 0.7638888888888888 0.221875 0.7666666666666667 0.2015625 0.7861111111111111 0.196875 0.7861111111111111 0.16875 0.8111111111111111 0.1625 0.8083333333333333 0.1625 0.7916666666666666 0.1671875 0.7861111111111111 0.1734375 0.7861111111111111 0.1921875 0.7694444444444445 0.2046875 0.7638888888888888 0.2125 0.7555555555555555 0.2203125 0.7527777777777778 0.228125 0.7444444444444445 0.234375 0.7444444444444445 0.2453125 0.7333333333333333 0.2484375 0.7333333333333333 0.2515625 0.7277777777777777 0.2609375 0.725 0.271875 0.7138888888888889 0.2984375 0.6972222222222222 0.3015625 0.6916666666666667 0.3046875 0.6916666666666667 0.3171875 0.6777777777777778 0.321875 0.6777777777777778 0.3390625 0.6611111111111111 0.3515625 0.6555555555555556 0.35625 0.65 0.3609375 0.65 0.371875 0.6388888888888888 0.378125 0.6361111111111111
0 0.703125 0.9472222222222222 0.709375 0.95 0.725 0.9694444444444444 0.7421875 0.9972222222222222 0.725 0.9972222222222222 0.7125 0.9722222222222222 0.7046875 0.9638888888888889 0.6984375 0.95 0.7015625 0.9472222222222222
0 0.5859375 0.7333333333333333 0.5984375 0.7444444444444445 0.5984375 0.75 0.5890625 0.7472222222222222 0.584375 0.7361111111111112
0 0.615625 0.8333333333333334 0.61875 0.8388888888888889 0.6265625 0.8444444444444444 0.63125 0.8444444444444444 0.6359375 0.8361111111111111 0.64375 0.8361111111111111 0.646875 0.8416666666666667 0.6640625 0.8555555555555555 0.6671875 0.8694444444444445 0.6734375 0.875 0.6765625 0.8805555555555555 0.6765625 0.8861111111111111 0.665625 0.8777777777777778 0.6515625 0.8805555555555555 0.6359375 0.8611111111111112 0.6234375 0.8583333333333333 0.609375 0.8388888888888889 0.6140625 0.8333333333333334
0 0.7046875 0.8444444444444444 0.7078125 0.85 0.7265625 0.8583333333333333 0.728125 0.8666666666666667 0.7328125 0.875 0.74375 0.8861111111111111 0.7453125 0.8916666666666667 0.74375 0.8944444444444445 0.7359375 0.8916666666666667 0.7109375 0.8638888888888889 0.7 0.8611111111111112 0.696875 0.8472222222222222 0.703125 0.8444444444444444