0 0.4359375 0.6972222222222222 0.4390625 0.6972222222222222 0.44375 0.7055555555555556 0.44375 0.7083333333333334 0.440625 0.7083333333333334 0.4359375 0.7
0 0.3234375 0.7291666666666666 0.015625 0.025
0 0.76875 0.8805555555555555 0.775 0.8805555555555555 0.784375 0.8861111111111111 0.7921875 0.8944444444444445 0.8109375 0.9055555555555556 0.821875 0.9166666666666666 0.825 0.9166666666666666 0.8359375 0.9277777777777778 0.8390625 0.9277777777777778 0.8953125 0.9722222222222222 0.896875 0.9805555555555555 0.8875 0.9777777777777777 0.865625 0.9583333333333334 0.8578125 0.9555555555555556 0.84375 0.9416666666666667 0.8265625 0.9305555555555556 0.7953125 0.9027777777777778 0.7875 0.9 0.7703125 0.8833333333333333
0 0.49375 0.6805555555555556 0.50625 0.6916666666666667 0.5 0.6916666666666667 0.49375 0.6833333333333333
0 0.3515625 0.6611111111111111 0.353125 0.6638888888888889 0.3515625 0.6694444444444444 0.346875 0.6722222222222223 0.3484375 0.6638888888888889 0.35 0.6638888888888889
0 0.2265625 0.8944444444444445 0.221875 0.8833333333333333 0.221875 0.875 0.265625 0.8083333333333333 0.26875 0.8055555555555556 0.275 0.8083333333333333 0.275 0.8138888888888889 0.2453125 0.8666666666666667 0.228125 0.8916666666666667
0 0.53125 0.7083333333333334 0.5375 0.7083333333333334 0.553125 0.7194444444444444 0.546875 0.7222222222222222 0.5328125 0.7111111111111111
0 0.4203125 0.675 0.4265625 0.6777777777777778 0.4265625 0.6805555555555556 0.4203125 0.6777777777777778
0 0 0.775 0.0109375 0.7722222222222223 0.015625 0.7638888888888888 0.028125 0.7638888888888888 0.05 0.75 0.0640625 0.7472222222222222 0.0828125 0.7361111111111112 0.09375 0.7361111111111112 0.10625 0.7305555555555555 0.1109375 0.725 0.121875 0.7222222222222222 0.128125 0.7166666666666667 0.134375 0.7166666666666667 0.1390625 0.7111111111111111 0.165625 0.7055555555555556 0.1703125 0.7 0.175 0.7 0.18125 0.6944444444444444 0.1890625 0.6944444444444444 0.196875 0.6861111111111111 0.209375 0.6805555555555556 0.2171875 0.6805555555555556 0.2375 0.6666666666666666 0.2453125 0.6666666666666666 0.2515625 0.6611111111111111 0.2578125 0.6611111111111111 0.2796875 0.65 0.2875 0.65 0.315625 0.6361111111111111 0.328125 0.6361111111111111 0.29375 0.6527777777777778 0.2875 0.6527777777777778 0.26875 0.6611111111111111 0.253125 0.6722222222222223 0.2203125 0.6861111111111111 0.19375 0.7027777777777777 0.1578125 0.7166666666666667 0.1515625 0.7222222222222222 0.1203125 0.7361111111111112 0.1140625 0.7361111111111112 0.0953125 0.7472222222222222 0.0890625 0.7472222222222222 0.06875 0.7583333333333333 0.0625 0.7583333333333333 0.03125 0.7722222222222223 0.025 0.7777777777777778 0.01875 0.7777777777777778 0.0125 0.7833333333333333 0 0.7861111111111111 0 0.7777777777777778
0 0.921875 0.8611111111111112 0.928125 0.8611111111111112 0.9328125 0.8666666666666667 0.9390625 0.8666666666666667 0.9578125 0.8777777777777778 0.9640625 0.8777777777777778 0.9703125 0.8833333333333333 0.9875 0.8888888888888888 0.9984375 0.8972222222222223 0.9984375 0.9027777777777778 0.98125 0.9027777777777778 0.9765625 0.9 0.975 0.8944444444444445 0.96875 0.8888888888888888 0.95625 0.8861111111111111 0.9234375 0.8638888888888889
0 0.4578125 0.7333333333333333 0.4625 0.7333333333333333 0.4734375 0.7527777777777778 0.4734375 0.7611111111111111 0.4703125 0.7583333333333333 0.4578125 0.7361111111111112
0 0.515625 0.8472222222222222 0.521875 0.8472222222222222 0.53125 0.8638888888888889 0.553125 0.9083333333333333 0.5609375 0.9305555555555556 0.5609375 0.9361111111111111 0.553125 0.9333333333333333 0.515625 0.85
0 0.590625 0.7472222222222222 0.6171875 0.7638888888888888 0.628125 0.775 0.615625 0.7722222222222223 0.6 0.7583333333333333 0.596875 0.7583333333333333 0.590625 0.75
0 0.475 0.6694444444444444 0.48125 0.6722222222222223 0.48125 0.6777777777777778 0.475 0.6722222222222223
0 0.34375 0.6833333333333333 0.34375 0.6888888888888889 0.340625 0.6944444444444444 0.3375 0.6944444444444444 0.3375 0.6888888888888889 0.3421875 0.6833333333333333