0 0.390625 0.7527777777777778 0.3875 0.7666666666666667 0.3734375 0.7861111111111111 0.359375 0.8 0.35625 0.8083333333333333 0.346875 0.8083333333333333 0.346875 0.8055555555555556 0.35625 0.7888888888888889 0.3671875 0.7805555555555556 0.3765625 0.7666666666666667 0.3890625 0.7555555555555555
0 0.553125 0.7333333333333333 0.559375 0.7333333333333333 0.5609375 0.7361111111111112 0.5671875 0.7333333333333333 0.578125 0.7388888888888889 0.5859375 0.7472222222222222 0.596875 0.7472222222222222 0.603125 0.7527777777777778 0.6109375 0.7527777777777778 0.6125 0.75 0.621875 0.7583333333333333 0.625 0.7555555555555555 0.6234375 0.75 0.6265625 0.75 0.6234375 0.7527777777777778 0.625 0.7555555555555555 0.6375 0.7527777777777778 0.6515625 0.7611111111111111 0.65625 0.7583333333333333 0.6640625 0.7638888888888888 0.6703125 0.7638888888888888 0.6796875 0.7722222222222223 0.678125 0.7777777777777778 0.6796875 0.7861111111111111 0.6984375 0.7888888888888889 0.7046875 0.7972222222222223 0.721875 0.8027777777777778 0.7296875 0.8111111111111111 0.7359375 0.8111111111111111 0.740625 0.8166666666666667 0.7453125 0.8138888888888889 0.7671875 0.8277777777777777 0.7859375 0.8333333333333334 0.790625 0.8388888888888889 0.8046875 0.8416666666666667 0.8203125 0.8527777777777777 0.8375 0.8583333333333333 0.84375 0.8638888888888889 0.85625 0.8666666666666667 0.8625 0.8722222222222222 0.8640625 0.8694444444444445 0.865625 0.8722222222222222 0.871875 0.8722222222222222 0.8765625 0.8777777777777778 0.8875 0.8805555555555555 0.89375 0.8861111111111111 0.896875 0.8833333333333333 0.909375 0.8944444444444445 0.915625 0.8944444444444445 0.934375 0.9055555555555556 0.9640625 0.9138888888888889 0.98125 0.925 0.9875 0.925 0.9984375 0.9333333333333333 0.9984375 0.95 0.9859375 0.9388888888888889 0.984375 0.9416666666666667 0.971875 0.9333333333333333 0.953125 0.9277777777777778 0.9375 0.9166666666666666 0.9234375 0.9138888888888889 0.896875 0.8972222222222223 0.884375 0.8944444444444445 0.86875 0.8833333333333333 0.8578125 0.8833333333333333 0.840625 0.8722222222222222 0.828125 0.8694444444444445 0.8171875 0.8611111111111112 0.7953125 0.8527777777777777 0.778125 0.8416666666666667 0.7703125 0.8416666666666667 0.75 0.8277777777777777 0.7375 0.825 0.715625 0.8111111111111111 0.6984375 0.8055555555555556 0.6875 0.7972222222222223 0.6796875 0.7972222222222223 0.65625 0.7833333333333333 0.653125 0.7861111111111111 0.6328125 0.7722222222222223 0.6140625 0.7666666666666667 0.609375 0.7611111111111111 0.603125 0.7611111111111111 0.5953125 0.7555555555555555 0.59375 0.7583333333333333 0.571875 0.7444444444444445 0.56875 0.7388888888888889 0.559375 0.7388888888888889 0.5546875 0.7333333333333333
0 0.4 0.7027777777777777 0.4015625 0.7055555555555556 0.4 0.7083333333333334 0.3921875 0.7083333333333334 0.39375 0.7027777777777777 0.3984375 0.7027777777777777
0 0.5796875 0.8083333333333333 0.578125 0.8027777777777778 0.5796875 0.7972222222222223 0.590625 0.8027777777777778 0.6015625 0.8194444444444444 0.6 0.8222222222222222 0.5921875 0.8222222222222222 0.58125 0.8083333333333333
0 0.25 0.9166666666666666 0.2546875 0.9222222222222223 0.2484375 0.9361111111111111 0.240625 0.9416666666666667 0.2328125 0.9555555555555556 0.221875 0.9638888888888889 0.20625 0.9861111111111112 0.1984375 0.9916666666666667 0.196875 0.9972222222222222 0.1734375 0.9972222222222222 0.1953125 0.9722222222222222 0.203125 0.9666666666666667 0.209375 0.9555555555555556 0.2171875 0.95 0.225 0.9388888888888889 0.2359375 0.9305555555555556 0.24375 0.9194444444444444 0.2484375 0.9194444444444444
0 0.1734375 0.9972222222222222 0.203125 0.9666666666666667 0.209375 0.9555555555555556 0.2203125 0.9472222222222222 0.225 0.9388888888888889 0.2359375 0.9305555555555556 0.24375 0.9194444444444444 0.25 0.9166666666666666 0.2546875 0.9222222222222223 0.253125 0.9277777777777778 0.2453125 0.9388888888888889 0.240625 0.9416666666666667 0.2328125 0.9555555555555556 0.2140625 0.9722222222222222 0.2125 0.9777777777777777 0.1984375 0.9916666666666667 0.196875 0.9972222222222222 0.175 0.9972222222222222
0 0.428125 0.7111111111111111 0.425 0.7194444444444444 0.4171875 0.7277777777777777 0.409375 0.7416666666666667 0.4015625 0.7416666666666667 0.4140625 0.7222222222222222 0.4265625 0.7111111111111111
0 0.3671875 0.7833333333333333 0.0453125 0.05
0 0.2625 0.7472222222222222 0.2578125 0.7555555555555555 0.2390625 0.7611111111111111 0.2359375 0.7666666666666667 0.21875 0.7694444444444445 0.20625 0.7777777777777778 0.1828125 0.7833333333333333 0.165625 0.7944444444444444 0.1484375 0.7972222222222223 0.1453125 0.8027777777777778 0.11875 0.8083333333333333 0.1171875 0.8138888888888889 0.10625 0.8138888888888889 0.1046875 0.8166666666666667 0.0890625 0.8194444444444444 0.0859375 0.825 0.06875 0.8277777777777777 0.0578125 0.8361111111111111 0.0328125 0.8416666666666667 0.028125 0.8472222222222222 0.0140625 0.85 0.0125 0.8527777777777777 0.0109375 0.8527777777777777 0.0109375 0.8416666666666667 0.025 0.8388888888888889 0.028125 0.8333333333333334 0.053125 0.8277777777777777 0.0578125 0.8222222222222222 0.0828125 0.8166666666666667 0.09375 0.8083333333333333 0.1125 0.8055555555555556 0.1171875 0.8 0.1328125 0.7972222222222223 0.1390625 0.7916666666666666 0.1453125 0.7916666666666666 0.15 0.7861111111111111 0.175 0.7805555555555556 0.18125 0.775 0.2046875 0.7694444444444445 0.209375 0.7638888888888888 0.23125 0.7611111111111111 0.2359375 0.7555555555555555 0.2515625 0.7527777777777778 0.2609375 0.7472222222222222
0 0.5484375 0.7638888888888888 0.553125 0.7638888888888888 0.559375 0.7694444444444445 0.5625 0.7777777777777778 0.55625 0.7777777777777778 0.55 0.7666666666666667
0 0.6390625 0.8777777777777778 0.6515625 0.8777777777777778 0.6546875 0.8833333333333333 0.6625 0.8888888888888888 0.675 0.9083333333333333 0.6828125 0.9138888888888889 0.703125 0.9388888888888889 0.7015625 0.9444444444444444 0.6921875 0.9444444444444444 0.6875 0.9388888888888889 0.6859375 0.9416666666666667 0.6765625 0.9277777777777778 0.6640625 0.9166666666666666 0.6578125 0.9055555555555556 0.646875 0.8944444444444445 0.6390625 0.8805555555555555
0 0.6390625 0.8777777777777778 0.6515625 0.8777777777777778 0.6546875 0.8833333333333333 0.6625 0.8888888888888888 0.675 0.9083333333333333 0.6828125 0.9138888888888889 0.703125 0.9388888888888889 0.7015625 0.9444444444444444 0.6921875 0.9444444444444444 0.6875 0.9388888888888889 0.6859375 0.9416666666666667 0.6765625 0.9277777777777778 0.6484375 0.8972222222222223 0.6390625 0.8805555555555555
0 0.69375 0.8388888888888889 0.70625 0.8444444444444444 0.7109375 0.85 0.7171875 0.85 0.7328125 0.8611111111111112 0.7390625 0.8611111111111112 0.740625 0.8638888888888889 0.753125 0.8611111111111112 0.7578125 0.8638888888888889 0.753125 0.8638888888888889 0.7515625 0.8666666666666667 0.753125 0.8694444444444445 0.7671875 0.8805555555555555 0.7671875 0.8833333333333333 0.759375 0.8833333333333333 0.7484375 0.875 0.7453125 0.8777777777777778 0.728125 0.8666666666666667 0.7171875 0.8666666666666667 0.715625 0.8694444444444445 0.7125 0.8666666666666667 0.6875 0.8666666666666667 0.6890625 0.8611111111111112 0.703125 0.8611111111111112 0.70625 0.8555555555555555 0.69375 0.8416666666666667