0 0.6171875 0.675 0.6265625 0.6861111111111111 0.6125 0.6833333333333333 0.6109375 0.6777777777777778 0.615625 0.6777777777777778
0 0.871875 0.825 0.878125 0.8222222222222222 0.8890625 0.8305555555555556 0.890625 0.8277777777777777 0.8953125 0.8305555555555556 0.9046875 0.8388888888888889 0.9078125 0.8361111111111111 0.9203125 0.8472222222222222 0.921875 0.8444444444444444 0.9359375 0.8555555555555555 0.953125 0.8611111111111112 0.9578125 0.8666666666666667 0.9625 0.8666666666666667 0.9765625 0.8777777777777778 0.98125 0.8805555555555555 0.9828125 0.8777777777777778 0.9875 0.8833333333333333 0.9984375 0.8888888888888888 0.9984375 0.9 0.996875 0.9027777777777778 0.9890625 0.8944444444444445 0.9796875 0.8916666666666667 0.9703125 0.8833333333333333 0.9640625 0.8833333333333333 0.95625 0.875 0.95 0.875 0.940625 0.8666666666666667 0.9296875 0.8638888888888889 0.921875 0.8555555555555555 0.9203125 0.8583333333333333 0.915625 0.8527777777777777 0.90625 0.85 0.9015625 0.8444444444444444 0.896875 0.8444444444444444 0.871875 0.8277777777777777
0 0.53125 0.6888888888888889 0.5359375 0.7 0.53125 0.7 0.5265625 0.6916666666666667 0.5296875 0.6888888888888889
0 0.90625 0.7194444444444444 0.9140625 0.725 0.9375 0.7277777777777777 0.94375 0.7333333333333333 0.9484375 0.7333333333333333 0.946875 0.7388888888888889 0.9390625 0.7388888888888889 0.9375 0.7361111111111112 0.93125 0.7388888888888889 0.921875 0.7333333333333333 0.9125 0.7333333333333333 0.9046875 0.7277777777777777 0.9015625 0.7305555555555555 0.89375 0.725 0.89375 0.7222222222222222 0.9046875 0.7194444444444444
0 0.678125 0.7111111111111111 0.696875 0.7194444444444444 0.715625 0.7333333333333333 0.7046875 0.7333333333333333 0.696875 0.7277777777777777 0.690625 0.7277777777777777 0.6859375 0.7222222222222222 0.6828125 0.7222222222222222 0.6796875 0.7166666666666667 0.678125 0.7194444444444444 0.6765625 0.7138888888888889
0 0.0734375 0.9888888888888889 0.08125 0.9861111111111112 0.0921875 0.9722222222222222 0.1015625 0.9722222222222222 0.103125 0.9694444444444444 0.1015625 0.9777777777777777 0.0921875 0.9861111111111112 0.0875 0.9944444444444445 0.0828125 0.9972222222222222 0.0625 0.9972222222222222 0.0671875 0.9972222222222222 0.0734375 0.9916666666666667
0 0.2921875 0.8 0.290625 0.7916666666666666 0.2921875 0.7777777777777778 0.3015625 0.7722222222222223 0.3078125 0.7638888888888888 0.3125 0.7638888888888888 0.3140625 0.775 0.309375 0.7944444444444444 0.30625 0.8 0.296875 0.8 0.2953125 0.7972222222222223 0.2890625 0.8083333333333333 0.2796875 0.8138888888888889 0.2765625 0.8194444444444444 0.2640625 0.825 0.2578125 0.8333333333333334 0.2515625 0.8333333333333334 0.2484375 0.8388888888888889 0.2359375 0.8416666666666667 0.2328125 0.8472222222222222 0.225 0.8527777777777777 0.2140625 0.8555555555555555 0.21875 0.8444444444444444 0.2390625 0.8166666666666667 0.2546875 0.8 0.2640625 0.7972222222222223 0.2703125 0.8055555555555556 0.290625 0.8027777777777778
0 0.8328125 0.7055555555555556 0.84375 0.7027777777777777 0.8515625 0.7083333333333334 0.8703125 0.7111111111111111 0.871875 0.7166666666666667 0.853125 0.7166666666666667 0.834375 0.7083333333333334
0 0.703125 0.6666666666666666 0.7046875 0.6694444444444444 0.7140625 0.6666666666666666 0.71875 0.675 0.7015625 0.6722222222222223 0.6984375 0.6694444444444444 0.7015625 0.6694444444444444
0 0.7875 0.6916666666666667 0.7953125 0.6916666666666667 0.796875 0.6944444444444444 0.803125 0.6916666666666667 0.8046875 0.6944444444444444 0.8140625 0.6944444444444444 0.8203125 0.7 0.80625 0.7027777777777777 0.7875 0.6944444444444444
0 0.74375 0.6777777777777778 0.7453125 0.6777777777777778 0.74375 0.6805555555555556 0.73125 0.6805555555555556 0.725 0.6777777777777778 0.7234375 0.675 0.725 0.6722222222222223 0.740625 0.675 0.7421875 0.6777777777777778
0 0.553125 0.7305555555555555 0.5609375 0.7333333333333333 0.5703125 0.7472222222222222 0.56875 0.7527777777777778 0.5625 0.75 0.553125 0.7333333333333333
0 0.6421875 0.8638888888888889 0.6484375 0.8694444444444445 0.653125 0.8805555555555555 0.6875 0.9305555555555556 0.7015625 0.9583333333333334 0.6984375 0.9638888888888889 0.6875 0.9611111111111111 0.678125 0.9472222222222222 0.6359375 0.8722222222222222 0.634375 0.8666666666666667 0.640625 0.8638888888888889
0 0.7515625 0.6861111111111111 0.753125 0.6805555555555556 0.771875 0.6833333333333333 0.7765625 0.6888888888888889 0.765625 0.6916666666666667 0.753125 0.6861111111111111
0 0.99375 0.7444444444444445 0.9984375 0.7472222222222222 0.9984375 0.7583333333333333 0.996875 0.7555555555555555 0.9859375 0.7555555555555555 0.978125 0.7472222222222222 0.9921875 0.7472222222222222