0 0.16875 0.8305555555555556 0.1703125 0.825 0.1984375 0.8027777777777778 0.20625 0.8027777777777778 0.20625 0.8083333333333333 0.18125 0.8305555555555556 0.1703125 0.8305555555555556
0 0.38125 0.7416666666666667 0.3828125 0.7472222222222222 0.3703125 0.7527777777777778 0.3578125 0.7666666666666667 0.3453125 0.7888888888888889 0.321875 0.8194444444444444 0.3 0.8555555555555555 0.29375 0.8611111111111112 0.2703125 0.9 0.203125 0.9972222222222222 0.1890625 0.9972222222222222 0.1890625 0.9944444444444445 0.2046875 0.9694444444444444 0.2109375 0.9638888888888889 0.21875 0.95 0.240625 0.9222222222222223 0.2640625 0.8861111111111111 0.2796875 0.8666666666666667 0.2890625 0.85 0.296875 0.8416666666666667 0.30625 0.825 0.334375 0.7888888888888889 0.3546875 0.7583333333333333 0.371875 0.7444444444444445 0.3796875 0.7416666666666667
0 0.090625 0.7055555555555556 0.0921875 0.7083333333333334 0.090625 0.7111111111111111 0.084375 0.7111111111111111 0.059375 0.7222222222222222 0.0515625 0.7222222222222222 0.05 0.725 0.040625 0.725 0.0390625 0.7222222222222222 0.04375 0.7194444444444444 0.0890625 0.7055555555555556
0 0.58125 0.8 0.5875 0.7972222222222223 0.603125 0.8194444444444444 0.6265625 0.8611111111111112 0.6171875 0.8638888888888889 0.5828125 0.8027777777777778
0 0 0.7722222222222223 0.003125 0.7694444444444445 0.009375 0.7722222222222223 0.003125 0.7777777777777778 0 0.7777777777777778 0 0.775
0 0.184375 0.7055555555555556 0.178125 0.7111111111111111 0.159375 0.7166666666666667 0.1578125 0.7194444444444444 0.15 0.7194444444444444 0.15 0.7166666666666667 0.1578125 0.7111111111111111 0.1703125 0.7083333333333334 0.171875 0.7055555555555556 0.1828125 0.7055555555555556
0 0 0.7055555555555556 0.0078125 0.7055555555555556 0.0140625 0.7 0.04375 0.6972222222222222 0.0453125 0.6944444444444444 0.059375 0.6944444444444444 0.0609375 0.6972222222222222 0.0421875 0.7027777777777777 0.040625 0.7055555555555556 0.028125 0.7055555555555556 0.0265625 0.7083333333333334 0.0046875 0.7111111111111111 0.003125 0.7138888888888889 0 0.7138888888888889 0 0.7083333333333334
0 0.26875 0.7527777777777778 0.2703125 0.7472222222222222 0.2828125 0.7388888888888889 0.2859375 0.7416666666666667 0.2859375 0.7472222222222222 0.2796875 0.7527777777777778 0.2703125 0.7527777777777778
0 0.0203125 0.825 0.021875 0.8194444444444444 0.034375 0.8166666666666667 0.046875 0.8083333333333333 0.0640625 0.8027777777777778 0.09375 0.7833333333333333 0.0984375 0.7833333333333333 0.1109375 0.775 0.1171875 0.775 0.1328125 0.7638888888888888 0.1453125 0.7611111111111111 0.1609375 0.75 0.1734375 0.7472222222222222 0.175 0.7444444444444445 0.190625 0.7472222222222222 0.190625 0.75 0.1828125 0.7583333333333333 0.1640625 0.7694444444444445 0.159375 0.7694444444444445 0.1171875 0.7972222222222223 0.1015625 0.8027777777777778 0.0921875 0.8111111111111111 0.071875 0.8194444444444444 0.0625 0.8277777777777777 0.046875 0.8333333333333334 0.0171875 0.8527777777777777 0.00625 0.8555555555555555 0 0.8611111111111112 0 0.85 0.009375 0.85 0.01875 0.8416666666666667 0.0328125 0.8361111111111111 0.05625 0.8194444444444444 0.09375 0.8027777777777778 0.0984375 0.7972222222222223 0.1359375 0.7777777777777778 0.1390625 0.7722222222222223 0.1375 0.7694444444444445 0.128125 0.7722222222222223 0.053125 0.8138888888888889 0.034375 0.8222222222222222 0.028125 0.8194444444444444 0.021875 0.825
0 0.3265625 0.7055555555555556 0.328125 0.7083333333333334 0.340625 0.7083333333333334 0.3109375 0.725 0.30625 0.7222222222222222 0.3109375 0.7083333333333334 0.3140625 0.7055555555555556 0.325 0.7055555555555556
0 0.1828125 0.7416666666666667 0.1875 0.7472222222222222 0.190625 0.7472222222222222 0.171875 0.7638888888888888 0.1609375 0.7666666666666667 0.15625 0.7722222222222223 0.1203125 0.7916666666666666 0.115625 0.7972222222222223 0.1046875 0.8 0.090625 0.8111111111111111 0.075 0.8166666666666667 0.0609375 0.8277777777777777 0.05 0.8305555555555556 0.0453125 0.8361111111111111 0.040625 0.8361111111111111 0.015625 0.8527777777777777 0.009375 0.8527777777777777 0.0015625 0.8583333333333333 0 0.8583333333333333 0 0.8527777777777777 0.00625 0.8527777777777777 0.0109375 0.8472222222222222 0.015625 0.8472222222222222 0.025 0.8388888888888889 0.034375 0.8361111111111111 0.0390625 0.8305555555555556 0.05 0.8277777777777777 0.0640625 0.8166666666666667 0.08125 0.8111111111111111 0.1 0.7972222222222223 0.1046875 0.7972222222222223 0.115625 0.7888888888888889 0.125 0.7861111111111111 0.1296875 0.7805555555555556 0.134375 0.7805555555555556 0.1390625 0.775 0.15 0.7722222222222223 0.16875 0.7611111111111111 0.1734375 0.7555555555555555 0.1671875 0.7527777777777778 0.1609375 0.7583333333333333 0.146875 0.7638888888888888 0.1421875 0.7694444444444445 0.1359375 0.7694444444444445 0.1125 0.7833333333333333 0.1015625 0.7861111111111111 0.065625 0.8083333333333333 0.0609375 0.8083333333333333 0.0484375 0.8166666666666667 0.0421875 0.8166666666666667 0.0359375 0.8222222222222222 0.01875 0.825 0.01875 0.8194444444444444 0.0328125 0.8166666666666667 0.04375 0.8083333333333333 0.0765625 0.7944444444444444 0.090625 0.7833333333333333 0.1203125 0.7722222222222223 0.1359375 0.7611111111111111 0.1421875 0.7611111111111111 0.1640625 0.7472222222222222 0.18125 0.7416666666666667