0 0.85 0.3388888888888889 0.8515625 0.33611111111111114 0.859375 0.3388888888888889 0.859375 0.34444444444444444 0.853125 0.34444444444444444 0.8515625 0.3416666666666667
0 0.6015625 0.5027777777777778 0.603125 0.5083333333333333 0.596875 0.5138888888888888 0.5828125 0.5361111111111111 0.5625 0.5611111111111111 0.553125 0.5777777777777777 0.5390625 0.5944444444444444 0.515625 0.6333333333333333 0.50625 0.6444444444444445 0.5 0.6472222222222223 0.4890625 0.6444444444444445 0.4890625 0.6388888888888888 0.4953125 0.6277777777777778 0.55 0.5527777777777778 0.5875 0.5083333333333333 0.6 0.5027777777777778
0 0.709375 0.38055555555555554 0.7140625 0.37222222222222223 0.7265625 0.3638888888888889 0.7265625 0.36944444444444446 0.7234375 0.375 0.7109375 0.38333333333333336
0 0.8890625 0.4027777777777778 0.896875 0.4027777777777778 0.9140625 0.4305555555555556 0.9140625 0.4388888888888889 0.9109375 0.44166666666666665 0.903125 0.4361111111111111 0.8890625 0.40555555555555556
0 0.6015625 0.3638888888888889 0.603125 0.36666666666666664 0.6015625 0.36944444444444446 0.578125 0.38055555555555554 0.5734375 0.38055555555555554 0.5703125 0.375 0.6 0.3638888888888889
0 0.4515625 0.425 0.453125 0.41944444444444445 0.459375 0.4166666666666667 0.4671875 0.4166666666666667 0.475 0.4111111111111111 0.48125 0.4111111111111111 0.50625 0.4 0.515625 0.4 0.5171875 0.3972222222222222 0.5203125 0.4 0.51875 0.4027777777777778 0.49375 0.41388888888888886 0.4875 0.41388888888888886 0.4625 0.425 0.453125 0.425
0 0.421875 0.7722222222222223 0.4265625 0.775 0.421875 0.7916666666666666 0.3734375 0.8777777777777778 0.31875 0.9861111111111112 0.309375 0.9972222222222222 0.26875 0.9972222222222222 0.26875 0.9944444444444445 0.34375 0.8638888888888889 0.3984375 0.7777777777777778 0.403125 0.7722222222222223 0.4203125 0.7722222222222223
0 0.7046875 0.3888888888888889 0.70625 0.3888888888888889 0.703125 0.39444444444444443 0.68125 0.4166666666666667 0.6765625 0.41388888888888886 0.678125 0.4083333333333333 0.6984375 0.3888888888888889 0.703125 0.3888888888888889
0 0.1109375 0.5555555555555556 0.115625 0.55 0.134375 0.5416666666666666 0.140625 0.5416666666666666 0.1609375 0.5305555555555556 0.1671875 0.5305555555555556 0.175 0.525 0.18125 0.525 0.1890625 0.5194444444444445 0.1953125 0.5194444444444445 0.203125 0.5138888888888888 0.209375 0.5138888888888888 0.215625 0.5083333333333333 0.2234375 0.5083333333333333 0.253125 0.49444444444444446 0.2609375 0.49444444444444446 0.2734375 0.4861111111111111 0.290625 0.48333333333333334 0.3046875 0.475 0.321875 0.4722222222222222 0.3234375 0.46944444444444444 0.33125 0.46944444444444444 0.328125 0.475 0.309375 0.48333333333333334 0.303125 0.48333333333333334 0.3015625 0.4861111111111111 0.2953125 0.4861111111111111 0.29375 0.4888888888888889 0.284375 0.4888888888888889 0.271875 0.49722222222222223 0.246875 0.5083333333333333 0.240625 0.5083333333333333 0.2265625 0.5166666666666667 0.2203125 0.5166666666666667 0.2 0.5277777777777778 0.19375 0.5277777777777778 0.1671875 0.5416666666666666 0.1609375 0.5416666666666666 0.13125 0.5555555555555556 0.1125 0.5555555555555556
0 0.9625 0.5166666666666667 0.9765625 0.5194444444444445 0.9984375 0.5472222222222223 0.9984375 0.5694444444444444 0.996875 0.5694444444444444 0.96875 0.5333333333333333 0.9625 0.5194444444444445
0 0.66875 0.42777777777777776 0.6640625 0.4361111111111111 0.6546875 0.4444444444444444 0.63125 0.475 0.6265625 0.4777777777777778 0.6234375 0.4777777777777778 0.61875 0.4722222222222222 0.621875 0.4666666666666667 0.659375 0.42777777777777776 0.6671875 0.42777777777777776
0 0.603125 0.5027777777777778 0.6046875 0.5083333333333333 0.6 0.5111111111111111 0.584375 0.5361111111111111 0.5796875 0.5388888888888889 0.5671875 0.5583333333333333 0.5609375 0.5638888888888889 0.5140625 0.6361111111111111 0.5078125 0.6416666666666667 0.4546875 0.725 0.43125 0.7666666666666667 0.421875 0.7916666666666666 0.403125 0.8277777777777777 0.375 0.875 0.3203125 0.9833333333333333 0.309375 0.9972222222222222 0.2703125 0.9972222222222222 0.2703125 0.9916666666666667 0.340625 0.8694444444444445 0.3984375 0.7777777777777778 0.4046875 0.7722222222222223 0.425 0.7722222222222223 0.45625 0.7138888888888889 0.49375 0.6555555555555556 0.4953125 0.65 0.4890625 0.6444444444444445 0.4890625 0.6388888888888888 0.51875 0.5944444444444444 0.525 0.5888888888888889 0.55 0.5527777777777778 0.5546875 0.55 0.5875 0.5083333333333333 0.59375 0.5027777777777778 0.6015625 0.5027777777777778
0 0.8640625 0.35833333333333334 0.86875 0.35833333333333334 0.878125 0.36944444444444446 0.878125 0.375 0.871875 0.375 0.8640625 0.3611111111111111