0 0.503125 0.6722222222222223 0.50625 0.675 0.50625 0.6805555555555556 0.5015625 0.6805555555555556 0.5015625 0.675
0 0.52109375 0.7125 0.0125 0.019444444444444445
0 0.2765625 0.7888888888888889 0.278125 0.7916666666666666 0.2765625 0.7972222222222223 0.26875 0.8027777777777778 0.2640625 0.8111111111111111 0.24375 0.8333333333333334 0.234375 0.85 0.2125 0.8722222222222222 0.1921875 0.8722222222222222 0.190625 0.8666666666666667 0.175 0.8666666666666667 0.1734375 0.8638888888888889 0.175 0.8611111111111112 0.171875 0.8555555555555555 0.1625 0.8527777777777777 0.159375 0.8611111111111112 0.159375 0.8694444444444445 0.165625 0.8722222222222222 0.1453125 0.8722222222222222 0.14375 0.875 0.1234375 0.875 0.121875 0.8777777777777778 0.1140625 0.8777777777777778 0.1125 0.875 0.0953125 0.8777777777777778 0.09375 0.875 0.0875 0.875 0.0875 0.8722222222222222 0.0984375 0.8583333333333333 0.1125 0.8472222222222222 0.1359375 0.8222222222222222 0.1421875 0.8111111111111111 0.1625 0.7888888888888889 0.1765625 0.7888888888888889 0.1765625 0.7916666666666666 0.1703125 0.8055555555555556 0.153125 0.8222222222222222 0.1484375 0.8305555555555556 0.15 0.8361111111111111 0.171875 0.8361111111111111 0.1953125 0.8222222222222222 0.2015625 0.8222222222222222 0.2140625 0.8138888888888889 0.2265625 0.8111111111111111 0.2328125 0.8027777777777778 0.2390625 0.8027777777777778 0.2609375 0.7888888888888889 0.275 0.7888888888888889
0 0.0046875 0.9611111111111111 0.015625 0.9611111111111111 0.0171875 0.9638888888888889 0.0265625 0.9638888888888889 0.028125 0.9666666666666667 0.0359375 0.9666666666666667 0.0484375 0.9722222222222222 0.0578125 0.9805555555555555 0.0625 0.9916666666666667 0.0625 0.9972222222222222 0.025 0.9972222222222222 0.0203125 0.9888888888888889 0.021875 0.9861111111111112 0.0203125 0.9833333333333333 0.0046875 0.9805555555555555 0.0046875 0.9638888888888889
0 0.003125 0.7833333333333333 0.025 0.7777777777777778 0.0328125 0.7694444444444445 0.0515625 0.7666666666666667 0.05625 0.7611111111111111 0.0640625 0.7611111111111111 0.0703125 0.7555555555555555 0.0859375 0.7555555555555555 0.0953125 0.7472222222222222 0.1015625 0.7472222222222222 0.11875 0.7388888888888889 0.1265625 0.7388888888888889 0.128125 0.7361111111111112 0.1390625 0.7361111111111112 0.1375 0.7472222222222222 0.1296875 0.7444444444444445 0.121875 0.75 0.09375 0.7583333333333333 0.0875 0.7638888888888888 0.071875 0.7638888888888888 0.0703125 0.7666666666666667 0.0578125 0.7694444444444445 0.0546875 0.775 0.0125 0.7888888888888889 0.0109375 0.7916666666666666 0.0046875 0.7916666666666666 0.003125 0.7944444444444444 0.003125 0.7861111111111111
0 0.1390625 0.7722222222222223 0.1421875 0.775 0.140625 0.7777777777777778 0.1328125 0.7777777777777778 0.1265625 0.7833333333333333 0.103125 0.7916666666666666 0.0921875 0.8 0.059375 0.8138888888888889 0.0421875 0.8333333333333334 0.0390625 0.8333333333333334 0.021875 0.85 0.0109375 0.8555555555555555 0.003125 0.8555555555555555 0.003125 0.8472222222222222 0.0078125 0.8472222222222222 0.021875 0.8361111111111111 0.034375 0.8305555555555556 0.0484375 0.8194444444444444 0.059375 0.8055555555555556 0.0765625 0.7972222222222223 0.084375 0.7972222222222223 0.0953125 0.7888888888888889 0.1375 0.7722222222222223
0 0.721875 0.7833333333333333 0.728125 0.7833333333333333 0.7671875 0.8138888888888889 0.76875 0.8111111111111111 0.7734375 0.8138888888888889 0.7984375 0.8361111111111111 0.796875 0.8388888888888889 0.7875 0.8361111111111111 0.771875 0.8222222222222222 0.7703125 0.825 0.7609375 0.8194444444444444 0.721875 0.7861111111111111
0 0.8640625 0.7722222222222223 0.88125 0.775 0.896875 0.7833333333333333 0.8953125 0.7888888888888889 0.8828125 0.7888888888888889 0.88125 0.7861111111111111 0.8671875 0.7833333333333333 0.8640625 0.7805555555555556 0.8640625 0.775
0 0.9125 0.7888888888888889 0.9234375 0.7888888888888889 0.925 0.7916666666666666 0.934375 0.7916666666666666 0.9453125 0.7972222222222223 0.9484375 0.7944444444444444 0.9984375 0.7972222222222223 0.9984375 0.8361111111111111 0.9953125 0.8361111111111111 0.9671875 0.8166666666666667 0.9546875 0.8111111111111111 0.9453125 0.8111111111111111 0.9203125 0.8 0.9125 0.7916666666666666
0 0.55625 0.7833333333333333 0.5671875 0.7972222222222223 0.578125 0.8194444444444444 0.5796875 0.8277777777777777 0.571875 0.8277777777777777 0.5546875 0.7944444444444444 0.553125 0.7888888888888889 0.5546875 0.7861111111111111
0 0.28125 0.8916666666666667 0.2859375 0.9 0.2953125 0.9 0.3015625 0.9055555555555556 0.284375 0.9416666666666667 0.278125 0.9527777777777777 0.275 0.9527777777777777 0.2703125 0.9611111111111111 0.2703125 0.9666666666666667 0.25 0.9972222222222222 0.2078125 0.9972222222222222 0.2046875 0.9916666666666667 0.2046875 0.9861111111111112 0.2015625 0.9777777777777777 0.196875 0.9777777777777777 0.1796875 0.9972222222222222 0.1375 0.9972222222222222 0.1328125 0.9916666666666667 0.1328125 0.9861111111111112 0.1375 0.9805555555555555 0.1375 0.975 0.1328125 0.9722222222222222 0.14375 0.9555555555555556 0.153125 0.95 0.1578125 0.9388888888888889 0.1625 0.9388888888888889 0.1640625 0.9416666666666667 0.1609375 0.9472222222222222 0.1546875 0.9472222222222222 0.1515625 0.9527777777777777 0.1546875 0.9583333333333334 0.1484375 0.9611111111111111 0.1375 0.975 0.1390625 0.9833333333333333 0.1375 0.9888888888888889 0.1421875 0.9944444444444445 0.14375 0.9861111111111112 0.1453125 0.9861111111111112 0.146875 0.9944444444444445 0.1546875 0.9777777777777777 0.15625 0.9666666666666667 0.1625 0.9694444444444444 0.1640625 0.9611111111111111 0.165625 0.9611111111111111 0.165625 0.9666666666666667 0.16875 0.9694444444444444 0.175 0.9638888888888889 0.1828125 0.9527777777777777 0.1828125 0.9472222222222222 0.178125 0.9388888888888889 0.1875 0.9361111111111111 0.1921875 0.9277777777777778 0.1984375 0.9222222222222223 0.203125 0.9222222222222223 0.2078125 0.9083333333333333 0.21875 0.9083333333333333 0.225 0.9027777777777778 0.2421875 0.9 0.246875 0.9055555555555556 0.2421875 0.9166666666666666 0.24375 0.925 0.2609375 0.9277777777777778 0.2640625 0.9222222222222223 0.2640625 0.9166666666666666 0.265625 0.9138888888888889 0.26875 0.9166666666666666 0.271875 0.9111111111111111 0.2703125 0.9083333333333333 0.275 0.9055555555555556 0.2765625 0.8972222222222223 0.2796875 0.8944444444444445
0 0.5375 0.9055555555555556 0.575 0.9055555555555556 0.5796875 0.9138888888888889 0.5921875 0.9555555555555556 0.5984375 0.9666666666666667 0.60625 0.9888888888888889 0.6046875 0.9944444444444445 0.59375 0.9944444444444445 0.5921875 0.9972222222222222 0.559375 0.9972222222222222 0.5546875 0.9888888888888889 0.546875 0.95 0.540625 0.9305555555555556 0.5375 0.9083333333333333