0 0.1578125 0.8305555555555556 0.1546875 0.8361111111111111 0.134375 0.85 0.11875 0.8527777777777777 0.115625 0.8583333333333333 0.0984375 0.8611111111111112 0.084375 0.8722222222222222 0.0734375 0.8722222222222222 0.071875 0.875 0.059375 0.8722222222222222 0.06875 0.8638888888888889 0.0875 0.8583333333333333 0.0984375 0.85 0.1125 0.8472222222222222 0.1234375 0.8388888888888889 0.1453125 0.8361111111111111 0.1484375 0.8305555555555556 0.15625 0.8305555555555556
0 0.1578125 0.875 0.1609375 0.8777777777777778 0.1609375 0.8833333333333333 0.15 0.8861111111111111 0.146875 0.8916666666666667 0.090625 0.8916666666666667 0.0890625 0.8944444444444445 0.059375 0.8944444444444445 0.0578125 0.8972222222222223 0.0515625 0.8972222222222223 0.05 0.8944444444444445 0.0125 0.8972222222222223 0.0109375 0.8944444444444445 0.0125 0.8833333333333333 0.0171875 0.8861111111111111 0.0578125 0.8833333333333333 0.059375 0.8805555555555555 0.0625 0.8833333333333333 0.0875 0.8833333333333333 0.0890625 0.8805555555555555 0.1171875 0.8805555555555555 0.11875 0.8777777777777778 0.146875 0.8777777777777778 0.1484375 0.875 0.15625 0.875
0 0.4 0.7805555555555556 0.4015625 0.7833333333333333 0.38125 0.8166666666666667 0.3734375 0.825 0.3640625 0.8416666666666667 0.3609375 0.8416666666666667 0.35625 0.8472222222222222 0.3359375 0.8444444444444444 0.3390625 0.8361111111111111 0.3546875 0.8222222222222222 0.3625 0.8083333333333333 0.3671875 0.8055555555555556 0.38125 0.7861111111111111 0.384375 0.7861111111111111 0.3875 0.7805555555555556 0.3984375 0.7805555555555556
0 0.4859375 0.7722222222222223 0.503125 0.7722222222222223 0.5078125 0.7805555555555556 0.5109375 0.7972222222222223 0.5203125 0.825 0.51875 0.8305555555555556 0.50625 0.8305555555555556 0.5046875 0.8333333333333334 0.4875 0.8305555555555556 0.4859375 0.7888888888888889 0.484375 0.7861111111111111 0.4859375 0.775
0 0.7734375 0.7527777777777778 0.7796875 0.7583333333333333 0.7875 0.7583333333333333 0.7984375 0.7638888888888888 0.8046875 0.7611111111111111 0.8296875 0.7722222222222223 0.8359375 0.7694444444444445 0.8375 0.7722222222222223 0.8609375 0.7777777777777778 0.8625 0.7805555555555556 0.8640625 0.7777777777777778 0.8703125 0.7777777777777778 0.8875 0.7861111111111111 0.89375 0.7833333333333333 0.8953125 0.7861111111111111 0.903125 0.7861111111111111 0.9203125 0.7944444444444444 0.9234375 0.7916666666666666 0.9375 0.8 0.959375 0.8 0.965625 0.8055555555555556 0.9375 0.8083333333333333 0.925 0.8027777777777778 0.921875 0.8055555555555556 0.8984375 0.7944444444444444 0.8921875 0.7972222222222223 0.8859375 0.7916666666666666 0.8796875 0.7916666666666666 0.8703125 0.7861111111111111 0.853125 0.7861111111111111 0.834375 0.7777777777777778 0.8328125 0.7805555555555556 0.8234375 0.7805555555555556 0.8078125 0.7722222222222223 0.796875 0.7722222222222223 0.7953125 0.7694444444444445 0.7875 0.7694444444444445 0.7765625 0.7638888888888888 0.7734375 0.7666666666666667 0.765625 0.7638888888888888 0.759375 0.7583333333333333 0.7546875 0.7583333333333333 0.7546875 0.7555555555555555 0.771875 0.7555555555555555
0 0.3 0.7972222222222223 0.3015625 0.8 0.3 0.8027777777777778 0.284375 0.8166666666666667 0.275 0.8194444444444444 0.2546875 0.8361111111111111 0.240625 0.8388888888888889 0.2375 0.8444444444444444 0.2234375 0.8444444444444444 0.2203125 0.8416666666666667 0.228125 0.8333333333333334 0.2328125 0.8333333333333334 0.2484375 0.8194444444444444 0.2609375 0.8166666666666667 0.2671875 0.8083333333333333 0.2765625 0.8027777777777778 0.2890625 0.8027777777777778 0.2984375 0.7972222222222223
0 0.0953125 0.9027777777777778 0.096875 0.9055555555555556 0.1 0.9027777777777778 0.1015625 0.9055555555555556 0.1203125 0.9055555555555556 0.121875 0.9083333333333333 0.115625 0.9138888888888889 0.103125 0.9194444444444444 0.0921875 0.9194444444444444 0.0890625 0.925 0.0875 0.9222222222222223 0.0609375 0.9222222222222223 0.046875 0.9305555555555556 0.0421875 0.9305555555555556 0.0375 0.925 0.0171875 0.925 0.0125 0.9305555555555556 0.0125 0.9055555555555556 0.0171875 0.9083333333333333 0.05 0.9055555555555556 0.0546875 0.9083333333333333 0.059375 0.9027777777777778 0.0671875 0.9027777777777778 0.06875 0.9055555555555556 0.0875 0.9055555555555556 0.09375 0.9027777777777778
0 0.2890625 0.8277777777777777 0.3125 0.8083333333333333 0.315625 0.8027777777777778 0.325 0.8 0.328125 0.7944444444444444 0.3515625 0.7916666666666666 0.346875 0.8 0.334375 0.8083333333333333 0.3171875 0.8277777777777777 0.3125 0.8305555555555556 0.2984375 0.8305555555555556 0.296875 0.8333333333333334 0.290625 0.8333333333333334 0.2890625 0.8305555555555556
0 0.4453125 0.775 0.45 0.7805555555555556 0.45 0.7861111111111111 0.440625 0.8361111111111111 0.4390625 0.8388888888888889 0.4171875 0.8388888888888889 0.4109375 0.8416666666666667 0.4109375 0.8305555555555556 0.43125 0.7833333333333333 0.44375 0.7777777777777778
0 0.240625 0.8111111111111111 0.240625 0.8166666666666667 0.2375 0.8166666666666667 0.2296875 0.825 0.2109375 0.8305555555555556 0.2015625 0.8388888888888889 0.18125 0.8444444444444444 0.1625 0.8583333333333333 0.1484375 0.8583333333333333 0.146875 0.8611111111111112 0.134375 0.8611111111111112 0.134375 0.8583333333333333 0.1453125 0.8555555555555555 0.1484375 0.85 0.1578125 0.8444444444444444 0.175 0.8388888888888889 0.1828125 0.8305555555555556 0.2046875 0.825 0.2078125 0.8194444444444444 0.2140625 0.8166666666666667 0.2359375 0.8138888888888889 0.2390625 0.8111111111111111
0 0.6578125 0.7611111111111111 0.659375 0.7638888888888888 0.671875 0.7666666666666667 0.6828125 0.775 0.684375 0.7722222222222223 0.6921875 0.775 0.6984375 0.7805555555555556 0.7078125 0.7833333333333333 0.7125 0.7888888888888889 0.7171875 0.7861111111111111 0.740625 0.8 0.7453125 0.7972222222222223 0.7515625 0.8027777777777778 0.7703125 0.8083333333333333 0.775 0.8111111111111111 0.7671875 0.8166666666666667 0.746875 0.8166666666666667 0.7453125 0.8138888888888889 0.7390625 0.8166666666666667 0.7296875 0.8083333333333333 0.7171875 0.8027777777777778 0.7140625 0.8055555555555556 0.70625 0.8027777777777778 0.6890625 0.7888888888888889 0.6765625 0.7861111111111111 0.6625 0.775 0.6484375 0.7722222222222223 0.6421875 0.7666666666666667 0.6421875 0.7638888888888888 0.653125 0.7638888888888888 0.65625 0.7611111111111111
0 0.0125 0.9416666666666667 0.028125 0.9416666666666667 0.0296875 0.9388888888888889 0.053125 0.9416666666666667 0.05 0.9472222222222222 0.034375 0.9527777777777777 0.0296875 0.9583333333333334 0.01875 0.9638888888888889 0.0140625 0.9638888888888889 0.0125 0.9444444444444444
0 0.7671875 0.7527777777777778 0.76875 0.7555555555555555 0.7734375 0.7527777777777778 0.778125 0.7555555555555555 0.7890625 0.7527777777777778 0.8015625 0.7583333333333333 0.80625 0.7555555555555555 0.8109375 0.7611111111111111 0.83125 0.7583333333333333 0.8328125 0.7555555555555555 0.8734375 0.7583333333333333 0.8890625 0.7666666666666667 0.9046875 0.7666666666666667 0.90625 0.7694444444444445 0.9296875 0.7722222222222223 0.946875 0.7805555555555556 0.953125 0.7777777777777778 0.95625 0.7805555555555556 0.9671875 0.7805555555555556 0.98125 0.7888888888888889 0.9828125 0.7861111111111111 0.996875 0.7888888888888889 0.9984375 0.8 0.9921875 0.8 0.990625 0.7972222222222223 0.984375 0.7972222222222223 0.9828125 0.8 0.9796875 0.7972222222222223 0.96875 0.7972222222222223 0.965625 0.8027777777777778 0.96875 0.8055555555555556 0.9375 0.8083333333333333 0.9359375 0.8055555555555556 0.9203125 0.8055555555555556 0.9125 0.8 0.903125 0.8 0.8953125 0.7944444444444444 0.8921875 0.7972222222222223 0.8890625 0.7944444444444444 0.878125 0.7944444444444444 0.86875 0.7888888888888889 0.8640625 0.7972222222222223 0.8671875 0.8027777777777778 0.8578125 0.8111111111111111 0.8234375 0.8111111111111111 0.821875 0.8083333333333333 0.8140625 0.8083333333333333 0.80625 0.8 0.7921875 0.8 0.7796875 0.7944444444444444 0.771875 0.7972222222222223 0.76875 0.7916666666666666 0.765625 0.7916666666666666 0.7609375 0.7972222222222223 0.765625 0.8 0.7671875 0.8055555555555556 0.771875 0.8055555555555556 0.7765625 0.8083333333333333 0.7765625 0.8111111111111111 0.76875 0.8166666666666667 0.7375 0.8166666666666667 0.715625 0.8027777777777778 0.709375 0.8055555555555556 0.7015625 0.8 0.6953125 0.8 0.6859375 0.7916666666666666 0.6828125 0.8 0.6875 0.8083333333333333 0.690625 0.8083333333333333 0.6921875 0.8166666666666667 0.6875 0.8166666666666667 0.684375 0.8222222222222222 0.6640625 0.8222222222222222 0.6625 0.8194444444444444 0.65625 0.8194444444444444 0.6546875 0.8222222222222222 0.6375 0.8111111111111111 0.6265625 0.8 0.625 0.8027777777777778 0.6203125 0.8 0.6171875 0.7944444444444444 0.5953125 0.775 0.584375 0.7861111111111111 0.5875 0.7944444444444444 0.590625 0.7944444444444444 0.5890625 0.8 0.59375 0.8083333333333333 0.6015625 0.8083333333333333 0.603125 0.8111111111111111 0.6015625 0.8222222222222222 0.5953125 0.825 0.56875 0.825 0.559375 0.8111111111111111 0.5546875 0.8083333333333333 0.540625 0.7833333333333333 0.5359375 0.7833333333333333 0.53125 0.7861111111111111 0.5296875 0.7888888888888889 0.53125 0.7916666666666666 0.528125 0.7916666666666666 0.5265625 0.7861111111111111 0.5140625 0.7916666666666666 0.5125 0.7972222222222223 0.515625 0.8027777777777778 0.515625 0.8111111111111111 0.5203125 0.8194444444444444 0.5203125 0.8305555555555556 0.50625 0.8305555555555556 0.5046875 0.8333333333333334 0.4890625 0.8333333333333334 0.4859375 0.8305555555555556 0.484375 0.8194444444444444 0.484375 0.7722222222222223 0.525 0.775 0.5375 0.7638888888888888 0.553125 0.7638888888888888 0.5625 0.7722222222222223 0.5734375 0.7722222222222223 0.5765625 0.7666666666666667 0.584375 0.7666666666666667 0.59375 0.7611111111111111 0.60625 0.7611111111111111 0.61875 0.7694444444444445 0.6375 0.7666666666666667 0.646875 0.7611111111111111 0.6515625 0.7638888888888888 0.659375 0.7611111111111111 0.6609375 0.7638888888888888 0.6796875 0.7694444444444445 0.6859375 0.7611111111111111 0.690625 0.7638888888888888 0.696875 0.7583333333333333 0.7125 0.7583333333333333 0.715625 0.7555555555555555 0.7265625 0.7611111111111111 0.7359375 0.7611111111111111 0.7484375 0.7527777777777778 0.765625 0.7527777777777778
0 0.5890625 0.7638888888888888 0.5984375 0.7611111111111111 0.6 0.7638888888888888 0.609375 0.7638888888888888 0.6234375 0.775 0.625 0.7722222222222223 0.640625 0.7861111111111111 0.64375 0.7861111111111111 0.65 0.7944444444444444 0.65625 0.7944444444444444 0.6609375 0.8 0.6875 0.8166666666666667 0.684375 0.8194444444444444 0.6515625 0.8194444444444444 0.6265625 0.7972222222222223 0.61875 0.7944444444444444 0.6 0.775 0.5921875 0.7722222222222223 0.5890625 0.7666666666666667
0 0.8515625 0.7555555555555555 0.853125 0.7583333333333333 0.8609375 0.7583333333333333 0.8625 0.7555555555555555 0.8640625 0.7583333333333333 0.871875 0.7583333333333333 0.8859375 0.7666666666666667 0.9046875 0.7666666666666667 0.9171875 0.7722222222222223 0.928125 0.7722222222222223 0.9296875 0.775 0.9375 0.775 0.9484375 0.7805555555555556 0.9546875 0.7777777777777778 0.95625 0.7805555555555556 0.9625 0.7805555555555556 0.9703125 0.7861111111111111 0.9796875 0.7861111111111111 0.98125 0.7888888888888889 0.9875 0.7861111111111111 0.9984375 0.7916666666666666 0.9984375 0.8 0.9953125 0.7972222222222223 0.9859375 0.7972222222222223 0.984375 0.7944444444444444 0.9828125 0.7972222222222223 0.9765625 0.7972222222222223 0.975 0.7944444444444444 0.9640625 0.7944444444444444 0.9625 0.7916666666666666 0.94375 0.7916666666666666 0.9265625 0.7833333333333333 0.9203125 0.7861111111111111 0.91875 0.7833333333333333 0.909375 0.7833333333333333 0.9 0.7777777777777778 0.8875 0.7777777777777778 0.8703125 0.7694444444444445 0.85625 0.7694444444444445 0.834375 0.7583333333333333 0.8359375 0.7555555555555555 0.85 0.7555555555555555
0 0.5359375 0.7666666666666667 0.5546875 0.7666666666666667 0.571875 0.7833333333333333 0.5875 0.8055555555555556 0.590625 0.8055555555555556 0.5953125 0.8111111111111111 0.6015625 0.8222222222222222 0.5953125 0.825 0.571875 0.825 0.55625 0.8055555555555556 0.5359375 0.7694444444444445
0 0.0125 0.9055555555555556 0.0140625 0.9083333333333333 0.028125 0.9083333333333333 0.0296875 0.9055555555555556 0.0578125 0.9083333333333333 0.0640625 0.9027777777777778 0.065625 0.9055555555555556 0.1125 0.9055555555555556 0.1140625 0.9083333333333333 0.1203125 0.9055555555555556 0.121875 0.9083333333333333 0.115625 0.9138888888888889 0.109375 0.9138888888888889 0.1015625 0.9194444444444444 0.090625 0.9194444444444444 0.0890625 0.9222222222222223 0.0640625 0.9222222222222223 0.0625 0.9194444444444444 0.059375 0.9222222222222223 0.034375 0.9222222222222223 0.0328125 0.9194444444444444 0.0296875 0.9222222222222223 0.0125 0.9222222222222223 0.0125 0.9083333333333333
0 0.1578125 0.8777777777777778 0.1578125 0.8833333333333333 0.1484375 0.8888888888888888 0.1203125 0.8888888888888888 0.11875 0.8916666666666667 0.109375 0.8888888888888888 0.1078125 0.8916666666666667 0.090625 0.8916666666666667 0.0890625 0.8944444444444445 0.05625 0.8944444444444445 0.0546875 0.8972222222222223 0.0375 0.8944444444444445 0.034375 0.9 0.0359375 0.9055555555555556 0.0578125 0.9055555555555556 0.059375 0.9027777777777778 0.0765625 0.9027777777777778 0.078125 0.9055555555555556 0.1046875 0.9027777777777778 0.10625 0.9055555555555556 0.1171875 0.9055555555555556 0.11875 0.9027777777777778 0.121875 0.9083333333333333 0.1171875 0.9138888888888889 0.1046875 0.9194444444444444 0.0953125 0.9194444444444444 0.0890625 0.925 0.071875 0.925 0.0703125 0.9222222222222223 0.0578125 0.925 0.0484375 0.9333333333333333 0.0515625 0.9388888888888889 0.0546875 0.9388888888888889 0.0546875 0.9444444444444444 0.0421875 0.9527777777777777 0.0359375 0.9527777777777777 0.021875 0.9638888888888889 0.0140625 0.9638888888888889 0.0125 0.9027777777777778 0.0140625 0.9055555555555556 0.0265625 0.9055555555555556 0.028125 0.9027777777777778 0.0265625 0.9 0.0125 0.8972222222222223 0.0109375 0.8944444444444445 0.0109375 0.8833333333333333 0.0171875 0.8861111111111111 0.028125 0.8861111111111111 0.0296875 0.8833333333333333 0.04375 0.8833333333333333 0.0453125 0.8861111111111111 0.0578125 0.8861111111111111 0.059375 0.8833333333333333 0.065625 0.8833333333333333 0.0671875 0.8861111111111111 0.06875 0.8833333333333333 0.075 0.8833333333333333 0.0765625 0.8861111111111111 0.0875 0.8861111111111111 0.0953125 0.8805555555555555 0.1171875 0.8833333333333333 0.11875 0.8805555555555555 0.146875 0.8805555555555555 0.1484375 0.8777777777777778 0.15625 0.8777777777777778
0 0.6984375 0.7583333333333333 0.7125 0.7583333333333333 0.715625 0.7555555555555555 0.7390625 0.7666666666666667 0.7515625 0.7666666666666667 0.7578125 0.7722222222222223 0.7640625 0.7722222222222223 0.771875 0.7777777777777778 0.778125 0.775 0.796875 0.7861111111111111 0.8078125 0.7861111111111111 0.8234375 0.7944444444444444 0.8296875 0.7944444444444444 0.83125 0.7972222222222223 0.834375 0.7944444444444444 0.859375 0.8055555555555556 0.85625 0.8111111111111111 0.846875 0.8111111111111111 0.8453125 0.8083333333333333 0.834375 0.8083333333333333 0.8328125 0.8111111111111111 0.825 0.8055555555555556 0.809375 0.8027777777777778 0.8046875 0.7972222222222223 0.803125 0.8 0.79375 0.7972222222222223 0.7765625 0.7861111111111111 0.7734375 0.7888888888888889 0.7609375 0.7861111111111111 0.746875 0.7777777777777778 0.74375 0.7805555555555556 0.7375 0.775 0.73125 0.775 0.7171875 0.7666666666666667 0.7140625 0.7694444444444445 0.6984375 0.7611111111111111