0 0.1734375 0.8138888888888889 0.1765625 0.8138888888888889 0.1734375 0.8166666666666667 0.1453125 0.8277777777777777 0.1375 0.8361111111111111 0.109375 0.8472222222222222 0.0984375 0.8555555555555555 0.0796875 0.8611111111111112 0.0640625 0.8722222222222222 0.059375 0.8722222222222222 0.05 0.8805555555555555 0.025 0.8916666666666667 0.01875 0.8916666666666667 0.00625 0.9 0.003125 0.9 0.003125 0.8805555555555555 0.0078125 0.8777777777777778 0.0140625 0.8777777777777778 0.0328125 0.8666666666666667 0.0515625 0.8611111111111112 0.0546875 0.8555555555555555 0.071875 0.85 0.0828125 0.8416666666666667 0.0953125 0.8388888888888889 0.121875 0.825 0.140625 0.8222222222222222 0.1453125 0.8166666666666667 0.171875 0.8138888888888889
0 0.5046875 0.7833333333333333 0.5109375 0.7944444444444444 0.5109375 0.8027777777777778 0.5140625 0.8138888888888889 0.515625 0.8416666666666667 0.51875 0.8527777777777777 0.51875 0.8666666666666667 0.521875 0.8777777777777778 0.521875 0.8888888888888888 0.528125 0.9111111111111111 0.528125 0.9194444444444444 0.5265625 0.9222222222222223 0.5046875 0.9222222222222223 0.5 0.9277777777777778 0.496875 0.925 0.490625 0.925 0.4890625 0.9277777777777778 0.4703125 0.9277777777777778 0.4671875 0.925 0.465625 0.9194444444444444 0.4671875 0.9083333333333333 0.465625 0.8916666666666667 0.46875 0.8694444444444445 0.46875 0.8472222222222222 0.475 0.8083333333333333 0.4765625 0.7861111111111111 0.503125 0.7833333333333333
0 0.8640625 0.9277777777777778 0.871875 0.9361111111111111 0.8796875 0.9388888888888889 0.89375 0.9527777777777777 0.896875 0.9527777777777777 0.9 0.9583333333333334 0.921875 0.9722222222222222 0.9359375 0.9861111111111112 0.88125 0.9861111111111112 0.86875 0.95 0.865625 0.95 0.8625 0.9444444444444444 0.8546875 0.9416666666666667 0.846875 0.9333333333333333 0.8484375 0.9277777777777778 0.8625 0.9277777777777778
0 0.7203125 0.7833333333333333 0.721875 0.7805555555555556 0.7515625 0.7805555555555556 0.753125 0.7833333333333333 0.7609375 0.7833333333333333 0.7671875 0.7888888888888889 0.76875 0.7861111111111111 0.778125 0.7888888888888889 0.7875 0.7972222222222223 0.8203125 0.8111111111111111 0.8484375 0.8277777777777777 0.8625 0.8305555555555556 0.8875 0.8416666666666667 0.921875 0.8666666666666667 0.928125 0.8666666666666667 0.9328125 0.8722222222222222 0.9375 0.8722222222222222 0.94375 0.8777777777777778 0.9515625 0.8777777777777778 0.9578125 0.8833333333333333 0.9625 0.8833333333333333 0.9671875 0.8888888888888888 0.9859375 0.9 0.99375 0.9 0.9984375 0.9055555555555556 0.996875 0.9083333333333333 0.96875 0.9083333333333333 0.9671875 0.9055555555555556 0.9390625 0.9083333333333333 0.8828125 0.875 0.8796875 0.8694444444444445 0.871875 0.8638888888888889 0.8578125 0.8611111111111112 0.846875 0.8527777777777777 0.8421875 0.8527777777777777 0.8359375 0.8444444444444444 0.828125 0.8416666666666667 0.8234375 0.8333333333333334 0.8109375 0.8333333333333334 0.7765625 0.8111111111111111 0.7671875 0.8111111111111111 0.721875 0.7833333333333333
0 0.309375 0.975 0.3140625 0.9972222222222222 0.271875 0.9972222222222222 0.278125 0.9916666666666667 0.2828125 0.9916666666666667 0.3 0.975 0.3078125 0.975
0 0.09375 0.9972222222222222 0.1125 0.9888888888888889 0.1203125 0.9888888888888889 0.1203125 0.9972222222222222 0.0953125 0.9972222222222222
0 0.309375 0.975 0.3140625 0.9972222222222222 0.271875 0.9972222222222222 0.2828125 0.9916666666666667 0.2953125 0.9777777777777777 0.3078125 0.975
0 0.4140625 0.7888888888888889 0.41875 0.8055555555555556 0.4046875 0.8388888888888889 0.4 0.8555555555555555 0.3953125 0.8583333333333333 0.39375 0.8638888888888889 0.384375 0.8694444444444445 0.3796875 0.8777777777777778 0.378125 0.8861111111111111 0.3796875 0.8944444444444445 0.378125 0.9 0.3703125 0.9194444444444444 0.3625 0.9277777777777778 0.3578125 0.925 0.3078125 0.9277777777777778 0.30625 0.9166666666666666 0.3140625 0.9083333333333333 0.325 0.8888888888888888 0.3359375 0.875 0.34375 0.8583333333333333 0.3640625 0.8333333333333334 0.3671875 0.8361111111111111 0.365625 0.8388888888888889 0.365625 0.8527777777777777 0.3734375 0.8638888888888889 0.3828125 0.8638888888888889 0.390625 0.8555555555555555 0.39375 0.85 0.3828125 0.8305555555555556 0.3859375 0.8055555555555556 0.39375 0.7916666666666666 0.4125 0.7888888888888889
0 0.3390625 0.7916666666666666 0.34375 0.7944444444444444 0.3421875 0.7972222222222223 0.3265625 0.8111111111111111 0.31875 0.8222222222222222 0.265625 0.8694444444444445 0.2625 0.875 0.259375 0.875 0.2546875 0.8833333333333333 0.2125 0.9222222222222223 0.2078125 0.9305555555555556 0.1953125 0.9333333333333333 0.19375 0.9361111111111111 0.146875 0.9361111111111111 0.1453125 0.9388888888888889 0.14375 0.9388888888888889 0.14375 0.9333333333333333 0.1484375 0.9277777777777778 0.159375 0.9222222222222223 0.190625 0.8944444444444445 0.2046875 0.8861111111111111 0.2078125 0.8805555555555555 0.221875 0.8722222222222222 0.25 0.8444444444444444 0.2765625 0.8277777777777777 0.2984375 0.8083333333333333 0.30625 0.8055555555555556 0.315625 0.7972222222222223 0.3203125 0.7972222222222223 0.3234375 0.7916666666666666 0.3296875 0.7944444444444444 0.3375 0.7916666666666666
0 0.5875 0.7833333333333333 0.5984375 0.7944444444444444 0.6171875 0.8222222222222222 0.653125 0.8638888888888889 0.6578125 0.8722222222222222 0.68125 0.8972222222222223 0.6875 0.9083333333333333 0.68125 0.9138888888888889 0.6265625 0.9138888888888889 0.621875 0.9083333333333333 0.603125 0.8694444444444445 0.5578125 0.7888888888888889 0.559375 0.7833333333333333 0.5859375 0.7833333333333333
0 0.0046875 0.9333333333333333 0.0140625 0.9305555555555556 0.0296875 0.9194444444444444 0.040625 0.9166666666666666 0.065625 0.8972222222222223 0.0703125 0.8972222222222223 0.0953125 0.8805555555555555 0.1109375 0.875 0.1390625 0.8583333333333333 0.1421875 0.8527777777777777 0.15 0.85 0.1546875 0.8444444444444444 0.165625 0.8416666666666667 0.184375 0.8305555555555556 0.1890625 0.825 0.19375 0.825 0.2234375 0.8083333333333333 0.23125 0.8083333333333333 0.234375 0.8027777777777778 0.25 0.8027777777777778 0.2515625 0.8 0.2546875 0.8027777777777778 0.240625 0.8111111111111111 0.23125 0.8222222222222222 0.2234375 0.825 0.21875 0.8305555555555556 0.196875 0.8416666666666667 0.1671875 0.8638888888888889 0.1625 0.8638888888888889 0.1578125 0.8694444444444445 0.146875 0.875 0.14375 0.8805555555555555 0.1265625 0.8888888888888888 0.1171875 0.8972222222222223 0.103125 0.9027777777777778 0.1 0.9083333333333333 0.0859375 0.9138888888888889 0.0671875 0.9277777777777778 0.0578125 0.9305555555555556 0.05 0.9388888888888889 0.0453125 0.9388888888888889 0.0328125 0.9472222222222222 0.0046875 0.9472222222222222 0.0046875 0.9361111111111111
0 0.7921875 0.775 0.821875 0.7777777777777778 0.8296875 0.7833333333333333 0.8375 0.7833333333333333 0.8453125 0.7916666666666666 0.85625 0.7916666666666666 0.8578125 0.7944444444444444 0.8625 0.7916666666666666 0.8765625 0.8027777777777778 0.8984375 0.8055555555555556 0.9109375 0.8138888888888889 0.93125 0.8194444444444444 0.9421875 0.8277777777777777 0.9546875 0.8277777777777777 0.9734375 0.8361111111111111 0.978125 0.8444444444444444 0.975 0.8472222222222222 0.975 0.8527777777777777 0.9640625 0.8527777777777777 0.9625 0.85 0.9546875 0.85 0.94375 0.8444444444444444 0.9359375 0.8444444444444444 0.934375 0.8472222222222222 0.9203125 0.8333333333333334 0.9015625 0.8277777777777777 0.8921875 0.8194444444444444 0.8890625 0.8222222222222222 0.8859375 0.8166666666666667 0.8734375 0.8138888888888889 0.86875 0.8083333333333333 0.8625 0.8083333333333333 0.8578125 0.8138888888888889 0.8609375 0.8194444444444444 0.8640625 0.8194444444444444 0.86875 0.8305555555555556 0.878125 0.8388888888888889 0.8890625 0.8361111111111111 0.890625 0.8444444444444444 0.8953125 0.8444444444444444 0.9 0.85 0.903125 0.85 0.90625 0.8555555555555555 0.9171875 0.8583333333333333 0.9203125 0.8638888888888889 0.928125 0.8638888888888889 0.9296875 0.8611111111111112 0.940625 0.8638888888888889 0.9484375 0.8583333333333333 0.9484375 0.8638888888888889 0.9625 0.8833333333333333 0.98125 0.8944444444444445 0.9859375 0.9 0.9921875 0.9 0.9984375 0.9055555555555556 0.9984375 0.9111111111111111 0.9921875 0.9055555555555556 0.9875 0.9083333333333333 0.9578125 0.9083333333333333 0.9546875 0.9055555555555556 0.95 0.9111111111111111 0.9453125 0.9111111111111111 0.9328125 0.9027777777777778 0.9203125 0.9 0.9125 0.8916666666666667 0.903125 0.8888888888888888 0.89375 0.8805555555555555 0.8875 0.8805555555555555 0.8828125 0.875 0.875 0.875 0.8625 0.8611111111111112 0.8515625 0.8583333333333333 0.8453125 0.8527777777777777 0.8375 0.8527777777777777 0.825 0.8388888888888889 0.8171875 0.8388888888888889 0.790625 0.8194444444444444 0.778125 0.8138888888888889 0.7671875 0.8138888888888889 0.759375 0.8055555555555556 0.75 0.8 0.74375 0.8 0.7390625 0.7944444444444444 0.7265625 0.7888888888888889 0.715625 0.7888888888888889 0.7125 0.7944444444444444 0.7125 0.8 0.728125 0.8194444444444444 0.7484375 0.825 0.753125 0.8277777777777777 0.7515625 0.8305555555555556 0.753125 0.8333333333333334 0.7578125 0.8305555555555556 0.7609375 0.8333333333333334 0.759375 0.8388888888888889 0.7609375 0.8416666666666667 0.76875 0.8416666666666667 0.78125 0.85 0.7859375 0.8611111111111112 0.809375 0.8638888888888889 0.8109375 0.875 0.8140625 0.8805555555555555 0.825 0.8833333333333333 0.8296875 0.8916666666666667 0.8328125 0.8916666666666667 0.840625 0.9 0.840625 0.9055555555555556 0.7859375 0.9055555555555556 0.775 0.8972222222222223 0.7703125 0.8972222222222223 0.7640625 0.8888888888888888 0.7453125 0.8722222222222222 0.73125 0.8638888888888889 0.7140625 0.8472222222222222 0.7109375 0.8472222222222222 0.6984375 0.8333333333333334 0.684375 0.825 0.68125 0.8277777777777777 0.6796875 0.8194444444444444 0.6765625 0.8194444444444444 0.6515625 0.7944444444444444 0.64375 0.7805555555555556 0.6625 0.7805555555555556 0.6640625 0.7833333333333333 0.6703125 0.7833333333333333 0.671875 0.7805555555555556 0.678125 0.7833333333333333 0.6796875 0.7805555555555556 0.68125 0.7833333333333333 0.6984375 0.7861111111111111 0.7 0.7916666666666666 0.7078125 0.7944444444444444 0.7140625 0.7916666666666666 0.7171875 0.7805555555555556 0.7546875 0.7805555555555556 0.765625 0.7861111111111111 0.7765625 0.7833333333333333 0.7828125 0.7916666666666666 0.7890625 0.7888888888888889 0.7921875 0.7777777777777778
0 0.8078125 0.7722222222222223 0.8171875 0.7777777777777778 0.825 0.7777777777777778 0.8265625 0.7805555555555556 0.8484375 0.7861111111111111 0.8546875 0.7916666666666666 0.8625 0.7888888888888889 0.8796875 0.8 0.8953125 0.8027777777777778 0.9078125 0.8111111111111111 0.928125 0.8166666666666667 0.9390625 0.825 0.9453125 0.825 0.946875 0.8277777777777777 0.953125 0.825 0.9734375 0.8361111111111111 0.9796875 0.8361111111111111 0.9984375 0.8472222222222222 0.9984375 0.8694444444444445 0.990625 0.8638888888888889 0.9765625 0.8611111111111112 0.9546875 0.8472222222222222 0.9453125 0.8472222222222222 0.94375 0.8444444444444444 0.93125 0.8416666666666667 0.925 0.8361111111111111 0.9140625 0.8333333333333334 0.903125 0.825 0.8921875 0.8222222222222222 0.8625 0.8055555555555556 0.8609375 0.8083333333333333 0.8453125 0.8055555555555556 0.8359375 0.7972222222222223 0.7953125 0.7833333333333333 0.7921875 0.7805555555555556 0.7921875 0.775 0.7953125 0.7722222222222223 0.80625 0.7722222222222223
0 0.703125 0.9694444444444444 0.728125 0.9916666666666667 0.684375 0.9916666666666667 0.6828125 0.9944444444444445 0.6765625 0.9916666666666667 0.6734375 0.9944444444444445 0.671875 0.9916666666666667 0.675 0.9916666666666667 0.678125 0.9861111111111112 0.678125 0.9777777777777777 0.6828125 0.9611111111111111 0.690625 0.9611111111111111 0.7015625 0.9694444444444444
0 0.5046875 0.975 0.5203125 0.9972222222222222 0.4765625 0.9972222222222222 0.49375 0.9722222222222222 0.5015625 0.9722222222222222 0.503125 0.975
0 0.6453125 0.7833333333333333 0.646875 0.7805555555555556 0.6640625 0.7805555555555556 0.665625 0.7833333333333333 0.6796875 0.7833333333333333 0.6859375 0.7888888888888889 0.690625 0.7888888888888889 0.7140625 0.8111111111111111 0.721875 0.8138888888888889 0.7375 0.8277777777777777 0.75 0.8333333333333334 0.759375 0.8416666666666667 0.771875 0.8444444444444444 0.7859375 0.8611111111111112 0.8390625 0.8972222222222223 0.8421875 0.9055555555555556 0.7859375 0.9055555555555556 0.7796875 0.9027777777777778 0.7625 0.8888888888888888 0.759375 0.8833333333333333 0.7421875 0.8722222222222222 0.7015625 0.8361111111111111 0.6984375 0.8305555555555556 0.6953125 0.8305555555555556 0.684375 0.8194444444444444 0.675 0.8166666666666667 0.646875 0.7861111111111111