0 0.85625 0.8138888888888889 0.875 0.8194444444444444 0.878125 0.825 0.8875 0.8277777777777777 0.884375 0.8333333333333334 0.8796875 0.8333333333333334 0.8765625 0.8277777777777777 0.859375 0.8222222222222222 0.8578125 0.8166666666666667
0 0.61875 0.8055555555555556 0.628125 0.8194444444444444 0.628125 0.825 0.625 0.8222222222222222 0.615625 0.8222222222222222 0.6046875 0.8083333333333333 0.6046875 0.8027777777777778 0.6171875 0.8055555555555556
0 0.778125 0.7694444444444445 0.7796875 0.7722222222222223 0.7859375 0.7722222222222223 0.79375 0.7805555555555556 0.79375 0.7833333333333333 0.775 0.775 0.7734375 0.7722222222222223 0.7765625 0.7694444444444445
0 0.5609375 0.7472222222222222 0.56875 0.7472222222222222 0.578125 0.7583333333333333 0.575 0.7638888888888888 0.5640625 0.7555555555555555 0.5609375 0.75
0 0.859375 0.8861111111111111 0.8609375 0.8805555555555555 0.8703125 0.8833333333333333 0.8765625 0.8916666666666667 0.89375 0.9 0.896875 0.9055555555555556 0.903125 0.9083333333333333 0.9046875 0.9111111111111111 0.903125 0.9138888888888889 0.89375 0.9111111111111111 0.890625 0.9055555555555556 0.88125 0.9027777777777778 0.875 0.8944444444444445 0.8703125 0.8944444444444445 0.8609375 0.8861111111111111
0 0.6359375 0.8472222222222222 0.6515625 0.85 0.6578125 0.8555555555555555 0.6703125 0.875 0.66875 0.8777777777777778 0.6609375 0.8777777777777778 0.6515625 0.8722222222222222 0.6359375 0.85
0 0.2828125 0.5944444444444444 0.284375 0.6 0.26875 0.625 0.265625 0.625 0.2421875 0.6472222222222223 0.2265625 0.6527777777777778 0.2046875 0.6694444444444444 0.1984375 0.6694444444444444 0.19375 0.675 0.178125 0.6805555555555556 0.1640625 0.6916666666666667 0.1609375 0.6888888888888889 0.1515625 0.6972222222222222 0.1203125 0.7111111111111111 0.1109375 0.7194444444444444 0.1046875 0.7194444444444444 0.09375 0.7277777777777777 0.090625 0.725 0.0828125 0.7333333333333333 0.0703125 0.7361111111111112 0.05625 0.7472222222222222 0.053125 0.7444444444444445 0.0390625 0.7555555555555555 0.034375 0.7527777777777778 0.0296875 0.7583333333333333 0.0140625 0.7666666666666667 0.0078125 0.7666666666666667 0.0015625 0.7722222222222223 0 0.7638888888888888 0.0125 0.7583333333333333 0.0171875 0.7527777777777778 0.0203125 0.7555555555555555 0.0328125 0.7444444444444445 0.040625 0.7444444444444445 0.0703125 0.7277777777777777 0.078125 0.7277777777777777 0.0875 0.7194444444444444 0.09375 0.7194444444444444 0.103125 0.7111111111111111 0.115625 0.7083333333333334 0.1265625 0.7 0.1359375 0.6972222222222222 0.140625 0.6916666666666667 0.1484375 0.6916666666666667 0.15625 0.6833333333333333 0.1625 0.6805555555555556 0.165625 0.6833333333333333 0.178125 0.6722222222222223 0.184375 0.6722222222222223 0.19375 0.6638888888888889 0.2125 0.6555555555555556 0.2171875 0.65 0.21875 0.6527777777777778 0.2359375 0.6388888888888888 0.2375 0.6416666666666667 0.240625 0.6361111111111111 0.2515625 0.6277777777777778 0.25625 0.6277777777777778 0.259375 0.6222222222222222 0.265625 0.6194444444444445 0.28125 0.5972222222222222
0 0.3203125 0.6083333333333333 0.3234375 0.6083333333333333 0.3203125 0.625 0.315625 0.6333333333333333 0.3109375 0.65 0.30625 0.6555555555555556 0.303125 0.6555555555555556 0.303125 0.65 0.30625 0.6416666666666667 0.3109375 0.6361111111111111 0.3203125 0.6111111111111112
0 0.9671875 0.9527777777777777 0.9734375 0.9583333333333334 0.978125 0.9583333333333334 0.978125 0.9666666666666667 0.9671875 0.9638888888888889 0.9609375 0.9583333333333334 0.9578125 0.95 0.9640625 0.95 0.965625 0.9527777777777777
0 0.58125 0.7722222222222223 0.590625 0.7722222222222223 0.5984375 0.7805555555555556 0.5984375 0.7888888888888889 0.5921875 0.7888888888888889 0.5828125 0.7805555555555556 0.58125 0.775
0 0.9234375 0.8472222222222222 0.934375 0.8555555555555555 0.9484375 0.8583333333333333 0.9515625 0.8638888888888889 0.95625 0.8638888888888889 0.9609375 0.8694444444444445 0.9484375 0.8694444444444445 0.9421875 0.8638888888888889 0.93125 0.8611111111111112 0.928125 0.8555555555555555 0.921875 0.8527777777777777 0.921875 0.85
0 0.5515625 0.7277777777777777 0.559375 0.7361111111111112 0.5578125 0.7416666666666667 0.5484375 0.7361111111111112 0.546875 0.7305555555555555 0.55 0.7277777777777777
0 0.68125 0.9083333333333333 0.6953125 0.9083333333333333 0.6984375 0.9138888888888889 0.7015625 0.9138888888888889 0.7109375 0.925 0.7140625 0.9333333333333333 0.7234375 0.9416666666666667 0.7328125 0.9555555555555556 0.7328125 0.9583333333333334 0.715625 0.9583333333333334 0.7125 0.9527777777777777 0.7046875 0.9472222222222222 0.69375 0.9277777777777778 0.684375 0.9194444444444444 0.68125 0.9111111111111111
0 0.6828125 0.9083333333333333 0.6953125 0.9083333333333333 0.6984375 0.9138888888888889 0.7015625 0.9138888888888889 0.7109375 0.925 0.7140625 0.9333333333333333 0.7234375 0.9416666666666667 0.7328125 0.9555555555555556 0.7328125 0.9583333333333334 0.7171875 0.9583333333333334 0.7046875 0.9472222222222222 0.69375 0.9277777777777778 0.6875 0.9222222222222223 0.6828125 0.9111111111111111
0 0.36875 0.6138888888888889 0.3734375 0.6138888888888889 0.378125 0.6194444444444445 0.39375 0.65 0.396875 0.6611111111111111 0.396875 0.6694444444444444 0.39375 0.6694444444444444 0.3828125 0.6361111111111111 0.3703125 0.6166666666666667
0 0.3234375 0.7611111111111111 0.3265625 0.7638888888888888 0.325 0.7777777777777778 0.3078125 0.8083333333333333 0.3015625 0.8138888888888889 0.2984375 0.8111111111111111 0.2984375 0.8055555555555556 0.3046875 0.7916666666666666 0.321875 0.7638888888888888
0 0.790625 0.8333333333333334 0.8015625 0.8361111111111111 0.809375 0.8444444444444444 0.81875 0.8472222222222222 0.821875 0.8527777777777777 0.821875 0.8555555555555555 0.81875 0.8555555555555555 0.80625 0.85 0.803125 0.8444444444444444 0.790625 0.8361111111111111