0 0.4796875 0.6805555555555556 0.478125 0.6916666666666667 0.475 0.6916666666666667 0.475 0.6833333333333333 0.478125 0.6805555555555556
0 0.334375 0.7055555555555556 0.3359375 0.7083333333333334 0.334375 0.7111111111111111 0.321875 0.7194444444444444 0.3109375 0.725 0.30625 0.725 0.30625 0.7222222222222222 0.3265625 0.7083333333333334 0.3328125 0.7083333333333334
0 0.54375 0.6694444444444444 0.546875 0.6694444444444444 0.553125 0.6805555555555556 0.5578125 0.6833333333333333 0.571875 0.7027777777777777 0.5796875 0.7083333333333334 0.584375 0.7166666666666667 0.5890625 0.7194444444444444 0.5984375 0.7333333333333333 0.6265625 0.7638888888888888 0.628125 0.7694444444444445 0.6375 0.7777777777777778 0.653125 0.8 0.6578125 0.8027777777777778 0.6890625 0.8472222222222222 0.703125 0.8611111111111112 0.7140625 0.8777777777777778 0.7328125 0.8972222222222223 0.7421875 0.9111111111111111 0.7625 0.9305555555555556 0.796875 0.975 0.80625 0.9833333333333333 0.8140625 0.9972222222222222 0.8 0.9972222222222222 0.790625 0.9888888888888889 0.771875 0.9611111111111111 0.675 0.8444444444444444 0.66875 0.8333333333333334 0.6625 0.8277777777777777 0.6375 0.7916666666666666 0.621875 0.775 0.6078125 0.7527777777777778 0.5859375 0.725 0.5578125 0.6944444444444444 0.54375 0.6722222222222223
0 0.075 0.7694444444444445 0.0765625 0.7722222222222223 0.071875 0.7777777777777778 0.053125 0.7833333333333333 0.0390625 0.7916666666666666 0.0328125 0.7916666666666666 0.025 0.7972222222222223 0.01875 0.7972222222222223 0.0046875 0.8055555555555556 0 0.8055555555555556 0 0.7972222222222223 0.0046875 0.7944444444444444 0.0734375 0.7694444444444445
0 0.29375 0.6861111111111111 0.3 0.6805555555555556 0.309375 0.6777777777777778 0.3109375 0.6805555555555556 0.303125 0.6888888888888889 0.2953125 0.6888888888888889
0 0.45625 0.7805555555555556 0.453125 0.8055555555555556 0.44375 0.8333333333333334 0.4375 0.8333333333333334 0.4375 0.825 0.4484375 0.7833333333333333 0.4546875 0.7805555555555556
0 0.4640625 0.7472222222222222 0.00625 0.011111111111111112
0 0.2265625 0.7694444444444445 0.221875 0.7777777777777778 0.2171875 0.7777777777777778 0.2078125 0.7861111111111111 0.19375 0.7916666666666666 0.15625 0.8166666666666667 0.15 0.8138888888888889 0.1546875 0.8055555555555556 0.16875 0.8 0.1828125 0.7888888888888889 0.196875 0.7833333333333333 0.2171875 0.7694444444444445 0.225 0.7694444444444445
0 0.36875 0.6888888888888889 0.3734375 0.6805555555555556 0.38125 0.6805555555555556 0.38125 0.6833333333333333 0.3703125 0.6888888888888889
0 0.2390625 0.7083333333333334 0.240625 0.7083333333333334 0.2390625 0.7111111111111111 0.215625 0.7222222222222222 0.203125 0.7222222222222222 0.203125 0.7194444444444444 0.221875 0.7111111111111111 0.228125 0.7111111111111111 0.2296875 0.7083333333333334 0.2375 0.7083333333333334
0 0.4296875 0.8888888888888888 0.4328125 0.8916666666666667 0.4328125 0.8972222222222223 0.421875 0.8972222222222223 0.4234375 0.8888888888888888 0.428125 0.8888888888888888
0 0.4703125 0.7083333333333334 0.471875 0.7111111111111111 0.471875 0.7222222222222222 0.46875 0.7277777777777777 0.465625 0.7277777777777777 0.465625 0.7166666666666667 0.46875 0.7111111111111111
0 0.2859375 0.7333333333333333 0.2859375 0.7388888888888889 0.278125 0.7388888888888889 0.2796875 0.7333333333333333 0.284375 0.7333333333333333