0 0.8609375 0.8861111111111111 0.8625 0.8888888888888888 0.8734375 0.8888888888888888 0.8703125 0.8972222222222223 0.8640625 0.9 0.8609375 0.9055555555555556 0.8390625 0.925 0.809375 0.9416666666666667 0.8078125 0.9388888888888889 0.796875 0.9388888888888889 0.7953125 0.9361111111111111 0.7796875 0.9361111111111111 0.7734375 0.9333333333333333 0.7734375 0.9277777777777778 0.7859375 0.9194444444444444 0.803125 0.9138888888888889 0.840625 0.8888888888888888 0.859375 0.8861111111111111
0 0 0.8972222222222223 0.009375 0.9027777777777778 0.0078125 0.9083333333333333 0 0.9111111111111111 0 0.9
0 0.9390625 0.8972222222222223 0.940625 0.9 0.95 0.9 0.953125 0.9027777777777778 0.921875 0.9666666666666667 0.896875 0.9638888888888889 0.8953125 0.9611111111111111 0.8875 0.9611111111111111 0.8765625 0.9555555555555556 0.8875 0.9361111111111111 0.9171875 0.9 0.9203125 0.8972222222222223 0.9375 0.8972222222222223
0 0.1328125 0.775 0.165625 0.7916666666666666 0.178125 0.7944444444444444 0.1890625 0.8027777777777778 0.2078125 0.8083333333333333 0.228125 0.825 0.240625 0.825 0.2515625 0.8333333333333334 0.2828125 0.8416666666666667 0.2859375 0.8472222222222222 0.2734375 0.85 0.271875 0.8527777777777777 0.2578125 0.8527777777777777 0.2421875 0.8444444444444444 0.234375 0.8444444444444444 0.225 0.8361111111111111 0.2078125 0.8333333333333334 0.196875 0.825 0.190625 0.825 0.18125 0.8194444444444444 0.171875 0.8111111111111111 0.146875 0.8027777777777778 0.1265625 0.7888888888888889 0.11875 0.7888888888888889 0.1109375 0.7833333333333333 0.1078125 0.7777777777777778 0.13125 0.775
0 0 0.8083333333333333 0.0078125 0.8111111111111111 0.021875 0.8222222222222222 0.028125 0.8222222222222222 0.0375 0.8277777777777777 0.0421875 0.8361111111111111 0.0515625 0.8388888888888889 0.0609375 0.85 0.078125 0.8527777777777777 0.0828125 0.8583333333333333 0.1015625 0.8694444444444445 0.109375 0.8694444444444445 0.1203125 0.8777777777777778 0.1171875 0.8833333333333333 0.0953125 0.8861111111111111 0.09375 0.8888888888888888 0.0671875 0.8861111111111111 0.034375 0.8638888888888889 0.01875 0.85 0 0.8444444444444444 0 0.8111111111111111
0 0.171875 0.7611111111111111 0.2328125 0.7888888888888889 0.24375 0.7888888888888889 0.2453125 0.7916666666666666 0.2625 0.7944444444444444 0.2734375 0.8 0.2859375 0.8 0.2875 0.8027777777777778 0.29375 0.8027777777777778 0.3 0.8111111111111111 0.30625 0.8083333333333333 0.309375 0.8138888888888889 0.31875 0.8166666666666667 0.3453125 0.8361111111111111 0.34375 0.8388888888888889 0.33125 0.8388888888888889 0.3296875 0.8416666666666667 0.3046875 0.8361111111111111 0.2859375 0.825 0.2703125 0.8222222222222222 0.2484375 0.8083333333333333 0.2421875 0.8083333333333333 0.2 0.7888888888888889 0.1921875 0.7888888888888889 0.1875 0.7833333333333333 0.1609375 0.775 0.15625 0.7694444444444445 0.15 0.7694444444444445 0.1453125 0.7638888888888888 0.1421875 0.7638888888888888 0.14375 0.7611111111111111 0.15 0.7611111111111111 0.1515625 0.7583333333333333 0.1703125 0.7611111111111111
0 0.1671875 0.7583333333333333 0.175 0.7638888888888888 0.18125 0.7638888888888888 0.1828125 0.7666666666666667 0.1890625 0.7666666666666667 0.196875 0.7722222222222223 0.215625 0.7777777777777778 0.221875 0.7833333333333333 0.2296875 0.7833333333333333 0.23125 0.7861111111111111 0.2640625 0.7944444444444444 0.265625 0.7972222222222223 0.2890625 0.8 0.3 0.8083333333333333 0.30625 0.8055555555555556 0.3234375 0.8222222222222222 0.328125 0.8222222222222222 0.3359375 0.8305555555555556 0.34375 0.8333333333333334 0.3453125 0.8361111111111111 0.34375 0.8388888888888889 0.3328125 0.8388888888888889 0.33125 0.8416666666666667 0.3171875 0.8416666666666667 0.278125 0.8222222222222222 0.2703125 0.8222222222222222 0.2640625 0.8166666666666667 0.259375 0.8166666666666667 0.2546875 0.8111111111111111 0.240625 0.8083333333333333 0.1984375 0.7888888888888889 0.190625 0.7888888888888889 0.184375 0.7833333333333333 0.14375 0.7666666666666667 0.140625 0.7638888888888888 0.1484375 0.7583333333333333 0.165625 0.7583333333333333
0 0.8703125 0.8888888888888888 0.871875 0.8916666666666667 0.86875 0.8972222222222223 0.865625 0.8972222222222223 0.84375 0.9194444444444444 0.8265625 0.9277777777777778 0.815625 0.9388888888888889 0.8 0.9388888888888889 0.7984375 0.9361111111111111 0.775 0.9333333333333333 0.7734375 0.9305555555555556 0.775 0.9277777777777778 0.8 0.9166666666666666 0.8421875 0.8888888888888888 0.86875 0.8888888888888888
0 0.0390625 0.7722222222222223 0.0515625 0.7805555555555556 0.0578125 0.7805555555555556 0.071875 0.7916666666666666 0.084375 0.7944444444444444 0.1078125 0.8083333333333333 0.109375 0.8138888888888889 0.096875 0.8138888888888889 0.0953125 0.8166666666666667 0.0765625 0.8166666666666667 0.0515625 0.8 0.046875 0.8 0.0125 0.7805555555555556 0.0078125 0.775 0.0140625 0.7722222222222223 0.0375 0.7722222222222223
0 0.9984375 0.9583333333333334 0.9984375 0.9916666666666667 0.99375 0.9888888888888889 0.99375 0.975 0.996875 0.9611111111111111
0 0.871875 0.8722222222222222 0.909375 0.8722222222222222 0.9109375 0.875 0.93125 0.875 0.9328125 0.8777777777777778 0.95 0.8777777777777778 0.9515625 0.8805555555555555 0.9984375 0.8861111111111111 0.9984375 0.8944444444444445 0.990625 0.8944444444444445 0.9890625 0.8916666666666667 0.928125 0.8861111111111111 0.9265625 0.8833333333333333 0.9125 0.8833333333333333 0.9109375 0.8805555555555555 0.871875 0.875
0 0.7625 0.9 0.7640625 0.9 0.7625 0.9027777777777778 0.7578125 0.9055555555555556 0.73125 0.9111111111111111 0.7296875 0.9138888888888889 0.7015625 0.9138888888888889 0.6890625 0.9083333333333333 0.6875 0.9055555555555556 0.690625 0.9027777777777778 0.7015625 0.9027777777777778 0.703125 0.9 0.7609375 0.9