0 0.584375 0.6638888888888889 0.590625 0.6638888888888889 0.59375 0.6694444444444444 0.5921875 0.6722222222222223 0.5859375 0.6666666666666666
0 0.0296875 0.8777777777777778 0.0265625 0.8861111111111111 0.0234375 0.8861111111111111 0.0234375 0.8805555555555555 0.028125 0.8777777777777778
0 0.353125 0.8611111111111112 0.353125 0.8638888888888889 0.3453125 0.8722222222222222 0.3375 0.875 0.3328125 0.8833333333333333 0.3296875 0.8833333333333333 0.3140625 0.9027777777777778 0.3078125 0.9194444444444444 0.2640625 0.9972222222222222 0.25 0.9972222222222222 0.3015625 0.9055555555555556 0.3109375 0.8916666666666667 0.3203125 0.8861111111111111 0.325 0.8777777777777778 0.3390625 0.8666666666666667 0.3484375 0.8527777777777777 0.35 0.8527777777777777 0.3515625 0.8611111111111112
0 0.10625 0.7972222222222223 0.1 0.8083333333333333 0.0890625 0.8055555555555556 0.0875 0.8111111111111111 0.0625 0.8222222222222222 0.0546875 0.8222222222222222 0.05625 0.8166666666666667 0.0609375 0.8166666666666667 0.0625 0.8111111111111111 0.0734375 0.8111111111111111 0.0765625 0.8055555555555556 0.1 0.8027777777777778 0.1046875 0.7972222222222223
0 0.6125 0.8277777777777777 0.615625 0.825 0.6234375 0.8277777777777777 0.6453125 0.8583333333333333 0.65625 0.8777777777777778 0.671875 0.8972222222222223 0.6796875 0.9111111111111111 0.6796875 0.9166666666666666 0.678125 0.9194444444444444 0.66875 0.9194444444444444 0.6578125 0.9 0.65 0.8916666666666667 0.64375 0.8777777777777778 0.6375 0.8722222222222222 0.63125 0.8583333333333333 0.6234375 0.85 0.6140625 0.8305555555555556
0 0.5515625 0.725 0.5546875 0.725 0.5625 0.7333333333333333 0.5671875 0.7472222222222222 0.5625 0.7472222222222222 0.55625 0.7416666666666667 0.5515625 0.7277777777777777
0 0.303125 0.7944444444444444 0.3046875 0.7972222222222223 0.3078125 0.7944444444444444 0.309375 0.7833333333333333 0.3125 0.7777777777777778 0.3234375 0.7777777777777778 0.3234375 0.7861111111111111 0.3171875 0.7916666666666666 0.30625 0.7944444444444444 0.296875 0.8027777777777778 0.2859375 0.8194444444444444 0.28125 0.8194444444444444 0.278125 0.825 0.271875 0.825 0.2546875 0.8388888888888889 0.25 0.8361111111111111 0.253125 0.825 0.26875 0.8027777777777778 0.28125 0.7972222222222223 0.3015625 0.7944444444444444
0 0.1390625 0.9555555555555556 0.140625 0.9583333333333334 0.1390625 0.9638888888888889 0.1078125 0.9972222222222222 0.0921875 0.9972222222222222 0.11875 0.9722222222222222 0.1203125 0.9666666666666667 0.1265625 0.9638888888888889 0.1328125 0.9555555555555556 0.1375 0.9555555555555556
0 0.059375 0.9305555555555556 0.059375 0.9388888888888889 0.0546875 0.9416666666666667 0.053125 0.9472222222222222 0.046875 0.95 0.0421875 0.9583333333333334 0.034375 0.9611111111111111 0.0296875 0.9666666666666667 0.028125 0.9583333333333334 0.03125 0.9527777777777777 0.0390625 0.95 0.05 0.9361111111111111 0.04375 0.9333333333333333 0.040625 0.9388888888888889 0.0296875 0.9444444444444444 0.028125 0.95 0.0265625 0.9388888888888889 0.0328125 0.9333333333333333 0.0375 0.9333333333333333 0.04375 0.925 0.05 0.9222222222222223 0.0546875 0.9305555555555556 0.0578125 0.9305555555555556
0 0.6015625 0.675 0.615625 0.6777777777777778 0.61875 0.6833333333333333 0.615625 0.6861111111111111 0.6109375 0.6805555555555556 0.609375 0.6833333333333333 0.603125 0.6777777777777778
0 0.6609375 0.7083333333333334 0.6671875 0.7055555555555556 0.6734375 0.7111111111111111 0.675 0.7083333333333334 0.6859375 0.7166666666666667 0.6953125 0.7194444444444444 0.696875 0.7222222222222222 0.6953125 0.7277777777777777 0.69375 0.725 0.6859375 0.725 0.6765625 0.7166666666666667 0.6734375 0.7194444444444444 0.6625 0.7111111111111111