0 0.3625 0.34444444444444444 0.365625 0.3416666666666667 0.378125 0.3472222222222222 0.3796875 0.3527777777777778 0.3640625 0.3472222222222222
0 0.2109375 0.30277777777777776 0.2125 0.30277777777777776 0.209375 0.30833333333333335 0.1984375 0.30833333333333335 0.2015625 0.30277777777777776 0.209375 0.30277777777777776
0 0.053125 0.45 0.0609375 0.44166666666666665 0.06875 0.4388888888888889 0.0953125 0.4166666666666667 0.10625 0.4111111111111111 0.1109375 0.4111111111111111 0.1125 0.41388888888888886 0.1109375 0.4166666666666667 0.0828125 0.4388888888888889 0.0796875 0.4388888888888889 0.0671875 0.45 0.0546875 0.45
0 0.278125 0.35 0.28125 0.35 0.2890625 0.3611111111111111 0.2859375 0.36666666666666664 0.278125 0.3527777777777778
0 0.2953125 0.39444444444444443 0.3 0.39444444444444443 0.3046875 0.4027777777777778 0.30625 0.4111111111111111 0.3046875 0.4222222222222222 0.2984375 0.4222222222222222 0.2953125 0.4083333333333333 0.2953125 0.3972222222222222
0 0.8203125 0.8333333333333334 0.8265625 0.8305555555555556 0.853125 0.8305555555555556 0.86875 0.8444444444444444 0.9125 0.9055555555555556 0.9703125 0.9944444444444445 0.9703125 0.9972222222222222 0.946875 0.9972222222222222 0.9453125 0.9944444444444445 0.9421875 0.9972222222222222 0.9140625 0.9972222222222222 0.8578125 0.9027777777777778 0.8484375 0.8833333333333333 0.8265625 0.85 0.8203125 0.8361111111111111
0 0.4515625 0.3888888888888889 0.4625 0.3888888888888889 0.49375 0.4083333333333333 0.49375 0.4111111111111111 0.484375 0.4111111111111111 0.4515625 0.39166666666666666
0 0 0.8833333333333333 0.0171875 0.8833333333333333 0.015625 0.8916666666666667 0.0015625 0.9111111111111111 0 0.9111111111111111 0 0.8861111111111111
0 0.1765625 0.3333333333333333 0.178125 0.3388888888888889 0.171875 0.3472222222222222 0.165625 0.3472222222222222 0.165625 0.3416666666666667 0.175 0.3333333333333333
0 0.2734375 0.33611111111111114 0.28125 0.34444444444444444 0.278125 0.35 0.275 0.3472222222222222 0.2734375 0.3388888888888889
0 0.1421875 0.6972222222222222 0.2171875 0.5944444444444444 0.2546875 0.5333333333333333 0.2609375 0.5277777777777778 0.26875 0.5277777777777778 0.2703125 0.5305555555555556 0.2640625 0.5472222222222223 0.23125 0.6027777777777777 0.1640625 0.7 0.1609375 0.7027777777777777 0.15 0.7027777777777777 0.1484375 0.7055555555555556 0.1421875 0.7055555555555556 0.140625 0.7027777777777777 0.1421875 0.7
0 0.2875 0.36944444444444446 0.2921875 0.36944444444444446 0.3 0.3861111111111111 0.3 0.3888888888888889 0.29375 0.3888888888888889 0.2890625 0.38055555555555554 0.2875 0.37222222222222223
0 0.1796875 0.32222222222222224 0.1859375 0.3138888888888889 0.190625 0.3138888888888889 0.1921875 0.31666666666666665 0.1890625 0.32222222222222224 0.18125 0.325
0 0.2953125 0.4388888888888889 0.2984375 0.4361111111111111 0.3046875 0.4388888888888889 0.3046875 0.4527777777777778 0.3 0.46944444444444444 0.2921875 0.4888888888888889 0.2890625 0.49166666666666664 0.2796875 0.49166666666666664 0.2796875 0.4861111111111111 0.2890625 0.4666666666666667 0.2953125 0.44166666666666665
0 0.1578125 0.3638888888888889 0.1578125 0.36944444444444446 0.146875 0.38333333333333336 0.1390625 0.38333333333333336 0.1390625 0.38055555555555554 0.1484375 0.36666666666666664 0.15625 0.3638888888888889
0 0.55625 0.45555555555555555 0.5875 0.48333333333333334 0.6171875 0.5166666666666667 0.625 0.5222222222222223 0.63125 0.5305555555555556 0.63125 0.5333333333333333 0.6265625 0.5361111111111111 0.6234375 0.5333333333333333 0.6125 0.5333333333333333 0.6078125 0.525 0.5828125 0.5 0.575 0.4888888888888889 0.5484375 0.4638888888888889 0.5453125 0.4583333333333333 0.546875 0.45555555555555555 0.5546875 0.45555555555555555
0 0.396875 0.3611111111111111 0.40625 0.3611111111111111 0.4234375 0.37222222222222223 0.4125 0.37222222222222223 0.3984375 0.3638888888888889
0 0.3421875 0.3277777777777778 0.3453125 0.325 0.3515625 0.33055555555555555 0.353125 0.33611111111111114 0.3484375 0.33611111111111114 0.34375 0.33055555555555555