0 0.596875 0.7388888888888889 0.6109375 0.7416666666666667 0.615625 0.75 0.6328125 0.7527777777777778 0.640625 0.7638888888888888 0.6625 0.7833333333333333 0.6609375 0.7888888888888889 0.6375 0.7888888888888889 0.625 0.775 0.61875 0.7638888888888888 0.6140625 0.7611111111111111 0.6078125 0.75 0.6046875 0.75 0.5984375 0.7416666666666667
0 0.9890625 0.6916666666666667 0.990625 0.6972222222222222 0.996875 0.6972222222222222 0.9984375 0.7 0.9984375 0.75 0.9203125 0.7444444444444445 0.884375 0.7222222222222222 0.8765625 0.7222222222222222 0.8640625 0.7138888888888889 0.853125 0.7138888888888889 0.8484375 0.7083333333333334 0.834375 0.7055555555555556 0.834375 0.7 0.85 0.7 0.8515625 0.7027777777777777 0.8546875 0.6972222222222222 0.859375 0.7027777777777777 0.8671875 0.7027777777777777 0.86875 0.7 0.8875 0.6972222222222222 0.8890625 0.6944444444444444 0.934375 0.6944444444444444 0.9375 0.7027777777777777 0.9421875 0.7027777777777777 0.9453125 0.6944444444444444 0.9875 0.6916666666666667
0 0.85625 0.6944444444444444 0.8625 0.7 0.86875 0.7 0.8765625 0.6944444444444444 0.878125 0.6972222222222222 0.8828125 0.6944444444444444 0.9125 0.6944444444444444 0.9140625 0.6916666666666667 0.93125 0.6916666666666667 0.934375 0.6944444444444444 0.9390625 0.7083333333333334 0.8890625 0.7055555555555556 0.8875 0.7083333333333334 0.8703125 0.7083333333333334 0.86875 0.7111111111111111 0.8515625 0.7111111111111111 0.8421875 0.7055555555555556 0.834375 0.7055555555555556 0.8328125 0.7027777777777777 0.834375 0.6944444444444444 0.8546875 0.6944444444444444
0 0.85 0.7444444444444445 0.871875 0.7472222222222222 0.884375 0.7527777777777778 0.8890625 0.7583333333333333 0.9140625 0.7666666666666667 0.9296875 0.7777777777777778 0.9359375 0.7777777777777778 0.9515625 0.7888888888888889 0.965625 0.7916666666666666 0.99375 0.8055555555555556 0.99375 0.8083333333333333 0.971875 0.8083333333333333 0.9578125 0.7972222222222223 0.9421875 0.7944444444444444 0.9359375 0.7888888888888889 0.9078125 0.7777777777777778 0.8984375 0.7694444444444445 0.8796875 0.7638888888888888 0.865625 0.7527777777777778 0.85 0.7472222222222222
0 0.496875 0.7416666666666667 0.515625 0.7416666666666667 0.51875 0.7444444444444445 0.5296875 0.7805555555555556 0.5296875 0.7916666666666666 0.5046875 0.7916666666666666 0.496875 0.7444444444444445
0 0.446875 0.7444444444444445 0.465625 0.7444444444444445 0.4671875 0.7472222222222222 0.465625 0.7916666666666666 0.4578125 0.7972222222222223 0.440625 0.7972222222222223 0.4390625 0.7944444444444444 0.446875 0.7472222222222222
0 0.7484375 0.7388888888888889 0.7671875 0.7388888888888889 0.803125 0.7611111111111111 0.8125 0.7638888888888888 0.8265625 0.775 0.83125 0.775 0.846875 0.7861111111111111 0.8609375 0.7916666666666666 0.8609375 0.7944444444444444 0.8328125 0.7916666666666666 0.75 0.7416666666666667
0 0.578125 0.7972222222222223 0.5859375 0.7972222222222223 0.5921875 0.8111111111111111 0.5921875 0.8166666666666667 0.5875 0.8166666666666667 0.578125 0.8
0 0 0.9722222222222222 0.0140625 0.9638888888888889 0.025 0.9527777777777777 0.0359375 0.95 0.046875 0.9361111111111111 0.053125 0.9388888888888889 0.0296875 0.9666666666666667 0.0015625 0.9888888888888889 0 0.9888888888888889 0 0.975
0 0.8953125 0.7472222222222222 0.9109375 0.7472222222222222 0.9421875 0.7611111111111111 0.940625 0.7694444444444445 0.934375 0.7694444444444445 0.8953125 0.75
0 0.596875 0.7388888888888889 0.6125 0.7388888888888889 0.61875 0.7472222222222222 0.628125 0.7527777777777778 0.6359375 0.7527777777777778 0.640625 0.7611111111111111 0.646875 0.7611111111111111 0.6515625 0.7555555555555555 0.6421875 0.7416666666666667 0.6390625 0.7416666666666667 0.6640625 0.7416666666666667 0.6609375 0.7444444444444445 0.6625 0.75 0.665625 0.75 0.66875 0.7444444444444445 0.684375 0.7527777777777778 0.6875 0.7472222222222222 0.7375 0.7472222222222222 0.7421875 0.75 0.7453125 0.7444444444444445 0.74375 0.7416666666666667 0.7453125 0.7388888888888889 0.76875 0.7388888888888889 0.79375 0.7527777777777778 0.796875 0.75 0.7953125 0.7472222222222222 0.7984375 0.7388888888888889 0.8140625 0.7388888888888889 0.8328125 0.75 0.840625 0.75 0.846875 0.7444444444444445 0.859375 0.7416666666666667 0.8890625 0.7555555555555555 0.896875 0.7555555555555555 0.8984375 0.7472222222222222 0.9046875 0.7472222222222222 0.9015625 0.75 0.90625 0.7555555555555555 0.91875 0.7527777777777778 0.9375 0.7611111111111111 0.934375 0.7638888888888888 0.9390625 0.7666666666666667 0.9375 0.775 0.946875 0.7861111111111111 0.959375 0.7888888888888889 0.971875 0.7972222222222223 0.9859375 0.8 0.9984375 0.8083333333333333 0.9953125 0.8111111111111111 0.9921875 0.8083333333333333 0.9734375 0.8083333333333333 0.9546875 0.7972222222222223 0.9453125 0.7972222222222223 0.934375 0.7888888888888889 0.9296875 0.7888888888888889 0.9265625 0.7944444444444444 0.9296875 0.8027777777777778 0.9015625 0.8 0.875 0.7861111111111111 0.8734375 0.7888888888888889 0.865625 0.7888888888888889 0.859375 0.7972222222222223 0.8453125 0.7972222222222223 0.8328125 0.7916666666666666 0.821875 0.7916666666666666 0.8203125 0.7861111111111111 0.8078125 0.7805555555555556 0.8046875 0.775 0.8015625 0.775 0.8 0.7805555555555556 0.8046875 0.7833333333333333 0.80625 0.7888888888888889 0.7671875 0.7916666666666666 0.7625 0.7861111111111111 0.75625 0.7861111111111111 0.740625 0.775 0.7375 0.7777777777777778 0.7328125 0.775 0.7234375 0.7638888888888888 0.7203125 0.7638888888888888 0.7171875 0.7694444444444445 0.7203125 0.775 0.7234375 0.775 0.721875 0.7777777777777778 0.7234375 0.7805555555555556 0.728125 0.7805555555555556 0.7328125 0.7888888888888889 0.7234375 0.7888888888888889 0.721875 0.7916666666666666 0.7 0.7888888888888889 0.6703125 0.7666666666666667 0.6671875 0.7722222222222223 0.6671875 0.7777777777777778 0.671875 0.7833333333333333 0.6734375 0.7805555555555556 0.675 0.7833333333333333 0.6703125 0.7833333333333333 0.665625 0.7888888888888889 0.6484375 0.7888888888888889 0.646875 0.7916666666666666 0.6453125 0.7888888888888889 0.6359375 0.7888888888888889 0.6296875 0.7833333333333333 0.596875 0.7416666666666667
0 0.6796875 0.75 0.7140625 0.7777777777777778 0.7171875 0.7777777777777778 0.7265625 0.7861111111111111 0.725 0.7888888888888889 0.7046875 0.7888888888888889 0.684375 0.775 0.6640625 0.7555555555555555 0.6671875 0.75 0.678125 0.75
0 0.8 0.7388888888888889 0.809375 0.7388888888888889 0.834375 0.75 0.85625 0.7638888888888888 0.8625 0.7638888888888888 0.8828125 0.7777777777777778 0.921875 0.7944444444444444 0.925 0.8 0.9046875 0.8 0.8921875 0.7944444444444444 0.859375 0.775 0.853125 0.775 0.834375 0.7611111111111111 0.828125 0.7611111111111111 0.8046875 0.7472222222222222 0.8 0.7416666666666667
0 0.546875 0.7388888888888889 0.565625 0.7388888888888889 0.5953125 0.7888888888888889 0.59375 0.7916666666666666 0.571875 0.7916666666666666 0.546875 0.7416666666666667
0 0.7140625 0.75 0.71875 0.7472222222222222 0.734375 0.75 0.7609375 0.7694444444444445 0.7921875 0.7861111111111111 0.79375 0.7888888888888889 0.7921875 0.7916666666666666 0.771875 0.7916666666666666 0.7484375 0.7777777777777778 0.740625 0.7694444444444445 0.728125 0.7638888888888888 0.715625 0.7527777777777778
0 0.59375 0.825 0.6 0.825 0.615625 0.85 0.615625 0.8555555555555555 0.60625 0.8527777777777777 0.59375 0.8277777777777777