0 0.51875 0.6888888888888889 0.525 0.6916666666666667 0.525 0.6972222222222222 0.521875 0.6972222222222222 0.51875 0.6916666666666667
0 0.85 0.7611111111111111 0.8609375 0.7611111111111111 0.8859375 0.775 0.8921875 0.775 0.925 0.7916666666666666 0.93125 0.7916666666666666 0.9703125 0.8138888888888889 0.9796875 0.8138888888888889 0.9984375 0.8222222222222222 0.9984375 0.8333333333333334 0.99375 0.8333333333333334 0.9875 0.8277777777777777 0.9765625 0.825 0.9515625 0.8111111111111111 0.9390625 0.8083333333333333 0.9234375 0.7972222222222223 0.9 0.7888888888888889 0.89375 0.7833333333333333 0.8671875 0.775 0.8515625 0.7638888888888888
0 0.1171875 0.725 0.1109375 0.7305555555555555 0.1046875 0.7305555555555555 0.103125 0.7333333333333333 0.096875 0.7333333333333333 0.0953125 0.7361111111111112 0.0890625 0.7361111111111112 0.0640625 0.7472222222222222 0.0625 0.7416666666666667 0.065625 0.7388888888888889 0.103125 0.7277777777777777 0.1046875 0.725 0.115625 0.725
0 0.290625 0.725 0.2953125 0.7166666666666667 0.303125 0.7166666666666667 0.303125 0.7194444444444444 0.2984375 0.725 0.2921875 0.725
0 0.409375 0.675 0.4109375 0.6805555555555556 0.3984375 0.6944444444444444 0.375 0.7305555555555555 0.36875 0.7361111111111112 0.3234375 0.8 0.3109375 0.8138888888888889 0.271875 0.8722222222222222 0.2671875 0.875 0.2515625 0.9 0.225 0.9333333333333333 0.1828125 0.9944444444444445 0.1796875 0.9972222222222222 0.1640625 0.9972222222222222 0.1640625 0.9944444444444445 0.2125 0.9277777777777778 0.2359375 0.9 0.24375 0.8861111111111111 0.2484375 0.8833333333333333 0.2796875 0.8416666666666667 0.29375 0.8194444444444444 0.3203125 0.7888888888888889 0.3265625 0.7777777777777778 0.33125 0.775 0.3390625 0.7611111111111111 0.3546875 0.7444444444444445 0.396875 0.6861111111111111 0.4046875 0.6777777777777778 0.4078125 0.6777777777777778
0 0.90625 0.9111111111111111 0.909375 0.9083333333333333 0.91875 0.9111111111111111 0.9234375 0.9166666666666666 0.996875 0.9666666666666667 0.9984375 0.9694444444444444 0.9984375 0.9833333333333333 0.990625 0.975 0.9828125 0.9722222222222222 0.971875 0.9611111111111111 0.9234375 0.9277777777777778 0.9078125 0.9138888888888889
0 0.0625 0.8888888888888888 0.1109375 0.8527777777777777 0.1234375 0.85 0.1234375 0.8555555555555555 0.0734375 0.8944444444444445 0.0640625 0.8944444444444445 0.0625 0.8916666666666667
0 0.3296875 0.6972222222222222 0.33125 0.6916666666666667 0.3390625 0.6916666666666667 0.3359375 0.6972222222222222 0.33125 0.6972222222222222
0 0.3125 0.675 0.3078125 0.6805555555555556 0.303125 0.6805555555555556 0.26875 0.7027777777777777 0.2640625 0.7027777777777777 0.2328125 0.7222222222222222 0.228125 0.7222222222222222 0.209375 0.7361111111111112 0.2046875 0.7361111111111112 0.1734375 0.7555555555555555 0.16875 0.7555555555555555 0.1578125 0.7638888888888888 0.1375 0.7722222222222223 0.121875 0.7833333333333333 0.10625 0.7888888888888889 0.090625 0.8 0.0640625 0.8111111111111111 0.059375 0.8166666666666667 0.0484375 0.8194444444444444 0.0015625 0.8472222222222222 0 0.8472222222222222 0.0015625 0.8361111111111111 0.0109375 0.8333333333333334 0.0234375 0.8222222222222222 0.021875 0.8194444444444444 0.015625 0.8194444444444444 0.009375 0.825 0 0.8277777777777777 0 0.8194444444444444 0.040625 0.8027777777777778 0.046875 0.7972222222222223 0.0625 0.7916666666666666 0.1015625 0.7694444444444445 0.1578125 0.7444444444444445 0.16875 0.7361111111111112 0.2375 0.7055555555555556 0.2484375 0.6972222222222222 0.2671875 0.6916666666666667 0.28125 0.6805555555555556 0.2953125 0.6777777777777778 0.296875 0.675 0.3109375 0.675
0 0.246875 0.7583333333333333 0.24375 0.7666666666666667 0.228125 0.7777777777777778 0.221875 0.7777777777777778 0.221875 0.7722222222222223 0.234375 0.7611111111111111 0.2453125 0.7583333333333333
0 0.540625 0.7361111111111112 0.5484375 0.7388888888888889 0.5578125 0.7583333333333333 0.5578125 0.7638888888888888 0.5515625 0.7638888888888888 0.540625 0.7388888888888889
0 0.8515625 0.7611111111111111 0.8609375 0.7611111111111111 0.865625 0.7666666666666667 0.871875 0.7666666666666667 0.8859375 0.775 0.8921875 0.775 0.9359375 0.7944444444444444 0.9640625 0.8111111111111111 0.9984375 0.8222222222222222 0.9984375 0.8333333333333334 0.9890625 0.8305555555555556 0.9765625 0.8222222222222222 0.9515625 0.8111111111111111 0.9453125 0.8111111111111111 0.9234375 0.7972222222222223 0.9 0.7888888888888889 0.89375 0.7833333333333333 0.8671875 0.775 0.8625 0.7694444444444445 0.8578125 0.7694444444444445 0.8515625 0.7638888888888888
0 0.61875 0.9 0.628125 0.9 0.675 0.9944444444444445 0.675 0.9972222222222222 0.659375 0.9972222222222222 0.628125 0.925 0.61875 0.9083333333333333 0.61875 0.9027777777777778
0 0.503125 0.6583333333333333 0.50625 0.6583333333333333 0.5125 0.6666666666666666 0.51875 0.6833333333333333 0.525 0.6916666666666667 0.525 0.6972222222222222 0.521875 0.6972222222222222 0.51875 0.6916666666666667 0.51875 0.6833333333333333 0.5078125 0.6722222222222223 0.503125 0.6611111111111111
0 0.234375 0.6416666666666667 0.2359375 0.6444444444444445 0.246875 0.6444444444444445 0.2421875 0.65 0.215625 0.6555555555555556 0.2015625 0.6638888888888889 0.1953125 0.6611111111111111 0.190625 0.6638888888888889 0.1890625 0.6611111111111111 0.1828125 0.6666666666666666 0.1765625 0.6666666666666666 0.175 0.6694444444444444 0.16875 0.6666666666666666 0.159375 0.6722222222222223 0.153125 0.6722222222222223 0.15 0.6638888888888889 0.14375 0.6666666666666666 0.1296875 0.6638888888888889 0.128125 0.6666666666666666 0.134375 0.6722222222222223 0.128125 0.6777777777777778 0.1046875 0.6833333333333333 0.090625 0.6916666666666667 0.078125 0.6916666666666667 0.059375 0.7 0.046875 0.7 0.03125 0.7083333333333334 0.0203125 0.7083333333333334 0.015625 0.7 0.01875 0.6972222222222222 0.021875 0.7 0.0265625 0.6944444444444444 0.0328125 0.6972222222222222 0.034375 0.6944444444444444 0.046875 0.6944444444444444 0.0484375 0.6916666666666667 0.0640625 0.6888888888888889 0.071875 0.6805555555555556 0.0703125 0.6777777777777778 0.0578125 0.6777777777777778 0.075 0.6777777777777778 0.0765625 0.6805555555555556 0.109375 0.6777777777777778 0.1109375 0.675 0.1171875 0.675 0.1203125 0.6694444444444444 0.1171875 0.6638888888888889 0.1203125 0.6611111111111111 0.15 0.6555555555555556 0.1515625 0.6527777777777778 0.1609375 0.6555555555555556 0.1578125 0.6611111111111111 0.159375 0.6638888888888889 0.175 0.6611111111111111 0.178125 0.6666666666666666 0.1921875 0.6555555555555556 0.19375 0.6583333333333333 0.196875 0.6555555555555556 0.2078125 0.6555555555555556 0.215625 0.65 0.2234375 0.65 0.2328125 0.6416666666666667
0 0.61875 0.9 0.628125 0.9 0.675 0.9944444444444445 0.675 0.9972222222222222 0.659375 0.9972222222222222 0.628125 0.925 0.6203125 0.9111111111111111 0.61875 0.9027777777777778
0 0.503125 0.6583333333333333 0.50625 0.6583333333333333 0.5125 0.6666666666666666 0.5171875 0.6777777777777778 0.5171875 0.6805555555555556 0.5140625 0.6805555555555556 0.503125 0.6611111111111111
0 0.8515625 0.7583333333333333 0.853125 0.7611111111111111 0.8625 0.7611111111111111 0.875 0.7694444444444445 0.88125 0.7694444444444445 0.8875 0.775 0.9078125 0.7805555555555556 0.9140625 0.7861111111111111 0.9375 0.7944444444444444 0.9484375 0.8027777777777778 0.9734375 0.8138888888888889 0.996875 0.8194444444444444 0.9984375 0.8222222222222222 0.9984375 0.8333333333333334 0.98125 0.8277777777777777 0.9578125 0.8138888888888889 0.9390625 0.8083333333333333 0.9171875 0.7944444444444444 0.8671875 0.775 0.8609375 0.7694444444444445 0.85625 0.7694444444444445 0.85 0.7638888888888888 0.8484375 0.7611111111111111 0.85 0.7611111111111111