0 0.4359375 0.6 0.4453125 0.6055555555555555 0.4453125 0.6111111111111112 0.440625 0.6222222222222222 0.434375 0.6305555555555555 0.4328125 0.6277777777777778 0.425 0.6277777777777778 0.4234375 0.6305555555555555 0.4171875 0.6277777777777778 0.4234375 0.6138888888888889 0.434375 0.6027777777777777
0 0.31875 0.6055555555555555 0.3203125 0.6055555555555555 0.3171875 0.6111111111111112 0.3140625 0.6111111111111112 0.3109375 0.6166666666666667 0.3015625 0.6194444444444445 0.2984375 0.625 0.29375 0.6222222222222222 0.3 0.6138888888888889 0.3078125 0.6111111111111112 0.3125 0.6055555555555555 0.3171875 0.6055555555555555
0 0.2015625 0.6861111111111111 0.18125 0.7027777777777777 0.16875 0.7083333333333334 0.165625 0.7138888888888889 0.1609375 0.7138888888888889 0.1515625 0.7222222222222222 0.1390625 0.7277777777777777 0.1296875 0.7277777777777777 0.1328125 0.7222222222222222 0.1359375 0.7222222222222222 0.140625 0.7166666666666667 0.1453125 0.7166666666666667 0.1546875 0.7083333333333334 0.1640625 0.7055555555555556 0.1671875 0.7 0.175 0.6972222222222222 0.1890625 0.6861111111111111 0.2 0.6861111111111111
0 0.3921875 0.6638888888888889 0.396875 0.6583333333333333 0.4015625 0.6583333333333333 0.4046875 0.6638888888888889 0.3953125 0.6805555555555556 0.39375 0.6888888888888889 0.378125 0.7083333333333334 0.3578125 0.7472222222222222 0.3515625 0.7527777777777778 0.3109375 0.8277777777777777 0.3109375 0.8333333333333334 0.30625 0.8416666666666667 0.309375 0.8472222222222222 0.315625 0.8361111111111111 0.3234375 0.8305555555555556 0.3203125 0.8444444444444444 0.3171875 0.8472222222222222 0.31875 0.8527777777777777 0.3234375 0.8527777777777777 0.3234375 0.8583333333333333 0.31875 0.8583333333333333 0.3203125 0.8555555555555555 0.3171875 0.85 0.309375 0.8583333333333333 0.309375 0.8527777777777777 0.303125 0.8444444444444444 0.2953125 0.8527777777777777 0.2140625 0.9972222222222222 0.1890625 0.9972222222222222 0.1984375 0.9861111111111112 0.2171875 0.95 0.2390625 0.9138888888888889 0.2484375 0.9027777777777778 0.2609375 0.8777777777777778 0.2921875 0.8305555555555556 0.325 0.7722222222222223 0.35625 0.725 0.36875 0.7 0.375 0.6944444444444444 0.3921875 0.6666666666666666
0 0.534375 0.525 0.5390625 0.5277777777777778 0.5453125 0.5388888888888889 0.5484375 0.5388888888888889 0.565625 0.5666666666666667 0.5703125 0.5694444444444444 0.5890625 0.5972222222222222 0.6 0.6083333333333333 0.6078125 0.6222222222222222 0.6265625 0.6444444444444445 0.665625 0.7027777777777777 0.678125 0.7166666666666667 0.6984375 0.75 0.7265625 0.7861111111111111 0.746875 0.8194444444444444 0.7515625 0.8222222222222222 0.778125 0.8611111111111112 0.7859375 0.8666666666666667 0.7953125 0.8888888888888888 0.8 0.8916666666666667 0.8171875 0.9194444444444444 0.8265625 0.9277777777777778 0.8390625 0.95 0.8546875 0.9694444444444444 0.8546875 0.975 0.8421875 0.975 0.840625 0.9777777777777777 0.83125 0.975 0.7875 0.9055555555555556 0.7796875 0.8972222222222223 0.7671875 0.875 0.728125 0.8194444444444444 0.7125 0.7916666666666666 0.7046875 0.7833333333333333 0.6921875 0.7611111111111111 0.6859375 0.7555555555555555 0.6828125 0.7472222222222222 0.6625 0.7194444444444444 0.6265625 0.6611111111111111 0.61875 0.65 0.6140625 0.6472222222222223 0.56875 0.5777777777777777 0.565625 0.5777777777777777 0.5515625 0.5527777777777778 0.5421875 0.5416666666666666 0.5359375 0.5277777777777778
0 0.00625 0.8138888888888889 0.0078125 0.8027777777777778 0.028125 0.7916666666666666 0.0390625 0.7805555555555556 0.0765625 0.7611111111111111 0.078125 0.7611111111111111 0.078125 0.7666666666666667 0.071875 0.775 0.040625 0.7916666666666666 0.0171875 0.8111111111111111 0.0078125 0.8138888888888889
0 0.346875 0.5833333333333334 0.3484375 0.5861111111111111 0.34375 0.5944444444444444 0.3359375 0.6 0.33125 0.6 0.328125 0.5916666666666667 0.3234375 0.5944444444444444 0.309375 0.5944444444444444 0.2875 0.6055555555555555 0.25625 0.6083333333333333 0.2515625 0.6138888888888889 0.215625 0.6166666666666667 0.209375 0.6222222222222222 0.1984375 0.6222222222222222 0.196875 0.625 0.1828125 0.625 0.1828125 0.6222222222222222 0.209375 0.6166666666666667 0.2171875 0.6111111111111112 0.2484375 0.6083333333333333 0.2546875 0.6027777777777777 0.2859375 0.6 0.2875 0.5972222222222222 0.2984375 0.5972222222222222 0.303125 0.5916666666666667 0.3140625 0.5916666666666667 0.3234375 0.5861111111111111 0.334375 0.5861111111111111 0.3359375 0.5833333333333334 0.3421875 0.5861111111111111 0.3453125 0.5833333333333334
0 0.33125 0.5944444444444444 0.346875 0.5861111111111111 0.3421875 0.5972222222222222 0.3359375 0.6 0.33125 0.6 0.33125 0.5972222222222222
0 0.3390625 0.5833333333333334 0.340625 0.5861111111111111 0.3453125 0.5833333333333334 0.346875 0.5861111111111111 0.34375 0.5916666666666667 0.3421875 0.5888888888888889 0.3375 0.5916666666666667 0.33125 0.5888888888888889 0.321875 0.5944444444444444 0.3015625 0.5972222222222222 0.2984375 0.6027777777777777 0.290625 0.6027777777777777 0.2890625 0.6055555555555555 0.25625 0.6083333333333333 0.253125 0.6138888888888889 0.2375 0.6138888888888889 0.2359375 0.6166666666666667 0.2171875 0.6166666666666667 0.2 0.625 0.18125 0.625 0.18125 0.6222222222222222 0.1859375 0.6194444444444445 0.209375 0.6166666666666667 0.215625 0.6111111111111112 0.2453125 0.6083333333333333 0.2546875 0.6027777777777777 0.296875 0.5972222222222222 0.3 0.5916666666666667 0.3109375 0.5916666666666667 0.3125 0.5888888888888889 0.321875 0.5888888888888889 0.3234375 0.5861111111111111 0.334375 0.5861111111111111 0.3375 0.5833333333333334
0 0.459375 0.5777777777777777 0.459375 0.5833333333333334 0.4546875 0.5916666666666667 0.4484375 0.5916666666666667 0.446875 0.5888888888888889 0.4421875 0.5916666666666667 0.4421875 0.5888888888888889 0.45 0.5777777777777777 0.4546875 0.575 0.4578125 0.5777777777777777
0 0.4390625 0.6194444444444445 0.0171875 0.025
0 0.4046875 0.6611111111111111 0.40625 0.6666666666666666 0.4109375 0.6611111111111111 0.41875 0.6611111111111111 0.4171875 0.6722222222222223 0.3859375 0.7333333333333333 0.3828125 0.7444444444444445 0.3640625 0.7777777777777778 0.3640625 0.7833333333333333 0.3453125 0.8194444444444444 0.340625 0.8333333333333334 0.3046875 0.9027777777777778 0.303125 0.9111111111111111 0.2875 0.9388888888888889 0.284375 0.95 0.2609375 0.9972222222222222 0.234375 0.9972222222222222 0.2515625 0.9666666666666667 0.259375 0.9472222222222222 0.26875 0.9333333333333333 0.275 0.9166666666666666 0.3046875 0.8638888888888889 0.3078125 0.8527777777777777 0.303125 0.8472222222222222 0.2953125 0.8527777777777777 0.2140625 0.9972222222222222 0.1890625 0.9972222222222222 0.203125 0.9777777777777777 0.2265625 0.9333333333333333 0.2484375 0.9027777777777778 0.2796875 0.8472222222222222 0.3109375 0.8 0.321875 0.7777777777777778 0.34375 0.7472222222222222 0.3671875 0.7027777777777777 0.38125 0.6861111111111111 0.396875 0.6583333333333333 0.403125 0.6611111111111111
0 0.43125 0.5333333333333333 0.425 0.5416666666666666 0.39375 0.5583333333333333 0.3703125 0.5777777777777777 0.3640625 0.5805555555555556 0.359375 0.5805555555555556 0.359375 0.5777777777777777 0.378125 0.5638888888888889 0.3875 0.5611111111111111 0.390625 0.5555555555555556 0.4046875 0.55 0.4234375 0.5361111111111111 0.4296875 0.5361111111111111
0 0.4859375 0.525 0.478125 0.5472222222222223 0.4578125 0.5888888888888889 0.4546875 0.5916666666666667 0.4421875 0.5916666666666667 0.440625 0.5944444444444444 0.440625 0.5888888888888889 0.4515625 0.575 0.4703125 0.5388888888888889 0.484375 0.525
0 0.3984375 0.6833333333333333 0.4109375 0.6611111111111111 0.41875 0.6611111111111111 0.4171875 0.6722222222222223 0.4046875 0.6944444444444444 0.4046875 0.7 0.4015625 0.7027777777777777 0.3875 0.7361111111111112 0.346875 0.8166666666666667 0.346875 0.8222222222222222 0.3375 0.8416666666666667 0.325 0.8611111111111112 0.325 0.8666666666666667 0.303125 0.9083333333333333 0.3 0.9194444444444444 0.284375 0.9472222222222222 0.2671875 0.9861111111111112 0.2609375 0.9972222222222222 0.234375 0.9972222222222222 0.2859375 0.8972222222222223 0.2953125 0.8833333333333333 0.3 0.8694444444444445 0.3390625 0.8027777777777778 0.3390625 0.7972222222222223 0.35625 0.7666666666666667 0.365625 0.7444444444444445 0.3984375 0.6861111111111111
0 0.4859375 0.525 0.4703125 0.5638888888888889 0.465625 0.5722222222222222 0.4609375 0.575 0.45625 0.575 0.4546875 0.5694444444444444 0.465625 0.5472222222222223 0.475 0.5333333333333333 0.484375 0.525
0 0.275 0.6333333333333333 0.2765625 0.6361111111111111 0.275 0.6388888888888888 0.26875 0.6444444444444445 0.259375 0.6472222222222223 0.2515625 0.6555555555555556 0.2375 0.6638888888888889 0.234375 0.6583333333333333 0.2625 0.6388888888888888 0.2734375 0.6361111111111111