0 0.4625 0.7083333333333334 0.465625 0.7055555555555556 0.475 0.7138888888888889 0.4765625 0.7222222222222222 0.4734375 0.7222222222222222 0.4640625 0.7111111111111111
0 0.7109375 0.7472222222222222 0.7171875 0.7444444444444445 0.746875 0.7583333333333333 0.7484375 0.7555555555555555 0.7625 0.7638888888888888 0.7625 0.7666666666666667 0.75625 0.7666666666666667 0.75 0.7611111111111111 0.7453125 0.7638888888888888 0.7375 0.7583333333333333 0.728125 0.7583333333333333 0.721875 0.7527777777777778 0.7125 0.75
0 0.334375 0.6972222222222222 0.3359375 0.6861111111111111 0.3390625 0.6916666666666667 0.3359375 0.6972222222222222
0 0.33359375 0.675 0.0046875 0.008333333333333333
0 0.3140625 0.7888888888888889 0.31875 0.7861111111111111 0.3203125 0.7888888888888889 0.3171875 0.7972222222222223 0.3171875 0.8027777777777778 0.3078125 0.8222222222222222 0.303125 0.8222222222222222 0.3046875 0.8083333333333333 0.3140625 0.7916666666666666
0 0.33125 0.7222222222222222 0.3359375 0.7222222222222222 0.334375 0.7361111111111112 0.33125 0.7361111111111112 0.33125 0.725
0 0.2515625 0.6638888888888889 0.259375 0.6722222222222223 0.259375 0.6805555555555556 0.253125 0.6972222222222222 0.2421875 0.7138888888888889 0.209375 0.75 0.2 0.7555555555555555 0.1875 0.7694444444444445 0.1796875 0.7722222222222223 0.175 0.7805555555555556 0.1625 0.7861111111111111 0.1546875 0.7972222222222223 0.1421875 0.8027777777777778 0.1328125 0.8138888888888889 0.125 0.8166666666666667 0.11875 0.825 0.1140625 0.825 0.109375 0.8305555555555556 0.10625 0.8305555555555556 0.103125 0.8361111111111111 0.09375 0.8388888888888889 0.0859375 0.8472222222222222 0.071875 0.8527777777777777 0.06875 0.8583333333333333 0.053125 0.8666666666666667 0.046875 0.875 0.0375 0.8777777777777778 0.03125 0.8861111111111111 0.0171875 0.8944444444444445 0.0171875 0.8833333333333333 0.0265625 0.8805555555555555 0.0296875 0.875 0.0453125 0.8666666666666667 0.0515625 0.8583333333333333 0.0640625 0.8527777777777777 0.0703125 0.8444444444444444 0.08125 0.8416666666666667 0.09375 0.8305555555555556 0.103125 0.8277777777777777 0.10625 0.8222222222222222 0.1203125 0.8166666666666667 0.1234375 0.8111111111111111 0.1265625 0.8111111111111111 0.146875 0.7916666666666666 0.1546875 0.7888888888888889 0.1609375 0.7805555555555556 0.171875 0.775 0.175 0.7694444444444445 0.20625 0.7444444444444445 0.2109375 0.7361111111111112 0.2140625 0.7361111111111112 0.225 0.725 0.2484375 0.6944444444444444 0.2546875 0.6833333333333333 0.2546875 0.6694444444444444 0.253125 0.6666666666666666
0 0.525 0.7638888888888888 0.553125 0.7916666666666666 0.55625 0.7972222222222223 0.5515625 0.8 0.5390625 0.7888888888888889 0.534375 0.7805555555555556 0.5328125 0.7833333333333333 0.5234375 0.7694444444444445 0.5203125 0.7694444444444445 0.5203125 0.7638888888888888 0.5234375 0.7638888888888888
0 0.4375 0.6805555555555556 0.4453125 0.6888888888888889 0.4421875 0.6916666666666667 0.4359375 0.6805555555555556
0 0.4171875 0.8333333333333334 0.425 0.8333333333333334 0.428125 0.85 0.428125 0.8638888888888889 0.4328125 0.8805555555555555 0.4328125 0.8861111111111111 0.428125 0.8916666666666667 0.421875 0.8888888888888888 0.41875 0.8722222222222222 0.41875 0.8416666666666667 0.4171875 0.8361111111111111
0 0.5921875 0.6972222222222222 0.603125 0.7055555555555556 0.6015625 0.7083333333333334 0.584375 0.7 0.590625 0.6972222222222222