0 0.334375 0.6819444444444445 0.00625 0.013888888888888888
0 0.715625 0.7666666666666667 0.728125 0.775 0.765625 0.7888888888888889 0.7796875 0.7972222222222223 0.7828125 0.8027777777777778 0.775 0.8027777777777778 0.7625 0.7944444444444444 0.7265625 0.7805555555555556 0.7171875 0.775 0.7140625 0.7694444444444445
0 0.2578125 0.6472222222222223 0.2609375 0.6472222222222223 0.2609375 0.6611111111111111 0.2515625 0.6777777777777778 0.2203125 0.7083333333333334 0.2046875 0.7166666666666667 0.1703125 0.7444444444444445 0.1359375 0.7666666666666667 0.1171875 0.7833333333333333 0.1 0.7916666666666666 0.0703125 0.8138888888888889 0 0.8555555555555555 0 0.8444444444444444 0.0046875 0.8444444444444444 0.0234375 0.8333333333333334 0.028125 0.8277777777777777 0.0515625 0.8138888888888889 0.05625 0.8138888888888889 0.0671875 0.8027777777777778 0.09375 0.7888888888888889 0.1140625 0.7722222222222223 0.11875 0.7722222222222223 0.1234375 0.7666666666666667 0.1359375 0.7611111111111111 0.1421875 0.7527777777777778 0.175 0.7333333333333333 0.196875 0.7138888888888889 0.2203125 0.7 0.25 0.6722222222222223 0.25625 0.6611111111111111 0.2578125 0.65
0 0.328125 0.6638888888888889 0.00625 0.011111111111111112
0 0.30625 0.7805555555555556 0.3078125 0.7833333333333333 0.30625 0.7888888888888889 0.2859375 0.8277777777777777 0.28125 0.8277777777777777 0.2796875 0.8222222222222222 0.3046875 0.7805555555555556
0 0.3296875 0.7083333333333334 0.334375 0.7111111111111111 0.33125 0.725 0.3265625 0.725 0.3296875 0.7111111111111111
0 0.2859375 0.6611111111111111 0.2875 0.6638888888888889 0.3015625 0.6638888888888889 0.303125 0.6722222222222223 0.29375 0.6666666666666666 0.2828125 0.6666666666666666 0.284375 0.6638888888888889
0 0.5125 0.6638888888888889 0.5203125 0.6638888888888889 0.528125 0.6694444444444444 0.54375 0.6694444444444444 0.5453125 0.6722222222222223 0.5421875 0.675 0.515625 0.6722222222222223 0.5125 0.6666666666666666
0 0.4625 0.7083333333333334 0.4671875 0.7083333333333334 0.475 0.7194444444444444 0.475 0.7222222222222222 0.471875 0.7222222222222222 0.4625 0.7111111111111111
0 0.43359375 0.6833333333333333 0.0078125 0.011111111111111112
0 0.521875 0.7805555555555556 0.5265625 0.7805555555555556 0.5328125 0.7861111111111111 0.5484375 0.8083333333333333 0.553125 0.8111111111111111 0.559375 0.8222222222222222 0.5578125 0.8277777777777777 0.5546875 0.8277777777777777 0.521875 0.7833333333333333
0 0.35625 0.6638888888888889 0.375 0.6638888888888889 0.384375 0.6694444444444444 0.3828125 0.675 0.3765625 0.6694444444444444 0.3609375 0.6694444444444444 0.35625 0.6666666666666666
0 0.4515625 0.6638888888888889 0.459375 0.6694444444444444 0.4609375 0.675 0.4375 0.6666666666666666 0.4390625 0.6638888888888889 0.45 0.6638888888888889