0 0.5171875 0.7166666666666667 0.5265625 0.7361111111111112 0.521875 0.7388888888888889 0.5171875 0.7305555555555555 0.5140625 0.7194444444444444 0.515625 0.7194444444444444
0 0.5703125 0.6944444444444444 0.5765625 0.6944444444444444 0.5828125 0.7027777777777777 0.5765625 0.7027777777777777 0.5703125 0.6972222222222222
0 0.753125 0.8555555555555555 0.759375 0.8527777777777777 0.765625 0.8611111111111112 0.7734375 0.8638888888888889 0.7859375 0.8777777777777778 0.80625 0.8916666666666667 0.8125 0.9 0.8234375 0.9055555555555556 0.83125 0.9166666666666666 0.8390625 0.9194444444444444 0.8421875 0.925 0.8484375 0.9277777777777778 0.85 0.9305555555555556 0.8484375 0.9333333333333333 0.8359375 0.9305555555555556 0.8328125 0.925 0.8125 0.9111111111111111 0.80625 0.9055555555555556 0.8046875 0.9 0.79375 0.8944444444444445 0.778125 0.8777777777777778 0.7640625 0.8694444444444445 0.759375 0.8611111111111112 0.7546875 0.8583333333333333
0 0.053125 0.775 0.0515625 0.7805555555555556 0.046875 0.7805555555555556 0.0359375 0.7888888888888889 0.0296875 0.7888888888888889 0.025 0.7944444444444444 0.0234375 0.7916666666666666 0.0203125 0.7944444444444444 0.0109375 0.7944444444444444 0.009375 0.7972222222222223 0.0046875 0.7944444444444444 0.0046875 0.7916666666666666 0.0234375 0.7805555555555556 0.03125 0.7805555555555556 0.0453125 0.7722222222222223 0.0515625 0.775
0 0 0.8583333333333333 0 0.8361111111111111 0.0015625 0.8333333333333334 0.0390625 0.8111111111111111 0.0546875 0.8138888888888889 0.05625 0.8166666666666667 0.0546875 0.8194444444444444 0.05 0.8194444444444444 0.046875 0.825 0.034375 0.8305555555555556 0.025 0.8416666666666667 0.0203125 0.8416666666666667 0.0015625 0.8583333333333333
0 0.971875 0.9 0.984375 0.9 0.984375 0.9111111111111111 0.975 0.9083333333333333 0.971875 0.9027777777777778
0 0.2625 0.8 0.2625 0.8055555555555556 0.275 0.825 0.2734375 0.8305555555555556 0.26875 0.8277777777777777 0.2484375 0.8277777777777777 0.246875 0.825 0.2265625 0.825 0.225 0.8194444444444444 0.221875 0.8194444444444444 0.2234375 0.8166666666666667 0.2265625 0.8194444444444444 0.228125 0.8166666666666667 0.2359375 0.8166666666666667 0.2453125 0.8111111111111111 0.2484375 0.8055555555555556 0.2609375 0.8
0 0.615625 0.6944444444444444 0.6296875 0.6944444444444444 0.6328125 0.7 0.6515625 0.7083333333333334 0.6546875 0.7138888888888889 0.671875 0.7194444444444444 0.6796875 0.7277777777777777 0.696875 0.7333333333333333 0.7 0.7388888888888889 0.71875 0.7472222222222222 0.721875 0.7527777777777778 0.7421875 0.7611111111111111 0.75 0.7694444444444445 0.7609375 0.7722222222222223 0.7671875 0.7805555555555556 0.7828125 0.7861111111111111 0.790625 0.7944444444444444 0.8046875 0.8 0.8171875 0.8111111111111111 0.828125 0.8138888888888889 0.8359375 0.8222222222222222 0.846875 0.825 0.853125 0.8333333333333334 0.875 0.8416666666666667 0.878125 0.8472222222222222 0.896875 0.8555555555555555 0.9 0.8611111111111112 0.9046875 0.8611111111111112 0.9234375 0.875 0.9328125 0.8777777777777778 0.9375 0.8833333333333333 0.940625 0.8833333333333333 0.94375 0.8888888888888888 0.946875 0.8888888888888888 0.946875 0.8944444444444445 0.921875 0.8861111111111111 0.9109375 0.875 0.9 0.8722222222222222 0.8921875 0.8638888888888889 0.8765625 0.8583333333333333 0.8734375 0.8527777777777777 0.859375 0.8472222222222222 0.8515625 0.8388888888888889 0.83125 0.8305555555555556 0.825 0.8222222222222222 0.809375 0.8166666666666667 0.8078125 0.8111111111111111 0.7875 0.8027777777777778 0.784375 0.7972222222222223 0.765625 0.7888888888888889 0.7578125 0.7805555555555556 0.7421875 0.775 0.740625 0.7694444444444445 0.725 0.7638888888888888 0.71875 0.7555555555555555 0.6984375 0.7472222222222222 0.6921875 0.7388888888888889 0.6796875 0.7361111111111112 0.671875 0.7277777777777777 0.65625 0.7222222222222222 0.65 0.7138888888888889 0.640625 0.7111111111111111 0.6359375 0.7055555555555556 0.6328125 0.7055555555555556 0.6296875 0.7 0.6171875 0.6944444444444444
0 0.2875 0.7055555555555556 0.2859375 0.7111111111111111 0.2796875 0.7166666666666667 0.275 0.7166666666666667 0.2734375 0.7111111111111111 0.2859375 0.7055555555555556
0 0.496875 0.6805555555555556 0.5046875 0.6888888888888889 0.5046875 0.6916666666666667 0.5 0.6916666666666667 0.496875 0.6833333333333333
0 0.309375 0.7694444444444445 0.309375 0.75 0.3109375 0.7472222222222222 0.315625 0.7472222222222222 0.321875 0.7527777777777778 0.3203125 0.7583333333333333 0.3171875 0.7583333333333333 0.3109375 0.7694444444444445
0 0.3515625 0.6361111111111111 0.3484375 0.6416666666666667 0.3390625 0.6416666666666667 0.334375 0.6472222222222223 0.325 0.65 0.31875 0.6555555555555556 0.3125 0.6527777777777778 0.2984375 0.6638888888888889 0.29375 0.6638888888888889 0.290625 0.6694444444444444 0.2578125 0.6833333333333333 0.253125 0.6888888888888889 0.2359375 0.6888888888888889 0.234375 0.6916666666666667 0.21875 0.6916666666666667 0.2171875 0.6944444444444444 0.2109375 0.6916666666666667 0.215625 0.6833333333333333 0.2203125 0.6833333333333333 0.2265625 0.6777777777777778 0.2296875 0.6805555555555556 0.2484375 0.6694444444444444 0.2578125 0.6694444444444444 0.265625 0.6638888888888889 0.2828125 0.6638888888888889 0.2890625 0.6555555555555556 0.2953125 0.6527777777777778 0.2984375 0.6555555555555556 0.303125 0.65 0.315625 0.6444444444444445 0.328125 0.6444444444444445 0.3390625 0.6361111111111111 0.3421875 0.6388888888888888 0.35 0.6361111111111111
0 0.2046875 0.7444444444444445 0.20625 0.7472222222222222 0.2140625 0.7472222222222222 0.215625 0.7444444444444445 0.2234375 0.7444444444444445 0.225 0.7472222222222222 0.221875 0.8027777777777778 0.2109375 0.8138888888888889 0.203125 0.8138888888888889 0.2 0.8083333333333333 0.1875 0.8083333333333333 0.1796875 0.8027777777777778 0.1609375 0.8027777777777778 0.159375 0.8055555555555556 0.15625 0.8 0.1140625 0.7972222222222223 0.1046875 0.7916666666666666 0.1 0.7944444444444444 0.075 0.7916666666666666 0.05625 0.8 0.053125 0.8 0.053125 0.7972222222222223 0.065625 0.7861111111111111 0.075 0.7861111111111111 0.0875 0.7777777777777778 0.09375 0.7805555555555556 0.1015625 0.775 0.11875 0.7722222222222223 0.134375 0.7638888888888888 0.14375 0.7638888888888888 0.1546875 0.7583333333333333 0.1671875 0.7583333333333333 0.18125 0.75 0.1875 0.7527777777777778 0.1890625 0.75 0.203125 0.7472222222222222
0 0.615625 0.6944444444444444 0.628125 0.6944444444444444 0.6375 0.7027777777777777 0.64375 0.7027777777777777 0.653125 0.7083333333333334 0.6609375 0.7166666666666667 0.671875 0.7194444444444444 0.6796875 0.7277777777777777 0.696875 0.7333333333333333 0.7 0.7388888888888889 0.71875 0.7472222222222222 0.721875 0.7527777777777778 0.7421875 0.7611111111111111 0.75 0.7694444444444445 0.7609375 0.7722222222222223 0.7671875 0.7805555555555556 0.7828125 0.7861111111111111 0.790625 0.7944444444444444 0.7953125 0.7944444444444444 0.8 0.8 0.8046875 0.8 0.809375 0.8055555555555556 0.828125 0.8138888888888889 0.8359375 0.8222222222222222 0.846875 0.825 0.853125 0.8333333333333334 0.875 0.8416666666666667 0.878125 0.8472222222222222 0.896875 0.8555555555555555 0.9 0.8611111111111112 0.91875 0.8694444444444445 0.921875 0.875 0.9328125 0.8777777777777778 0.9375 0.8833333333333333 0.940625 0.8833333333333333 0.94375 0.8888888888888888 0.946875 0.8888888888888888 0.946875 0.8944444444444445 0.921875 0.8861111111111111 0.909375 0.875 0.9 0.8722222222222222 0.8921875 0.8638888888888889 0.8765625 0.8583333333333333 0.8734375 0.8527777777777777 0.8546875 0.8444444444444444 0.8515625 0.8388888888888889 0.846875 0.8388888888888889 0.8421875 0.8333333333333334 0.83125 0.8305555555555556 0.825 0.8222222222222222 0.81875 0.8222222222222222 0.809375 0.8166666666666667 0.80625 0.8111111111111111 0.7875 0.8027777777777778 0.784375 0.7972222222222223 0.7640625 0.7888888888888889 0.7609375 0.7833333333333333 0.7421875 0.775 0.7390625 0.7694444444444445 0.7203125 0.7611111111111111 0.7171875 0.7555555555555555 0.6984375 0.7472222222222222 0.690625 0.7388888888888889 0.678125 0.7361111111111112 0.675 0.7305555555555555 0.65625 0.7222222222222222 0.65 0.7138888888888889 0.640625 0.7111111111111111 0.63125 0.7055555555555556 0.628125 0.7 0.6171875 0.6944444444444444
0 0.159375 0.725 0.1609375 0.7277777777777777 0.1671875 0.7277777777777777 0.16875 0.725 0.1765625 0.7277777777777777 0.1734375 0.7361111111111112 0.16875 0.7388888888888889 0.1328125 0.7444444444444445 0.1234375 0.75 0.115625 0.7472222222222222 0.1109375 0.7416666666666667 0.1359375 0.7277777777777777 0.1390625 0.7305555555555555 0.146875 0.725 0.1578125 0.7277777777777777
0 0.5421875 0.6694444444444444 0.55 0.6722222222222223 0.5515625 0.6777777777777778 0.546875 0.6777777777777778 0.54375 0.6722222222222223
0 0.5625 0.8277777777777777 0.56875 0.8277777777777777 0.58125 0.85 0.5890625 0.8722222222222222 0.596875 0.8861111111111111 0.596875 0.8944444444444445 0.5875 0.8916666666666667 0.584375 0.8805555555555555 0.575 0.8638888888888889 0.5734375 0.8555555555555555 0.5640625 0.8388888888888889 0.5625 0.8305555555555556
0 0.6265625 0.7416666666666667 0.6375 0.7472222222222222 0.653125 0.7611111111111111 0.653125 0.7666666666666667 0.646875 0.7638888888888888 0.6328125 0.7527777777777778 0.6265625 0.7444444444444445
0 0.1859375 0.825 0.190625 0.8305555555555556 0.1765625 0.8472222222222222 0.1734375 0.8472222222222222 0.159375 0.8611111111111112 0.1546875 0.8611111111111112 0.1453125 0.8722222222222222 0.128125 0.8833333333333333 0.1125 0.9083333333333333 0.096875 0.9194444444444444 0.0890625 0.9305555555555556 0.0875 0.9277777777777778 0.0734375 0.9472222222222222 0.0671875 0.9472222222222222 0.065625 0.9444444444444444 0.04375 0.9444444444444444 0.0390625 0.9388888888888889 0.0359375 0.9416666666666667 0.0328125 0.9388888888888889 0.0296875 0.9416666666666667 0 0.9388888888888889 0 0.9055555555555556 0.00625 0.9055555555555556 0.0125 0.9 0.025 0.8972222222222223 0.0421875 0.8861111111111111 0.05 0.8861111111111111 0.0875 0.8666666666666667 0.0953125 0.8666666666666667 0.1125 0.8555555555555555 0.1140625 0.8583333333333333 0.1203125 0.8555555555555555 0.134375 0.8444444444444444 0.140625 0.8444444444444444 0.1453125 0.8388888888888889 0.1734375 0.825 0.184375 0.825