0 0.8703125 0.7583333333333333 0.88125 0.7583333333333333 0.8828125 0.7611111111111111 0.9015625 0.7666666666666667 0.9 0.7722222222222223 0.89375 0.7722222222222223 0.871875 0.7611111111111111
0 0.61875 0.7861111111111111 0.6328125 0.7861111111111111 0.64375 0.8 0.64375 0.8027777777777778 0.63125 0.8027777777777778 0.61875 0.7888888888888889
0 0.790625 0.725 0.803125 0.7305555555555555 0.80625 0.7361111111111112 0.796875 0.7361111111111112 0.7875 0.7305555555555555 0.7859375 0.7277777777777777 0.7890625 0.725
0 0.5734375 0.7361111111111112 0.58125 0.7361111111111112 0.590625 0.7444444444444445 0.5890625 0.75 0.5828125 0.75 0.5734375 0.7388888888888889
0 0.8765625 0.8277777777777777 0.878125 0.8222222222222222 0.8875 0.825 0.903125 0.8361111111111111 0.921875 0.8444444444444444 0.9234375 0.8472222222222222 0.921875 0.85 0.9109375 0.8472222222222222 0.878125 0.8277777777777777
0 0.653125 0.825 0.66875 0.825 0.6875 0.8472222222222222 0.6859375 0.85 0.6734375 0.85 0.653125 0.8277777777777777
0 0.2890625 0.6277777777777778 0.290625 0.6333333333333333 0.275 0.6611111111111111 0.24375 0.6916666666666667 0.23125 0.6972222222222222 0.221875 0.7083333333333334 0.2109375 0.7138888888888889 0.203125 0.7222222222222222 0.1953125 0.725 0.1796875 0.7388888888888889 0.1671875 0.7444444444444445 0.1359375 0.7694444444444445 0.103125 0.7888888888888889 0.0953125 0.7972222222222223 0.0828125 0.8027777777777778 0.0703125 0.8138888888888889 0.0578125 0.8194444444444444 0.053125 0.825 0.0484375 0.825 0.0328125 0.8388888888888889 0.0234375 0.8416666666666667 0.003125 0.8555555555555555 0 0.8555555555555555 0 0.85 0.0046875 0.85 0.015625 0.8388888888888889 0.0390625 0.825 0.046875 0.8166666666666667 0.06875 0.8055555555555556 0.1109375 0.775 0.11875 0.7722222222222223 0.1234375 0.7666666666666667 0.1359375 0.7611111111111111 0.14375 0.7527777777777778 0.159375 0.7444444444444445 0.171875 0.7333333333333333 0.1765625 0.7333333333333333 0.1875 0.7222222222222222 0.2359375 0.6888888888888889 0.271875 0.6555555555555556 0.2875 0.6305555555555555
0 0.778125 0.9722222222222222 0.78125 0.9694444444444444 0.803125 0.9722222222222222 0.8234375 0.9944444444444445 0.825 0.9972222222222222 0.7953125 0.9972222222222222 0.7796875 0.975
0 0.3265625 0.6361111111111111 0.3296875 0.6361111111111111 0.3296875 0.6388888888888888 0.321875 0.6694444444444444 0.3140625 0.6861111111111111 0.3109375 0.6861111111111111 0.3109375 0.6805555555555556 0.31875 0.6638888888888889 0.3265625 0.6388888888888888
0 0.978125 0.8777777777777778 0.9875 0.8777777777777778 0.99375 0.8833333333333333 0.9984375 0.8833333333333333 0.9984375 0.8916666666666667 0.99375 0.8916666666666667 0.9828125 0.8861111111111111 0.978125 0.8805555555555555
0 0.59375 0.7583333333333333 0.6046875 0.7583333333333333 0.6125 0.7666666666666667 0.6125 0.7722222222222223 0.603125 0.7722222222222223 0.59375 0.7611111111111111
0 0.9390625 0.7805555555555556 0.940625 0.7833333333333333 0.965625 0.7888888888888889 0.9765625 0.7944444444444444 0.9765625 0.7972222222222223 0.9609375 0.7972222222222223 0.959375 0.7944444444444444 0.9453125 0.7916666666666666 0.9375 0.7861111111111111 0.9375 0.7833333333333333
0 0.5625 0.7194444444444444 0.56875 0.7222222222222222 0.571875 0.7277777777777777 0.5703125 0.7305555555555555 0.559375 0.7277777777777777 0.5578125 0.7222222222222222 0.5609375 0.7194444444444444
0 0.7 0.8805555555555555 0.7015625 0.8777777777777778 0.715625 0.8777777777777778 0.7203125 0.8805555555555555 0.7515625 0.9138888888888889 0.7546875 0.9194444444444444 0.7515625 0.9222222222222223 0.7375 0.9222222222222223 0.7328125 0.9194444444444444 0.7015625 0.8833333333333333
0 0.7015625 0.8777777777777778 0.715625 0.8777777777777778 0.7203125 0.8805555555555555 0.7546875 0.9194444444444444 0.75 0.9222222222222223 0.7328125 0.9194444444444444 0.703125 0.8861111111111111 0.7015625 0.8805555555555555
0 0.375 0.6333333333333333 0.3796875 0.6333333333333333 0.3890625 0.6444444444444445 0.4046875 0.675 0.40625 0.6861111111111111 0.403125 0.6861111111111111 0.390625 0.6555555555555556 0.3765625 0.6361111111111111
0 0.3140625 0.8416666666666667 0.3140625 0.8361111111111111 0.31875 0.8277777777777777 0.3203125 0.8194444444444444 0.3359375 0.7888888888888889 0.340625 0.7888888888888889 0.3390625 0.8027777777777778 0.3203125 0.8416666666666667 0.3171875 0.8444444444444444 0.315625 0.8416666666666667
0 0.80625 0.7861111111111111 0.8125 0.7861111111111111 0.81875 0.7916666666666666 0.834375 0.7972222222222223 0.8390625 0.8027777777777778 0.834375 0.8055555555555556 0.80625 0.7888888888888889