0 0.55625 0.6694444444444444 0.5515625 0.6611111111111111 0.559375 0.6638888888888889 0.5609375 0.6666666666666666 0.5578125 0.6666666666666666
0 0.396875 0.7 0.4015625 0.7 0.4 0.7111111111111111 0.39375 0.7138888888888889 0.39375 0.7083333333333334 0.396875 0.7027777777777777
0 0.4171875 0.6722222222222223 0.4140625 0.6833333333333333 0.409375 0.6805555555555556 0.415625 0.6722222222222223
0 0.8640625 0.8333333333333334 0.8734375 0.8416666666666667 0.8765625 0.8388888888888889 0.88125 0.8444444444444444 0.8953125 0.85 0.9046875 0.8583333333333333 0.909375 0.8583333333333333 0.9171875 0.8666666666666667 0.925 0.8666666666666667 0.934375 0.875 0.9390625 0.875 0.95 0.8833333333333333 0.95625 0.8833333333333333 0.9734375 0.8972222222222223 0.9859375 0.9 0.9953125 0.9083333333333333 0.984375 0.9083333333333333 0.9828125 0.9111111111111111 0.9390625 0.8861111111111111 0.934375 0.8861111111111111 0.9265625 0.8777777777777778 0.9203125 0.8777777777777778 0.9109375 0.8694444444444445 0.9 0.8666666666666667 0.8921875 0.8583333333333333 0.890625 0.8611111111111112 0.878125 0.85 0.8765625 0.8527777777777777 0.859375 0.8388888888888889 0.8578125 0.8361111111111111 0.8625 0.8333333333333334
0 0.509375 0.7361111111111112 0.515625 0.7361111111111112 0.525 0.7527777777777778 0.525 0.7583333333333333 0.5203125 0.7611111111111111 0.509375 0.7388888888888889
0 0.2296875 0.9638888888888889 0.2359375 0.9583333333333334 0.240625 0.9472222222222222 0.2453125 0.9444444444444444 0.271875 0.8972222222222223 0.284375 0.8916666666666667 0.2828125 0.9 0.26875 0.9277777777777778 0.2546875 0.9472222222222222 0.2515625 0.9555555555555556 0.240625 0.9694444444444444 0.2265625 0.9944444444444445 0.2234375 0.9972222222222222 0.209375 0.9972222222222222 0.2296875 0.9666666666666667
0 0.3578125 0.7638888888888888 0.3625 0.7611111111111111 0.36875 0.75 0.3734375 0.75 0.36875 0.7638888888888888 0.3609375 0.775 0.3578125 0.7777777777777778 0.3546875 0.775 0.3578125 0.7666666666666667
0 0.6234375 0.6944444444444444 0.634375 0.6972222222222222 0.640625 0.7055555555555556 0.63125 0.7055555555555556 0.6234375 0.6972222222222222
0 0.5875 0.6805555555555556 0.5984375 0.6888888888888889 0.5984375 0.6916666666666667 0.596875 0.6944444444444444 0.5875 0.6888888888888889 0.5828125 0.6833333333333333 0.5859375 0.6833333333333333
0 0.4046875 0.6416666666666667 0.3953125 0.6472222222222223 0.3859375 0.6583333333333333 0.38125 0.6583333333333333 0.375 0.6666666666666666 0.36875 0.6666666666666666 0.359375 0.6777777777777778 0.35 0.6805555555555556 0.33125 0.7 0.321875 0.7027777777777777 0.31875 0.7083333333333334 0.309375 0.7111111111111111 0.3 0.7222222222222222 0.290625 0.725 0.2890625 0.7305555555555555 0.278125 0.7333333333333333 0.271875 0.7416666666666667 0.2671875 0.7416666666666667 0.259375 0.75 0.246875 0.7555555555555555 0.2453125 0.7611111111111111 0.234375 0.7638888888888888 0.23125 0.7694444444444445 0.21875 0.775 0.2125 0.7833333333333333 0.2078125 0.7833333333333333 0.2 0.7916666666666666 0.190625 0.7944444444444444 0.1875 0.8 0.178125 0.8027777777777778 0.171875 0.8111111111111111 0.1625 0.8138888888888889 0.15625 0.8222222222222222 0.1453125 0.825 0.1421875 0.8305555555555556 0.1171875 0.8444444444444444 0.1140625 0.85 0.1046875 0.8527777777777777 0.0984375 0.8611111111111112 0.09375 0.8611111111111112 0.0671875 0.8805555555555555 0.059375 0.8833333333333333 0.0515625 0.8916666666666667 0.0421875 0.8944444444444445 0.0390625 0.9 0.0265625 0.9055555555555556 0.0234375 0.9111111111111111 0.021875 0.9111111111111111 0.0203125 0.9027777777777778 0.021875 0.8972222222222223 0.034375 0.8888888888888888 0.0390625 0.8888888888888888 0.040625 0.8833333333333333 0.0453125 0.8833333333333333 0.0625 0.8694444444444445 0.0671875 0.8694444444444445 0.0703125 0.8638888888888889 0.08125 0.8611111111111112 0.084375 0.8555555555555555 0.0984375 0.85 0.1015625 0.8444444444444444 0.109375 0.8416666666666667 0.1171875 0.8333333333333334 0.1265625 0.8305555555555556 0.1328125 0.8222222222222222 0.1390625 0.8222222222222222 0.1453125 0.8138888888888889 0.1546875 0.8111111111111111 0.1609375 0.8027777777777778 0.16875 0.8027777777777778 0.1765625 0.7944444444444444 0.184375 0.7916666666666666 0.1875 0.7861111111111111 0.215625 0.7694444444444445 0.21875 0.7638888888888888 0.2296875 0.7611111111111111 0.2328125 0.7555555555555555 0.2453125 0.75 0.2484375 0.7444444444444445 0.2578125 0.7416666666666667 0.265625 0.7333333333333333 0.2703125 0.7333333333333333 0.2765625 0.725 0.2875 0.7222222222222222 0.290625 0.7166666666666667 0.3 0.7111111111111111 0.3046875 0.7027777777777777 0.3078125 0.7055555555555556 0.3171875 0.7027777777777777 0.3203125 0.6972222222222222 0.325 0.6972222222222222 0.3375 0.6833333333333333 0.346875 0.6805555555555556 0.35 0.675 0.3578125 0.6722222222222223 0.3640625 0.6638888888888889 0.3703125 0.6638888888888889 0.378125 0.6555555555555556 0.403125 0.6416666666666667
0 0.365625 0.8305555555555556 0.3640625 0.825 0.365625 0.8166666666666667 0.3703125 0.8222222222222222 0.3671875 0.8305555555555556
0 0.48671875 0.6736111111111112 0.0078125 0.013888888888888888
0 0.4921875 0.6916666666666667 0.496875 0.6916666666666667 0.5 0.7 0.5 0.7055555555555556 0.496875 0.7083333333333334 0.4921875 0.6944444444444444
0 0.5734375 0.8583333333333333 0.5875 0.8861111111111111 0.5921875 0.9 0.5984375 0.9083333333333333 0.6 0.9166666666666666 0.6140625 0.9416666666666667 0.621875 0.9611111111111111 0.6265625 0.9666666666666667 0.628125 0.975 0.625 0.9777777777777777 0.6125 0.9777777777777777 0.6078125 0.9694444444444444 0.60625 0.9611111111111111 0.6 0.9527777777777777 0.5953125 0.9361111111111111 0.5890625 0.9277777777777778 0.584375 0.9111111111111111 0.5765625 0.8972222222222223 0.5734375 0.8833333333333333 0.56875 0.8777777777777778 0.5640625 0.8583333333333333 0.565625 0.8555555555555555 0.571875 0.8583333333333333
0 0.7921875 0.6861111111111111 0.79375 0.6888888888888889 0.796875 0.6861111111111111 0.803125 0.6888888888888889 0.809375 0.6944444444444444 0.809375 0.6972222222222222 0.8 0.6972222222222222 0.7984375 0.6944444444444444 0.796875 0.6972222222222222 0.7953125 0.6944444444444444 0.778125 0.6916666666666667 0.778125 0.6888888888888889 0.7828125 0.6861111111111111 0.790625 0.6861111111111111
0 0.6578125 0.725 0.66875 0.725 0.6734375 0.7305555555555555 0.678125 0.7333333333333333 0.6796875 0.7305555555555555 0.684375 0.7361111111111112 0.7015625 0.7444444444444445 0.7015625 0.7472222222222222 0.690625 0.7472222222222222 0.6828125 0.7388888888888889 0.6703125 0.7361111111111112 0.659375 0.7277777777777777