0 0.4515625 0.7083333333333334 0.4546875 0.7055555555555556 0.4578125 0.7083333333333334 0.45 0.7194444444444444 0.4484375 0.7166666666666667 0.4515625 0.7111111111111111
0 0.42265625 0.7541666666666667 0.00625 0.011111111111111112
0 0.40625 0.7777777777777778 0.40625 0.7833333333333333 0.403125 0.7888888888888889 0.38125 0.8194444444444444 0.3765625 0.8194444444444444 0.375 0.8138888888888889 0.4 0.7777777777777778 0.4046875 0.7777777777777778
0 0.6828125 0.9416666666666667 0.6875 0.9388888888888889 0.7046875 0.9583333333333334 0.7046875 0.9611111111111111 0.7 0.9638888888888889 0.69375 0.9638888888888889 0.6828125 0.9444444444444444
0 0.440625 0.7222222222222222 0.4421875 0.7222222222222222 0.4421875 0.7305555555555555 0.4359375 0.7388888888888889 0.434375 0.7361111111111112 0.434375 0.7305555555555555 0.440625 0.725
0 0.434375 0.7305555555555555 0.4484375 0.7166666666666667 0.4546875 0.7055555555555556 0.4578125 0.7083333333333334 0.4359375 0.7388888888888889 0.434375 0.7333333333333333
0 0.3609375 0.7416666666666667 0.359375 0.7472222222222222 0.3515625 0.75 0.35 0.7555555555555555 0.340625 0.7583333333333333 0.334375 0.7666666666666667 0.325 0.7694444444444445 0.3171875 0.7777777777777778 0.3078125 0.7805555555555556 0.3046875 0.7861111111111111 0.3 0.7861111111111111 0.2734375 0.8055555555555556 0.2640625 0.8083333333333333 0.2609375 0.8138888888888889 0.2515625 0.8166666666666667 0.24375 0.825 0.234375 0.8277777777777777 0.23125 0.8333333333333334 0.221875 0.8361111111111111 0.21875 0.8416666666666667 0.2046875 0.8472222222222222 0.2 0.8527777777777777 0.1921875 0.8555555555555555 0.1890625 0.8611111111111112 0.1609375 0.875 0.1578125 0.8805555555555555 0.153125 0.8805555555555555 0.1453125 0.8888888888888888 0.13125 0.8944444444444445 0.1234375 0.9027777777777778 0.11875 0.9027777777777778 0.115625 0.9083333333333333 0.1015625 0.9138888888888889 0.096875 0.9194444444444444 0.0890625 0.9222222222222223 0.0859375 0.9277777777777778 0.0765625 0.9305555555555556 0.06875 0.9388888888888889 0.05 0.9444444444444444 0.0359375 0.9583333333333334 0.028125 0.9611111111111111 0.025 0.9666666666666667 0.025 0.9583333333333334 0.028125 0.9527777777777777 0.0390625 0.95 0.0421875 0.9444444444444444 0.0546875 0.9388888888888889 0.0578125 0.9333333333333333 0.0703125 0.9277777777777778 0.0734375 0.9222222222222223 0.0828125 0.9194444444444444 0.0859375 0.9138888888888889 0.0984375 0.9083333333333333 0.1015625 0.9027777777777778 0.10625 0.9027777777777778 0.115625 0.8944444444444445 0.1296875 0.8888888888888888 0.1328125 0.8833333333333333 0.1421875 0.8805555555555555 0.1453125 0.875 0.1546875 0.8722222222222222 0.1625 0.8638888888888889 0.1734375 0.8611111111111112 0.178125 0.8555555555555555 0.1859375 0.8527777777777777 0.1890625 0.8472222222222222 0.215625 0.8333333333333334 0.21875 0.8277777777777777 0.2234375 0.8277777777777777 0.2375 0.8166666666666667 0.2453125 0.8166666666666667 0.2484375 0.8111111111111111 0.2578125 0.8083333333333333 0.2671875 0.7972222222222223 0.271875 0.7972222222222223 0.28125 0.7888888888888889 0.2875 0.7888888888888889 0.2921875 0.7833333333333333 0.3015625 0.7805555555555556 0.309375 0.7722222222222223 0.3203125 0.7694444444444445 0.3234375 0.7638888888888888 0.334375 0.7611111111111111 0.3359375 0.7555555555555555 0.340625 0.7555555555555555 0.3484375 0.75 0.3515625 0.7444444444444445 0.359375 0.7416666666666667
0 0.8296875 0.6833333333333333 0.8375 0.6888888888888889 0.8421875 0.6861111111111111 0.85625 0.6888888888888889 0.859375 0.6861111111111111 0.8703125 0.6916666666666667 0.871875 0.6888888888888889 0.878125 0.6916666666666667 0.8859375 0.6916666666666667 0.8875 0.6888888888888889 0.9 0.6916666666666667 0.903125 0.6888888888888889 0.9046875 0.6916666666666667 0.9234375 0.6916666666666667 0.925 0.6944444444444444 0.934375 0.6916666666666667 0.9359375 0.6944444444444444 0.9578125 0.6944444444444444 0.959375 0.6972222222222222 0.9625 0.6944444444444444 0.96875 0.6972222222222222 0.975 0.6972222222222222 0.9765625 0.6944444444444444 0.978125 0.6972222222222222 0.9984375 0.6972222222222222 0.9984375 0.7083333333333334 0.9921875 0.7111111111111111 0.990625 0.7083333333333334 0.9796875 0.7083333333333334 0.978125 0.7055555555555556 0.9765625 0.7083333333333334 0.96875 0.7083333333333334 0.9671875 0.7055555555555556 0.9609375 0.7083333333333334 0.959375 0.7055555555555556 0.9484375 0.7055555555555556 0.946875 0.7083333333333334 0.934375 0.7027777777777777 0.93125 0.7055555555555556 0.925 0.7055555555555556 0.9234375 0.7027777777777777 0.9125 0.7055555555555556 0.903125 0.7 0.9015625 0.7027777777777777 0.8921875 0.7027777777777777 0.890625 0.7 0.8828125 0.7027777777777777 0.88125 0.7 0.865625 0.7 0.8640625 0.6972222222222222 0.8578125 0.6972222222222222 0.85625 0.7 0.853125 0.6972222222222222 0.83125 0.6972222222222222 0.8296875 0.6944444444444444 0.8265625 0.6972222222222222 0.825 0.6944444444444444 0.8125 0.6916666666666667 0.809375 0.6861111111111111 0.8125 0.6833333333333333 0.8203125 0.6833333333333333 0.821875 0.6861111111111111 0.828125 0.6833333333333333
0 0.5546875 0.7472222222222222 0.5953125 0.8027777777777778 0.60625 0.8222222222222222 0.6046875 0.825 0.590625 0.8111111111111111 0.584375 0.7972222222222223 0.5578125 0.7611111111111111 0.553125 0.7472222222222222
0 0.56875 0.7361111111111112 0.578125 0.7416666666666667 0.5953125 0.7611111111111111 0.5953125 0.7694444444444445 0.584375 0.7666666666666667 0.5796875 0.7583333333333333 0.5703125 0.75 0.5640625 0.7388888888888889 0.5671875 0.7361111111111112
0 0.334375 0.8805555555555555 0.334375 0.8861111111111111 0.3203125 0.9055555555555556 0.3140625 0.9027777777777778 0.3140625 0.8972222222222223 0.321875 0.8888888888888888 0.325 0.8805555555555555 0.3328125 0.8805555555555555