0 0.265625 0.6527777777777778 0.2625 0.6583333333333333 0.2515625 0.6611111111111111 0.2359375 0.6722222222222223 0.221875 0.6694444444444444 0.221875 0.6666666666666666 0.2296875 0.6611111111111111 0.23125 0.6638888888888889 0.240625 0.6527777777777778 0.2453125 0.65 0.259375 0.65 0.2640625 0.6527777777777778
0 0.5484375 0.6944444444444444 0.559375 0.7 0.56875 0.7 0.578125 0.7083333333333334 0.5859375 0.7083333333333334 0.5890625 0.7138888888888889 0.603125 0.7194444444444444 0.6046875 0.7222222222222222 0.6015625 0.7305555555555555 0.5921875 0.7305555555555555 0.590625 0.7277777777777777 0.5828125 0.7277777777777777 0.58125 0.725 0.5734375 0.725 0.5625 0.7194444444444444 0.5578125 0.7222222222222222 0.55 0.7166666666666667 0.53125 0.7138888888888889 0.5296875 0.7027777777777777 0.53125 0.6916666666666667 0.546875 0.6944444444444444
0 0.0625 0.6 0.0796875 0.6 0.0828125 0.6055555555555555 0.0890625 0.6055555555555555 0.090625 0.6083333333333333 0.1 0.6083333333333333 0.103125 0.6055555555555555 0.1125 0.6194444444444445 0.1296875 0.625 0.128125 0.6277777777777778 0.1140625 0.6277777777777778 0.10625 0.6194444444444445 0.08125 0.6194444444444445 0.0765625 0.6138888888888889 0.0703125 0.6166666666666667 0.0640625 0.6111111111111112 0.0625 0.6027777777777777
0 0.34453125 0.675 0.028125 0.025
0 0.259375 0.6472222222222223 0.26875 0.6527777777777778 0.2890625 0.6555555555555556 0.2953125 0.6611111111111111 0.31875 0.6583333333333333 0.3203125 0.6611111111111111 0.33125 0.6611111111111111 0.3328125 0.6638888888888889 0.3359375 0.6611111111111111 0.3390625 0.6666666666666666 0.3546875 0.6638888888888889 0.3640625 0.6694444444444444 0.3453125 0.6833333333333333 0.3203125 0.6833333333333333 0.315625 0.675 0.3125 0.6805555555555556 0.2953125 0.6805555555555556 0.290625 0.675 0.2890625 0.6777777777777778 0.2828125 0.6722222222222223 0.2703125 0.6777777777777778 0.259375 0.6777777777777778 0.2578125 0.6722222222222223 0.2484375 0.6666666666666666 0.2390625 0.6722222222222223 0.2296875 0.6722222222222223 0.228125 0.6694444444444444 0.2140625 0.6722222222222223 0.2078125 0.6694444444444444 0.2046875 0.6555555555555556 0.2046875 0.65 0.2109375 0.6444444444444445 0.2296875 0.6416666666666667 0.2421875 0.6472222222222223 0.2578125 0.6472222222222223
0 0.2953125 0.6777777777777778 0.303125 0.6666666666666666 0.3171875 0.6583333333333333 0.3265625 0.6611111111111111 0.3265625 0.6666666666666666 0.315625 0.6722222222222223 0.3078125 0.6805555555555556 0.2984375 0.6805555555555556 0.296875 0.6777777777777778
0 0.078125 0.6111111111111112 0.0828125 0.6138888888888889 0.084375 0.6111111111111112 0.1046875 0.6111111111111112 0.103125 0.6166666666666667 0.0953125 0.6166666666666667 0.09375 0.6194444444444445 0.08125 0.6194444444444445 0.078125 0.6138888888888889
0 0.2890625 0.6555555555555556 0.290625 0.6583333333333333 0.2890625 0.6638888888888889 0.284375 0.6638888888888889 0.271875 0.675 0.2609375 0.675 0.259375 0.6694444444444444 0.2796875 0.6555555555555556 0.2875 0.6555555555555556
0 0.221875 0.6555555555555556 0.034375 0.030555555555555555
0 0.0046875 0.5944444444444444 0.0078125 0.5916666666666667 0.0375 0.5944444444444444 0.0390625 0.5972222222222222 0.04375 0.5944444444444444 0.03125 0.6 0.021875 0.6 0.0203125 0.5972222222222222 0.01875 0.6 0.0078125 0.6 0.00625 0.5972222222222222
0 0.3140625 0.9472222222222222 0.3171875 0.9444444444444444 0.3203125 0.925 0.3265625 0.9111111111111111 0.3234375 0.9083333333333333 0.315625 0.9222222222222223 0.3125 0.9333333333333333 0.30625 0.9388888888888889 0.3015625 0.9583333333333334 0.29375 0.975 0.2890625 0.9805555555555555 0.2765625 0.9777777777777777 0.2765625 0.975 0.290625 0.9444444444444444 0.296875 0.925 0.30625 0.9083333333333333 0.3234375 0.8638888888888889 0.3609375 0.7861111111111111 0.371875 0.7555555555555555 0.3734375 0.7416666666666667 0.3796875 0.7222222222222222 0.3796875 0.7083333333333334 0.38125 0.7055555555555556 0.3984375 0.7055555555555556 0.4 0.7027777777777777 0.4203125 0.7027777777777777 0.421875 0.7055555555555556 0.4046875 0.7444444444444445 0.4015625 0.7583333333333333 0.39375 0.7722222222222223 0.3921875 0.7833333333333333 0.3859375 0.8 0.3859375 0.8055555555555556 0.3796875 0.8194444444444444 0.3765625 0.8333333333333334 0.3734375 0.8361111111111111 0.3640625 0.8583333333333333 0.3640625 0.8638888888888889 0.3578125 0.8777777777777778 0.3546875 0.8916666666666667 0.34375 0.9083333333333333 0.3359375 0.9277777777777778 0.328125 0.9611111111111111 0.31875 0.9805555555555555 0.315625 0.9833333333333333 0.3140625 0.9805555555555555 0.30625 0.9805555555555555 0.303125 0.975 0.3140625 0.95
0 0.5296875 0.6944444444444444 0.5421875 0.7 0.553125 0.7138888888888889 0.5390625 0.7111111111111111 0.534375 0.7055555555555556 0.53125 0.7055555555555556 0.5296875 0.6972222222222222
0 0.559375 0.7055555555555556 0.575 0.7083333333333334 0.578125 0.7166666666666667 0.5859375 0.7222222222222222 0.5859375 0.725 0.5703125 0.7222222222222222 0.559375 0.7083333333333334