0 0.525 0.7055555555555556 0.528125 0.7055555555555556 0.5359375 0.7194444444444444 0.5359375 0.725 0.5296875 0.7222222222222222 0.525 0.7083333333333334
0 0.8390625 0.7555555555555555 0.8484375 0.7638888888888888 0.8578125 0.7666666666666667 0.865625 0.775 0.878125 0.775 0.88125 0.7805555555555556 0.890625 0.7805555555555556 0.9078125 0.7888888888888889 0.915625 0.7888888888888889 0.9390625 0.8027777777777778 0.946875 0.8027777777777778 0.975 0.8194444444444444 0.9984375 0.8277777777777777 0.9984375 0.8416666666666667 0.996875 0.8388888888888889 0.9796875 0.8361111111111111 0.95625 0.8194444444444444 0.9375 0.8166666666666667 0.9296875 0.8111111111111111 0.9265625 0.8055555555555556 0.91875 0.8055555555555556 0.9171875 0.8027777777777778 0.9109375 0.8027777777777778 0.8859375 0.7916666666666666 0.88125 0.7888888888888889 0.875 0.775 0.853125 0.775 0.8515625 0.7722222222222223 0.8375 0.7694444444444445 0.8296875 0.7611111111111111 0.83125 0.7527777777777778 0.8375 0.7555555555555555
0 0.39375 0.7083333333333334 0.39375 0.7138888888888889 0.384375 0.7166666666666667 0.35625 0.7527777777777778 0.2640625 0.8888888888888888 0.253125 0.9 0.228125 0.9388888888888889 0.2171875 0.95 0.1890625 0.9916666666666667 0.1828125 0.9972222222222222 0.1671875 0.9972222222222222 0.2 0.95 0.2046875 0.9444444444444444 0.2078125 0.9444444444444444 0.2125 0.9333333333333333 0.2171875 0.9305555555555556 0.2375 0.9 0.253125 0.8833333333333333 0.2671875 0.8611111111111112 0.2875 0.8361111111111111 0.3234375 0.7833333333333333 0.334375 0.7722222222222223 0.3546875 0.7416666666666667 0.365625 0.7305555555555555 0.3703125 0.7222222222222222 0.3828125 0.7111111111111111 0.3921875 0.7083333333333334
0 0.21875 0.6805555555555556 0.215625 0.6861111111111111 0.2046875 0.6916666666666667 0.196875 0.6916666666666667 0.1953125 0.6944444444444444 0.1859375 0.6944444444444444 0.184375 0.6916666666666667 0.1875 0.6888888888888889 0.2171875 0.6805555555555556
0 0.0875 0.8805555555555555 0.0890625 0.8833333333333333 0.0859375 0.8888888888888888 0.0734375 0.9 0.0703125 0.9 0.0265625 0.9333333333333333 0.0171875 0.9333333333333333 0.015625 0.9277777777777778 0.0203125 0.9222222222222223 0.053125 0.8972222222222223 0.0609375 0.8944444444444445 0.06875 0.8861111111111111 0.078125 0.8805555555555555 0.0859375 0.8805555555555555
0 0.290625 0.6944444444444444 0.2921875 0.6888888888888889 0.2984375 0.6861111111111111 0.30625 0.6861111111111111 0.30625 0.6888888888888889 0.3 0.6944444444444444 0.2921875 0.6944444444444444
0 0.28125 0.7277777777777777 0.2890625 0.7222222222222222 0.296875 0.7222222222222222 0.2953125 0.7277777777777777 0.2875 0.7333333333333333 0.28125 0.7333333333333333 0.28125 0.7305555555555555
0 0.2296875 0.7694444444444445 0.2328125 0.7722222222222223 0.2296875 0.7777777777777778 0.2140625 0.7916666666666666 0.2046875 0.7916666666666666 0.203125 0.7888888888888889 0.209375 0.7805555555555556 0.228125 0.7722222222222223
0 0.2296875 0.7083333333333334 0.23125 0.7111111111111111 0.240625 0.7111111111111111 0.2359375 0.7194444444444444 0.2265625 0.7222222222222222 0.18125 0.75 0.1765625 0.75 0.1671875 0.7583333333333333 0.1234375 0.7777777777777778 0.1078125 0.7888888888888889 0.096875 0.7916666666666666 0.0921875 0.7972222222222223 0.0875 0.7972222222222223 0.0765625 0.8055555555555556 0.071875 0.8055555555555556 0.065625 0.8111111111111111 0.0609375 0.8111111111111111 0.0546875 0.8166666666666667 0.034375 0.825 0.0234375 0.8333333333333334 0.00625 0.8388888888888889 0 0.8444444444444444 0 0.8333333333333334 0.0109375 0.8305555555555556 0.015625 0.825 0.0328125 0.8166666666666667 0.0390625 0.8166666666666667 0.0421875 0.8111111111111111 0.040625 0.8083333333333333 0.03125 0.8083333333333333 0.009375 0.8222222222222222 0 0.8222222222222222 0 0.8166666666666667 0.0046875 0.8166666666666667 0.028125 0.8027777777777778 0.040625 0.8 0.0546875 0.7888888888888889 0.0734375 0.7833333333333333 0.0953125 0.7694444444444445 0.103125 0.7694444444444445 0.1109375 0.7638888888888888 0.125 0.7611111111111111 0.15 0.7444444444444445 0.1609375 0.7416666666666667 0.1671875 0.7361111111111112 0.184375 0.7305555555555555 0.190625 0.725 0.228125 0.7083333333333334
0 0.8375 0.8527777777777777 0.8640625 0.8694444444444445 0.8703125 0.875 0.8734375 0.8805555555555555 0.871875 0.8833333333333333 0.8640625 0.8833333333333333 0.8390625 0.8666666666666667 0.8328125 0.8611111111111112 0.8328125 0.8555555555555555 0.8359375 0.8527777777777777
0 0.8375 0.8527777777777777 0.8703125 0.875 0.871875 0.8777777777777778 0.8703125 0.8833333333333333 0.865625 0.8833333333333333 0.8484375 0.8694444444444445 0.840625 0.8666666666666667 0.8328125 0.8583333333333333 0.8359375 0.8527777777777777
0 0.5703125 0.8 0.5765625 0.8 0.596875 0.8361111111111111 0.6109375 0.8666666666666667 0.6109375 0.8722222222222222 0.6046875 0.8722222222222222 0.584375 0.8361111111111111 0.5703125 0.8027777777777778
0 0.8890625 0.7805555555555556 0.9125 0.7916666666666666 0.91875 0.7916666666666666 0.9265625 0.7972222222222223 0.928125 0.8 0.9265625 0.8027777777777778 0.9140625 0.8027777777777778 0.90625 0.7972222222222223 0.8875 0.7916666666666666 0.88125 0.7861111111111111 0.8828125 0.7805555555555556 0.8875 0.7805555555555556