0 0.3796875 0.775 0.3828125 0.7805555555555556 0.3765625 0.7916666666666666 0.365625 0.8027777777777778 0.359375 0.8138888888888889 0.353125 0.8138888888888889 0.3515625 0.8166666666666667 0.3359375 0.8166666666666667 0.334375 0.8111111111111111 0.3375 0.8055555555555556 0.3484375 0.7972222222222223 0.3515625 0.7916666666666666 0.359375 0.7888888888888889 0.36875 0.7777777777777778 0.378125 0.775
0 0 0.8111111111111111 0.003125 0.8083333333333333 0.0125 0.8083333333333333 0.01875 0.8027777777777778 0.0375 0.8 0.0390625 0.7972222222222223 0.0578125 0.7972222222222223 0.0625 0.7916666666666666 0.0796875 0.7916666666666666 0.0796875 0.7972222222222223 0.0765625 0.8 0.06875 0.8 0.0671875 0.8027777777777778 0.053125 0.8 0.05 0.8055555555555556 0.025 0.8166666666666667 0 0.8194444444444444 0 0.8138888888888889
0 0.45625 0.7138888888888889 0.453125 0.7222222222222222 0.446875 0.7277777777777777 0.428125 0.7555555555555555 0.425 0.75 0.4375 0.7277777777777777 0.4421875 0.725 0.45 0.7138888888888889 0.4546875 0.7138888888888889
0 0 0.8388888888888889 0.01875 0.8388888888888889 0.021875 0.8416666666666667 0.021875 0.8472222222222222 0.01875 0.8527777777777777 0.0015625 0.8611111111111112 0 0.8611111111111112 0 0.8416666666666667
0 0.8421875 0.7722222222222223 0.84375 0.775 0.875 0.7777777777777778 0.896875 0.7916666666666666 0.95 0.8 0.9546875 0.8083333333333333 0.959375 0.8111111111111111 0.9703125 0.8111111111111111 0.971875 0.8138888888888889 0.984375 0.8111111111111111 0.996875 0.8166666666666667 0.9984375 0.8194444444444444 0.9984375 0.8305555555555556 0.9890625 0.8305555555555556 0.978125 0.825 0.9484375 0.8194444444444444 0.946875 0.8166666666666667 0.9234375 0.8111111111111111 0.915625 0.8055555555555556 0.89375 0.8027777777777778 0.8921875 0.8 0.8578125 0.7916666666666666 0.8484375 0.7861111111111111 0.8265625 0.7833333333333333 0.821875 0.7805555555555556 0.8234375 0.7722222222222223 0.840625 0.7722222222222223
0 0.496875 0.775 0.5046875 0.7972222222222223 0.5046875 0.8111111111111111 0.5078125 0.8166666666666667 0.5078125 0.825 0.503125 0.8333333333333334 0.496875 0.8361111111111111 0.490625 0.8361111111111111 0.4890625 0.8333333333333334 0.478125 0.8333333333333334 0.4765625 0.8361111111111111 0.475 0.8305555555555556 0.475 0.8166666666666667 0.4796875 0.8111111111111111 0.48125 0.775 0.4828125 0.7722222222222223 0.49375 0.7722222222222223 0.4953125 0.775
0 0.3109375 0.7805555555555556 0.3171875 0.7833333333333333 0.315625 0.7888888888888889 0.309375 0.7916666666666666 0.303125 0.8 0.2890625 0.8055555555555556 0.278125 0.8166666666666667 0.2546875 0.8222222222222222 0.25 0.8305555555555556 0.2296875 0.8416666666666667 0.221875 0.8416666666666667 0.2203125 0.8444444444444444 0.2140625 0.8444444444444444 0.2125 0.8416666666666667 0.228125 0.8277777777777777 0.2484375 0.825 0.2546875 0.8111111111111111 0.2578125 0.8111111111111111 0.2703125 0.8 0.28125 0.7972222222222223 0.303125 0.7833333333333333 0.309375 0.7833333333333333
0 0.2046875 0.7833333333333333 0.2078125 0.7861111111111111 0.2015625 0.7916666666666666 0.1953125 0.7916666666666666 0.1828125 0.8 0.1546875 0.8083333333333333 0.1234375 0.825 0.1 0.825 0.1015625 0.8194444444444444 0.10625 0.8166666666666667 0.13125 0.8055555555555556 0.153125 0.8 0.159375 0.7944444444444444 0.178125 0.7861111111111111 0.184375 0.7861111111111111 0.1859375 0.7833333333333333 0.203125 0.7833333333333333
0 0.1375 0.7888888888888889 0.1390625 0.7916666666666666 0.1328125 0.7972222222222223 0.1265625 0.7972222222222223 0.125 0.8 0.11875 0.8 0.09375 0.8111111111111111 0.0859375 0.8111111111111111 0.0484375 0.8277777777777777 0.0375 0.8277777777777777 0.0359375 0.8305555555555556 0.0265625 0.8305555555555556 0.0234375 0.8277777777777777 0.0234375 0.825 0.028125 0.8222222222222222 0.0671875 0.8111111111111111 0.084375 0.8 0.0921875 0.8 0.1015625 0.7944444444444444 0.1359375 0.7888888888888889
0 0.6 0.7722222222222223 0.615625 0.7722222222222223 0.6265625 0.7861111111111111 0.6359375 0.7944444444444444 0.64375 0.7972222222222223 0.646875 0.8027777777777778 0.64375 0.8111111111111111 0.6328125 0.8111111111111111 0.615625 0.7972222222222223 0.6015625 0.7805555555555556 0.6 0.775
0 0.0984375 0.8305555555555556 0.096875 0.8361111111111111 0.090625 0.8416666666666667 0.06875 0.8472222222222222 0.0671875 0.85 0.059375 0.85 0.0578125 0.8527777777777777 0.0453125 0.8527777777777777 0.04375 0.85 0.0453125 0.8444444444444444 0.05 0.8444444444444444 0.065625 0.8333333333333334 0.096875 0.8305555555555556
0 0.659375 0.775 0.6828125 0.7777777777777778 0.7046875 0.7916666666666666 0.7265625 0.8 0.7328125 0.8111111111111111 0.7515625 0.8194444444444444 0.7546875 0.825 0.753125 0.8277777777777777 0.7421875 0.8305555555555556 0.7296875 0.8194444444444444 0.7265625 0.8194444444444444 0.7203125 0.8111111111111111 0.7 0.8055555555555556 0.6859375 0.7944444444444444 0.68125 0.7944444444444444 0.6609375 0.7777777777777778