0 0.5625 0.7111111111111111 0.56875 0.7111111111111111 0.5765625 0.7222222222222222 0.5703125 0.725 0.565625 0.7194444444444444 0.5625 0.7194444444444444 0.5625 0.7138888888888889
0 0.5203125 0.7111111111111111 0.51875 0.7055555555555556 0.5203125 0.6972222222222222 0.5265625 0.7 0.5265625 0.7111111111111111 0.521875 0.7111111111111111
0 0.4734375 0.7194444444444444 0.4765625 0.7111111111111111 0.48125 0.7111111111111111 0.48125 0.7138888888888889 0.478125 0.7194444444444444 0.475 0.7194444444444444
0 0.6234375 0.7611111111111111 0.6265625 0.7666666666666667 0.6296875 0.7666666666666667 0.6328125 0.7722222222222223 0.64375 0.7805555555555556 0.646875 0.7861111111111111 0.646875 0.7916666666666666 0.6375 0.7916666666666666 0.621875 0.775 0.6140625 0.7611111111111111 0.6140625 0.7583333333333333 0.6203125 0.7583333333333333 0.621875 0.7611111111111111
0 0.44375 0.7638888888888888 0.446875 0.7694444444444445 0.440625 0.7722222222222223 0.440625 0.7666666666666667 0.4421875 0.7666666666666667
0 0.3984375 0.8416666666666667 0.4 0.8333333333333334 0.4046875 0.825 0.4265625 0.7944444444444444 0.4296875 0.7944444444444444 0.428125 0.8055555555555556 0.409375 0.8388888888888889 0.4 0.8416666666666667
0 0.834375 0.725 0.8421875 0.7305555555555555 0.846875 0.7277777777777777 0.85625 0.7361111111111112 0.8625 0.7333333333333333 0.8640625 0.7361111111111112 0.8765625 0.7361111111111112 0.8875 0.7416666666666667 0.8921875 0.7388888888888889 0.9015625 0.7444444444444445 0.9046875 0.7416666666666667 0.9125 0.7472222222222222 0.921875 0.7472222222222222 0.93125 0.7555555555555555 0.91875 0.7611111111111111 0.909375 0.7555555555555555 0.8984375 0.7555555555555555 0.890625 0.75 0.8875 0.7527777777777778 0.884375 0.75 0.875 0.75 0.871875 0.7527777777777778 0.8671875 0.7472222222222222 0.8609375 0.7472222222222222 0.859375 0.7444444444444445 0.85625 0.7472222222222222 0.8453125 0.7416666666666667 0.8421875 0.7444444444444445 0.8328125 0.7388888888888889 0.8125 0.7361111111111112 0.8109375 0.7333333333333333 0.81875 0.725 0.825 0.7277777777777777 0.8328125 0.725
0 0.434375 0.7166666666666667 0.4328125 0.7194444444444444 0.4265625 0.7194444444444444 0.421875 0.7277777777777777 0.41875 0.7277777777777777 0.40625 0.7416666666666667 0.396875 0.7444444444444445 0.3953125 0.75 0.390625 0.75 0.3828125 0.7555555555555555 0.3796875 0.7611111111111111 0.375 0.7611111111111111 0.365625 0.7694444444444445 0.3578125 0.7722222222222223 0.3359375 0.7916666666666666 0.3234375 0.7972222222222223 0.3203125 0.8027777777777778 0.3109375 0.8055555555555556 0.3046875 0.8138888888888889 0.2953125 0.8166666666666667 0.2921875 0.8222222222222222 0.2875 0.8222222222222222 0.2828125 0.8277777777777777 0.2796875 0.8277777777777777 0.2765625 0.8333333333333334 0.2640625 0.8388888888888889 0.2625 0.8444444444444444 0.2578125 0.8444444444444444 0.2453125 0.8555555555555555 0.2375 0.8583333333333333 0.234375 0.8638888888888889 0.2203125 0.8694444444444445 0.21875 0.875 0.2078125 0.8777777777777778 0.2015625 0.8861111111111111 0.190625 0.8916666666666667 0.1875 0.8972222222222223 0.1765625 0.9 0.175 0.9055555555555556 0.1640625 0.9083333333333333 0.1609375 0.9138888888888889 0.146875 0.9222222222222223 0.14375 0.9277777777777778 0.1328125 0.9305555555555556 0.13125 0.9361111111111111 0.11875 0.9416666666666667 0.1109375 0.95 0.10625 0.95 0.0984375 0.9583333333333334 0.0890625 0.9611111111111111 0.0875 0.9666666666666667 0.0734375 0.9722222222222222 0.0703125 0.9777777777777777 0.0625 0.9805555555555555 0.05625 0.9888888888888889 0.0453125 0.9916666666666667 0.0421875 0.9972222222222222 0.0265625 0.9972222222222222 0.0265625 0.9916666666666667 0.0296875 0.9888888888888889 0.0421875 0.9861111111111112 0.0484375 0.9777777777777777 0.053125 0.9777777777777777 0.0609375 0.9694444444444444 0.071875 0.9666666666666667 0.0734375 0.9611111111111111 0.0828125 0.9583333333333334 0.090625 0.95 0.0984375 0.9472222222222222 0.1046875 0.9388888888888889 0.115625 0.9361111111111111 0.1171875 0.9305555555555556 0.121875 0.9305555555555556 0.1375 0.9166666666666666 0.1421875 0.9166666666666666 0.15 0.9083333333333333 0.159375 0.9055555555555556 0.1609375 0.9 0.1703125 0.8972222222222223 0.178125 0.8888888888888888 0.1859375 0.8861111111111111 0.1921875 0.8777777777777778 0.203125 0.875 0.2046875 0.8694444444444445 0.215625 0.8666666666666667 0.2265625 0.8555555555555555 0.23125 0.8555555555555555 0.2375 0.8472222222222222 0.246875 0.8444444444444444 0.25 0.8388888888888889 0.2609375 0.8361111111111111 0.2640625 0.8305555555555556 0.2671875 0.8305555555555556 0.2703125 0.825 0.2734375 0.825 0.28125 0.8166666666666667 0.2890625 0.8166666666666667 0.2953125 0.8083333333333333 0.3046875 0.8055555555555556 0.3125 0.7972222222222223 0.3171875 0.7972222222222223 0.3265625 0.7861111111111111 0.3359375 0.7833333333333333 0.3390625 0.7777777777777778 0.34375 0.7777777777777778 0.3546875 0.7666666666666667 0.3640625 0.7638888888888888 0.3671875 0.7583333333333333 0.378125 0.7555555555555555 0.38125 0.75 0.4125 0.725 0.41875 0.725 0.428125 0.7166666666666667 0.4328125 0.7166666666666667
0 0.45625 0.7416666666666667 0.4640625 0.7361111111111112 0.4625 0.7472222222222222 0.4546875 0.75 0.45625 0.7444444444444445
0 0.5921875 0.7333333333333333 0.596875 0.7416666666666667 0.590625 0.7416666666666667 0.5875 0.7361111111111112 0.590625 0.7333333333333333
0 0.334375 0.9416666666666667 0.3390625 0.9472222222222222 0.3359375 0.9583333333333334 0.328125 0.9666666666666667 0.3265625 0.9722222222222222 0.3171875 0.9805555555555555 0.3109375 0.9777777777777777 0.3125 0.9694444444444444 0.328125 0.9444444444444444 0.3328125 0.9416666666666667