0 0.90703125 0.75 0.1859375 0.05
0 0.54453125 0.7736111111111111 0.0296875 0.041666666666666664
0 0.575 0.9583333333333334 0.5765625 0.9611111111111111 0.6265625 0.9611111111111111 0.628125 0.9638888888888889 0.634375 0.9611111111111111 0.728125 0.9611111111111111 0.7296875 0.9583333333333334 0.8015625 0.9583333333333334 0.803125 0.9611111111111111 0.825 0.9583333333333334 0.8265625 0.9611111111111111 0.8671875 0.9638888888888889 0.8765625 0.9694444444444444 0.878125 0.9666666666666667 0.94375 0.9666666666666667 0.9453125 0.9694444444444444 0.946875 0.9666666666666667 0.9578125 0.9666666666666667 0.959375 0.9694444444444444 0.9984375 0.9722222222222222 0.9984375 0.9944444444444445 0.99375 0.9972222222222222 0.9609375 0.9972222222222222 0.9515625 0.9916666666666667 0.95 0.9944444444444445 0.9296875 0.9944444444444445 0.928125 0.9972222222222222 0.925 0.9944444444444445 0.8984375 0.9944444444444445 0.896875 0.9972222222222222 0.84375 0.9972222222222222 0.8421875 0.9944444444444445 0.815625 0.9944444444444445 0.8140625 0.9972222222222222 0.7828125 0.9972222222222222 0.78125 0.9944444444444445 0.740625 0.9944444444444445 0.7390625 0.9972222222222222 0.73125 0.9972222222222222 0.7296875 0.9944444444444445 0.625 0.9944444444444445 0.6234375 0.9972222222222222 0.603125 0.9972222222222222 0.6015625 0.9944444444444445 0.5234375 0.9944444444444445 0.521875 0.9972222222222222 0.5203125 0.9944444444444445 0.5125 0.9944444444444445 0.5109375 0.9972222222222222 0.509375 0.9944444444444445 0.4578125 0.9944444444444445 0.45625 0.9972222222222222 0.453125 0.9944444444444445 0.440625 0.9944444444444445 0.4390625 0.9972222222222222 0.3515625 0.9972222222222222 0.35 0.9944444444444445 0.334375 0.9944444444444445 0.3328125 0.9972222222222222 0.2875 0.9972222222222222 0.2859375 0.9944444444444445 0.240625 0.9972222222222222 0.2390625 0.9944444444444445 0.203125 0.9944444444444445 0.2015625 0.9972222222222222 0.1421875 0.9972222222222222 0.140625 0.9944444444444445 0.134375 0.9944444444444445 0.1328125 0.9972222222222222 0.090625 0.9972222222222222 0.096875 0.9861111111111112 0.1109375 0.9777777777777777 0.1234375 0.9777777777777777 0.125 0.975 0.134375 0.9777777777777777 0.1359375 0.975 0.28125 0.9694444444444444 0.2828125 0.9666666666666667 0.29375 0.9666666666666667 0.2953125 0.9694444444444444 0.315625 0.9694444444444444 0.3171875 0.9666666666666667 0.3296875 0.9666666666666667 0.33125 0.9694444444444444 0.3859375 0.9694444444444444 0.3875 0.9666666666666667 0.409375 0.9666666666666667 0.4109375 0.9638888888888889 0.4140625 0.9666666666666667 0.415625 0.9638888888888889 0.4515625 0.9638888888888889 0.453125 0.9611111111111111 0.471875 0.9611111111111111 0.4734375 0.9583333333333334 0.521875 0.9583333333333334 0.5234375 0.9555555555555556 0.5734375 0.9583333333333334
0 0.6328125 0.75 0.65 0.75 0.6671875 0.7638888888888888 0.671875 0.7638888888888888 0.690625 0.7777777777777778 0.703125 0.7833333333333333 0.70625 0.7888888888888889 0.678125 0.7888888888888889 0.671875 0.7861111111111111 0.6328125 0.7527777777777778
0 0.7953125 0.7611111111111111 0.815625 0.7638888888888888 0.8234375 0.7722222222222223 0.828125 0.7694444444444445 0.846875 0.7777777777777778 0.8546875 0.7777777777777778 0.8671875 0.7861111111111111 0.8859375 0.7916666666666666 0.8875 0.7944444444444444 0.896875 0.7944444444444444 0.903125 0.8 0.9234375 0.8055555555555556 0.9359375 0.8138888888888889 0.928125 0.8166666666666667 0.9265625 0.8138888888888889 0.9140625 0.8138888888888889 0.9125 0.8111111111111111 0.8953125 0.8083333333333333 0.8875 0.8027777777777778 0.8796875 0.8027777777777778 0.8734375 0.7972222222222223 0.846875 0.7888888888888889 0.8359375 0.7805555555555556 0.825 0.7777777777777778 0.821875 0.7722222222222223 0.8109375 0.7722222222222223 0.7953125 0.7638888888888888
0 0.45 0.7555555555555555 0.4390625 0.775 0.4296875 0.7861111111111111 0.4171875 0.7944444444444444 0.4015625 0.7944444444444444 0.4 0.7916666666666666 0.4015625 0.7888888888888889 0.4296875 0.7583333333333333 0.434375 0.7555555555555555 0.4484375 0.7555555555555555
0 0.4046875 0.7611111111111111 0.3859375 0.7805555555555556 0.371875 0.7888888888888889 0.36875 0.7944444444444444 0.353125 0.7972222222222223 0.3515625 0.8 0.3421875 0.8 0.346875 0.7916666666666666 0.3734375 0.775 0.3890625 0.7611111111111111 0.403125 0.7611111111111111
0 0.684375 0.7527777777777778 0.7015625 0.7527777777777778 0.734375 0.7722222222222223 0.753125 0.7777777777777778 0.7640625 0.7861111111111111 0.7828125 0.7944444444444444 0.7828125 0.7972222222222223 0.753125 0.7944444444444444 0.734375 0.7805555555555556 0.7296875 0.7805555555555556 0.684375 0.7555555555555555
0 0.465625 0.7916666666666666 0.465625 0.7861111111111111 0.46875 0.7777777777777778 0.4765625 0.7583333333333333 0.48125 0.7527777777777778 0.4984375 0.7527777777777778 0.4921875 0.7861111111111111 0.4890625 0.7916666666666666 0.475 0.7916666666666666 0.4734375 0.7944444444444444 0.4671875 0.7916666666666666
0 0.58125 0.75 0.596875 0.75 0.6015625 0.7527777777777778 0.6296875 0.7861111111111111 0.628125 0.7888888888888889 0.6 0.7888888888888889 0.58125 0.7527777777777778
0 0.6625 0.75 0.6671875 0.7583333333333333 0.671875 0.7583333333333333 0.6734375 0.7555555555555555 0.671875 0.7527777777777778 0.6890625 0.7527777777777778 0.690625 0.75 0.69375 0.7527777777777778 0.746875 0.75 0.7546875 0.7555555555555555 0.7765625 0.7583333333333333 0.778125 0.7611111111111111 0.78125 0.7583333333333333 0.7875 0.7611111111111111 0.8 0.7583333333333333 0.8015625 0.7611111111111111 0.8140625 0.7611111111111111 0.815625 0.7638888888888888 0.846875 0.7638888888888888 0.8484375 0.7611111111111111 0.9046875 0.7861111111111111 0.9140625 0.7861111111111111 0.915625 0.7888888888888889 0.9609375 0.8027777777777778 0.9640625 0.8083333333333333 0.9546875 0.8166666666666667 0.921875 0.8166666666666667 0.9203125 0.8138888888888889 0.909375 0.8138888888888889 0.8984375 0.8083333333333333 0.8875 0.8083333333333333 0.8796875 0.8027777777777778 0.86875 0.8083333333333333 0.83125 0.8055555555555556 0.8171875 0.7972222222222223 0.7984375 0.7944444444444444 0.796875 0.7888888888888889 0.79375 0.7944444444444444 0.7890625 0.7944444444444444 0.784375 0.8 0.7734375 0.8 0.771875 0.7972222222222223 0.7578125 0.7972222222222223 0.7375 0.7861111111111111 0.7125 0.7861111111111111 0.7046875 0.7916666666666666 0.696875 0.7916666666666666 0.6953125 0.7888888888888889 0.66875 0.7888888888888889 0.6671875 0.7861111111111111 0.6546875 0.7861111111111111 0.653125 0.7888888888888889 0.60625 0.7888888888888889 0.6046875 0.7916666666666666 0.5984375 0.7916666666666666 0.596875 0.7888888888888889 0.5703125 0.7888888888888889 0.56875 0.7916666666666666 0.5546875 0.7916666666666666 0.553125 0.7944444444444444 0.546875 0.7944444444444444 0.5453125 0.7916666666666666 0.5234375 0.7916666666666666 0.521875 0.7888888888888889 0.515625 0.7916666666666666 0.4875 0.7916666666666666 0.4859375 0.7944444444444444 0.4640625 0.7944444444444444 0.4625 0.7916666666666666 0.4484375 0.7916666666666666 0.446875 0.7944444444444444 0.434375 0.7916666666666666 0.4296875 0.7944444444444444 0.428125 0.7916666666666666 0.4265625 0.7944444444444444 0.3671875 0.7944444444444444 0.3578125 0.8 0.3390625 0.8 0.3625 0.7777777777777778 0.3671875 0.7777777777777778 0.3796875 0.7666666666666667 0.3953125 0.7583333333333333 0.40625 0.7611111111111111 0.4171875 0.7555555555555555 0.4234375 0.7583333333333333 0.4359375 0.7527777777777778 0.484375 0.7527777777777778 0.4859375 0.75 0.496875 0.75 0.4984375 0.7527777777777778 0.5296875 0.7527777777777778 0.53125 0.75 0.5578125 0.7527777777777778 0.559375 0.75 0.584375 0.75 0.5859375 0.7472222222222222 0.6046875 0.75 0.60625 0.7527777777777778 0.6109375 0.75 0.653125 0.75 0.6578125 0.7527777777777778 0.6609375 0.75
0 0.5484375 0.7083333333333334 0.5578125 0.7166666666666667 0.503125 0.7194444444444444 0.5015625 0.7166666666666667 0.484375 0.7138888888888889 0.4828125 0.7166666666666667 0.46875 0.7166666666666667 0.4671875 0.7194444444444444 0.4125 0.7194444444444444 0.4109375 0.7222222222222222 0.3890625 0.7222222222222222 0.3875 0.7194444444444444 0.38125 0.7222222222222222 0.3796875 0.7194444444444444 0.3828125 0.7166666666666667 0.396875 0.7166666666666667 0.3984375 0.7138888888888889 0.4140625 0.7138888888888889 0.4265625 0.7083333333333334 0.546875 0.7083333333333334