0 0.5640625 0.7527777777777778 0.56875 0.7527777777777778 0.575 0.7611111111111111 0.575 0.7694444444444445 0.571875 0.7694444444444445 0.5640625 0.7555555555555555
0 0.721875 0.9444444444444444 0.746875 0.9777777777777777 0.7453125 0.9888888888888889 0.740625 0.9888888888888889 0.7203125 0.9638888888888889 0.7140625 0.9527777777777777 0.715625 0.9444444444444444 0.7203125 0.9444444444444444
0 0.41875 0.7611111111111111 0.421875 0.7583333333333333 0.425 0.7611111111111111 0.4234375 0.7666666666666667 0.4171875 0.7666666666666667 0.41875 0.7638888888888888
0 0.46875 0.7083333333333334 0.4671875 0.7166666666666667 0.4625 0.7138888888888889 0.4671875 0.7083333333333334
0 0.5828125 0.7861111111111111 0.5890625 0.7888888888888889 0.6046875 0.8138888888888889 0.6046875 0.8166666666666667 0.5953125 0.8138888888888889 0.5828125 0.7888888888888889
0 0.240625 0.9805555555555555 0.240625 0.9861111111111112 0.234375 0.9972222222222222 0.21875 0.9972222222222222 0.21875 0.9944444444444445 0.228125 0.9805555555555555 0.2390625 0.9805555555555555
0 0.3515625 0.8444444444444444 0.3515625 0.8388888888888889 0.3546875 0.8333333333333334 0.375 0.8138888888888889 0.3796875 0.8055555555555556 0.3984375 0.7861111111111111 0.403125 0.7861111111111111 0.403125 0.7916666666666666 0.396875 0.8027777777777778 0.3765625 0.825 0.3671875 0.8388888888888889 0.3609375 0.8444444444444444 0.353125 0.8444444444444444
0 0.45 0.7305555555555555 0.4515625 0.7305555555555555 0.45 0.7361111111111112 0.4453125 0.7444444444444445 0.4390625 0.7444444444444445 0.4390625 0.7388888888888889 0.4484375 0.7305555555555555
0 0.55 0.7277777777777777 0.559375 0.7305555555555555 0.5671875 0.7444444444444445 0.5671875 0.75 0.575 0.7611111111111111 0.6 0.7805555555555556 0.640625 0.8361111111111111 0.6390625 0.8444444444444444 0.63125 0.8444444444444444 0.6125 0.8194444444444444 0.603125 0.8111111111111111 0.5984375 0.8111111111111111 0.6 0.8055555555555556 0.5953125 0.7972222222222223 0.5875 0.7944444444444444 0.5828125 0.7861111111111111 0.5828125 0.7777777777777778 0.5796875 0.7722222222222223 0.5734375 0.7722222222222223 0.5671875 0.7638888888888888 0.5640625 0.7555555555555555 0.5640625 0.75 0.5609375 0.7444444444444445 0.5546875 0.7416666666666667 0.55 0.7305555555555555
0 0.46875 0.7083333333333334 0.465625 0.7166666666666667 0.4625 0.7166666666666667 0.4453125 0.7444444444444445 0.4390625 0.7444444444444445 0.440625 0.7361111111111112 0.4453125 0.7305555555555555 0.4484375 0.7305555555555555 0.45625 0.7194444444444444 0.459375 0.7194444444444444 0.4671875 0.7083333333333334
0 0.3921875 0.7166666666666667 0.3921875 0.7194444444444444 0.371875 0.7277777777777777 0.365625 0.7333333333333333 0.359375 0.7333333333333333 0.334375 0.7444444444444445 0.328125 0.75 0.321875 0.75 0.315625 0.7555555555555555 0.3046875 0.7583333333333333 0.2984375 0.7638888888888888 0.2734375 0.775 0.2671875 0.775 0.2609375 0.7805555555555556 0.2140625 0.8 0.2078125 0.8055555555555556 0.1890625 0.8111111111111111 0.1640625 0.825 0.146875 0.8305555555555556 0.140625 0.8361111111111111 0.121875 0.8444444444444444 0.115625 0.8444444444444444 0.096875 0.8555555555555555 0.0484375 0.875 0.0421875 0.8805555555555555 0.0359375 0.8805555555555555 0.0296875 0.8861111111111111 0.0078125 0.8916666666666667 0.00625 0.8944444444444445 0 0.8944444444444445 0 0.8861111111111111 0.0125 0.8833333333333333 0.0234375 0.875 0.0421875 0.8694444444444445 0.0609375 0.8583333333333333 0.075 0.8555555555555555 0.08125 0.85 0.09375 0.8472222222222222 0.1 0.8416666666666667 0.10625 0.8416666666666667 0.11875 0.8333333333333334 0.1625 0.8138888888888889 0.16875 0.8138888888888889 0.2265625 0.7861111111111111 0.2328125 0.7861111111111111 0.2390625 0.7805555555555556 0.2625 0.7722222222222223 0.26875 0.7666666666666667 0.2890625 0.7611111111111111 0.2953125 0.7555555555555555 0.33125 0.7416666666666667 0.3375 0.7361111111111112 0.359375 0.7305555555555555 0.365625 0.725 0.390625 0.7166666666666667
0 0.5625 0.7222222222222222 0.5671875 0.7222222222222222 0.5734375 0.7305555555555555 0.571875 0.7333333333333333 0.56875 0.7333333333333333 0.5640625 0.7277777777777777 0.5609375 0.7305555555555555 0.565625 0.7388888888888889 0.5671875 0.7444444444444445 0.565625 0.7472222222222222 0.56875 0.7527777777777778 0.575 0.7611111111111111 0.6 0.7805555555555556 0.6125 0.8 0.634375 0.825 0.640625 0.8388888888888889 0.640625 0.8444444444444444 0.63125 0.8444444444444444 0.609375 0.8166666666666667 0.5953125 0.8138888888888889 0.584375 0.7944444444444444 0.5796875 0.7833333333333333 0.5796875 0.7777777777777778 0.575 0.775 0.565625 0.7611111111111111 0.5640625 0.75 0.5609375 0.7444444444444445 0.5515625 0.7388888888888889 0.55 0.7277777777777777 0.5609375 0.7305555555555555 0.5625 0.725
0 0.584375 0.7722222222222223 0.5890625 0.7722222222222223 0.6 0.7805555555555556 0.640625 0.8361111111111111 0.640625 0.8444444444444444 0.63125 0.8444444444444444 0.6046875 0.8111111111111111 0.584375 0.775