0 0.78125 0.9055555555555556 0.7828125 0.9083333333333333 0.784375 0.9055555555555556 0.7921875 0.9111111111111111 0.8 0.9111111111111111 0.80625 0.9194444444444444 0.8109375 0.9194444444444444 0.825 0.9305555555555556 0.840625 0.9277777777777778 0.825 0.9305555555555556 0.8234375 0.9333333333333333 0.7984375 0.9361111111111111 0.796875 0.9388888888888889 0.7859375 0.9388888888888889 0.784375 0.9416666666666667 0.7734375 0.9416666666666667 0.771875 0.9444444444444444 0.7609375 0.9444444444444444 0.759375 0.9472222222222222 0.746875 0.9416666666666667 0.7375 0.9305555555555556 0.7328125 0.9194444444444444 0.7359375 0.9138888888888889 0.7421875 0.9166666666666666 0.7484375 0.9138888888888889 0.7546875 0.9222222222222223 0.765625 0.925 0.7703125 0.9166666666666666 0.771875 0.9055555555555556 0.7796875 0.9055555555555556
0 0.728125 0.7472222222222222 0.7375 0.7527777777777778 0.7390625 0.7611111111111111 0.7265625 0.7583333333333333 0.715625 0.75 0.7140625 0.7472222222222222 0.715625 0.7416666666666667 0.7265625 0.7472222222222222
0 0.44375 0.7055555555555556 0.4421875 0.7194444444444444 0.434375 0.7361111111111112 0.43125 0.7361111111111112 0.4296875 0.7305555555555555 0.4375 0.7111111111111111 0.4421875 0.7083333333333334
0 0.396875 0.6833333333333333 0.3984375 0.6861111111111111 0.396875 0.6944444444444444 0.4 0.6972222222222222 0.396875 0.7055555555555556 0.39375 0.7055555555555556 0.390625 0.7111111111111111 0.3875 0.7111111111111111 0.378125 0.7222222222222222 0.36875 0.7277777777777777 0.3671875 0.7333333333333333 0.3578125 0.7388888888888889 0.35 0.75 0.34375 0.7527777777777778 0.3421875 0.7583333333333333 0.334375 0.7638888888888888 0.3296875 0.7722222222222223 0.3125 0.7888888888888889 0.303125 0.8027777777777778 0.2953125 0.8083333333333333 0.29375 0.8138888888888889 0.284375 0.8222222222222222 0.278125 0.8333333333333334 0.271875 0.8361111111111111 0.2546875 0.8611111111111112 0.2484375 0.8638888888888889 0.240625 0.8777777777777778 0.2328125 0.8833333333333333 0.23125 0.8888888888888888 0.225 0.8916666666666667 0.2015625 0.9222222222222223 0.1953125 0.925 0.19375 0.9305555555555556 0.134375 0.9972222222222222 0.1078125 0.9972222222222222 0.153125 0.9472222222222222 0.15625 0.9472222222222222 0.1609375 0.9388888888888889 0.16875 0.9333333333333333 0.1765625 0.9222222222222223 0.1796875 0.9222222222222223 0.184375 0.9138888888888889 0.2046875 0.8944444444444445 0.209375 0.8861111111111111 0.215625 0.8833333333333333 0.2203125 0.875 0.228125 0.8694444444444445 0.2328125 0.8611111111111112 0.253125 0.8416666666666667 0.2578125 0.8333333333333334 0.2640625 0.8305555555555556 0.26875 0.8222222222222222 0.278125 0.8138888888888889 0.3203125 0.7611111111111111 0.3265625 0.7583333333333333 0.3546875 0.7222222222222222 0.3578125 0.7222222222222222 0.365625 0.7138888888888889 0.3671875 0.7083333333333334 0.3703125 0.7083333333333334 0.38125 0.6944444444444444 0.3953125 0.6833333333333333
0 0.78125 0.9055555555555556 0.7953125 0.9138888888888889 0.7984375 0.9111111111111111 0.80625 0.9194444444444444 0.8109375 0.9194444444444444 0.815625 0.925 0.8265625 0.9305555555555556 0.8234375 0.9333333333333333 0.7984375 0.9361111111111111 0.796875 0.9388888888888889 0.7859375 0.9388888888888889 0.784375 0.9416666666666667 0.7734375 0.9416666666666667 0.771875 0.9444444444444444 0.7609375 0.9444444444444444 0.759375 0.9472222222222222 0.746875 0.9416666666666667 0.7375 0.9305555555555556 0.7328125 0.9194444444444444 0.7359375 0.9138888888888889 0.740625 0.9138888888888889 0.7421875 0.9166666666666666 0.75 0.9166666666666666 0.7609375 0.925 0.7671875 0.925 0.7703125 0.9194444444444444 0.7703125 0.9083333333333333 0.771875 0.9055555555555556 0.7796875 0.9055555555555556
0 0.5734375 0.6861111111111111 0.58125 0.6944444444444444 0.575 0.6944444444444444 0.571875 0.6916666666666667 0.5734375 0.6888888888888889
0 0.64375 0.7 0.6484375 0.7055555555555556 0.65 0.7027777777777777 0.6609375 0.7111111111111111 0.6625 0.7083333333333334 0.665625 0.7138888888888889 0.66875 0.7138888888888889 0.6734375 0.7194444444444444 0.6953125 0.7277777777777777 0.7 0.7333333333333333 0.7 0.7388888888888889 0.69375 0.7388888888888889 0.6828125 0.7305555555555555 0.6703125 0.7277777777777777 0.6625 0.7194444444444444 0.6609375 0.7222222222222222 0.6546875 0.7138888888888889 0.64375 0.7111111111111111 0.634375 0.7027777777777777 0.6359375 0.6972222222222222 0.6421875 0.7
0 0.865625 0.8861111111111111 0.871875 0.8888888888888888 0.875 0.8861111111111111 0.88125 0.8916666666666667 0.8890625 0.8916666666666667 0.9265625 0.9083333333333333 0.925 0.9111111111111111 0.9140625 0.9111111111111111 0.9125 0.9138888888888889 0.9 0.9138888888888889 0.8984375 0.9166666666666666 0.88125 0.9194444444444444 0.865625 0.8888888888888888
0 0.6015625 0.7083333333333334 0.60625 0.7138888888888889 0.609375 0.7138888888888889 0.6078125 0.7194444444444444 0.5984375 0.7166666666666667 0.596875 0.7111111111111111 0.6 0.7083333333333334
0 0.640625 0.7444444444444445 0.6515625 0.7444444444444445 0.6640625 0.7583333333333333 0.6625 0.7638888888888888 0.659375 0.7638888888888888 0.6546875 0.7583333333333333 0.65 0.7583333333333333 0.640625 0.7472222222222222
0 0.5484375 0.7166666666666667 0.571875 0.7472222222222222 0.5734375 0.7527777777777778 0.590625 0.775 0.5921875 0.7805555555555556 0.6015625 0.7888888888888889 0.6125 0.8083333333333333 0.61875 0.8138888888888889 0.63125 0.8333333333333334 0.634375 0.8333333333333334 0.6390625 0.8444444444444444 0.640625 0.8416666666666667 0.653125 0.8638888888888889 0.7171875 0.95 0.7171875 0.9527777777777777 0.7125 0.9555555555555556 0.709375 0.9527777777777777 0.7078125 0.9555555555555556 0.696875 0.9555555555555556 0.678125 0.9638888888888889 0.6765625 0.9611111111111111 0.6703125 0.9638888888888889 0.6640625 0.9611111111111111 0.653125 0.9388888888888889 0.65 0.9388888888888889 0.65 0.9333333333333333 0.6265625 0.8944444444444445 0.6171875 0.8722222222222222 0.5546875 0.7638888888888888 0.553125 0.7555555555555555 0.5484375 0.7472222222222222 0.55 0.7361111111111112 0.5484375 0.7194444444444444
0 0.73125 0.8194444444444444 0.7484375 0.8222222222222222 0.7546875 0.8305555555555556 0.75625 0.8277777777777777 0.7625 0.8361111111111111 0.775 0.8444444444444444 0.778125 0.85 0.778125 0.8527777777777777 0.7734375 0.8555555555555555 0.765625 0.8555555555555555 0.759375 0.8472222222222222 0.75625 0.8472222222222222 0.75 0.8388888888888889 0.746875 0.8388888888888889 0.734375 0.825 0.73125 0.825 0.73125 0.8222222222222222
0 0.5484375 0.7138888888888889 0.7171875 0.95 0.7171875 0.9527777777777777 0.7078125 0.9583333333333334 0.696875 0.9555555555555556 0.6828125 0.9638888888888889 0.68125 0.9611111111111111 0.6796875 0.9638888888888889 0.6765625 0.9611111111111111 0.6703125 0.9638888888888889 0.6625 0.9611111111111111 0.625 0.8944444444444445 0.621875 0.8833333333333333 0.5546875 0.7666666666666667 0.546875 0.7444444444444445 0.546875 0.7333333333333333 0.5484375 0.7305555555555555 0.546875 0.7194444444444444 0.5484375 0.7166666666666667