0 0.5421875 0.6972222222222222 0.5484375 0.7055555555555556 0.5484375 0.7083333333333334 0.54375 0.7083333333333334 0.5421875 0.7
0 0.4984375 0.7583333333333333 0.503125 0.7611111111111111 0.503125 0.7722222222222223 0.4984375 0.7666666666666667 0.4984375 0.7611111111111111
0 0.49375 0.7111111111111111 0.490625 0.7055555555555556 0.490625 0.7 0.49375 0.6972222222222222 0.4953125 0.7083333333333334
0 0.5046875 0.7888888888888889 0.509375 0.7888888888888889 0.5125 0.8 0.5125 0.8027777777777778 0.5078125 0.8027777777777778 0.5046875 0.7916666666666666
0 0.14375 0.9 0.140625 0.9055555555555556 0.1359375 0.9055555555555556 0.1296875 0.9111111111111111 0.125 0.9111111111111111 0.0953125 0.9277777777777778 0.0859375 0.9277777777777778 0.090625 0.9194444444444444 0.1140625 0.9111111111111111 0.1265625 0.9027777777777778 0.1421875 0.9
0 0.7046875 0.9027777777777778 0.7296875 0.9083333333333333 0.7453125 0.9166666666666666 0.753125 0.9166666666666666 0.7890625 0.9333333333333333 0.7953125 0.9333333333333333 0.796875 0.9361111111111111 0.79375 0.9388888888888889 0.784375 0.9388888888888889 0.7828125 0.9416666666666667 0.7859375 0.9472222222222222 0.8140625 0.9638888888888889 0.81875 0.9694444444444444 0.8453125 0.9833333333333333 0.8625 0.9972222222222222 0.8375 0.9972222222222222 0.8203125 0.9833333333333333 0.8125 0.9805555555555555 0.8078125 0.975 0.7546875 0.9416666666666667 0.7203125 0.9388888888888889 0.7109375 0.925 0.7046875 0.9055555555555556
0 0.965625 0.8944444444444445 0.9796875 0.8944444444444445 0.98125 0.8972222222222223 0.9984375 0.9 0.9984375 0.9111111111111111 0.996875 0.9111111111111111 0.9671875 0.8972222222222223
0 0.76875 0.8722222222222222 0.7765625 0.8722222222222222 0.7921875 0.8805555555555555 0.8 0.8805555555555555 0.8078125 0.8861111111111111 0.8140625 0.8861111111111111 0.8515625 0.9027777777777778 0.8515625 0.9055555555555556 0.840625 0.9055555555555556 0.809375 0.8916666666666667 0.803125 0.8916666666666667 0.7890625 0.8833333333333333 0.775 0.8805555555555555 0.76875 0.875
0 0.3953125 0.8027777777777778 0.403125 0.8027777777777778 0.4046875 0.8055555555555556 0.4015625 0.8138888888888889 0.3953125 0.8194444444444444 0.3875 0.8333333333333334 0.384375 0.8333333333333334 0.375 0.8472222222222222 0.36875 0.85 0.3609375 0.8611111111111112 0.309375 0.9111111111111111 0.2984375 0.925 0.2890625 0.9305555555555556 0.2765625 0.9444444444444444 0.25 0.9666666666666667 0.2359375 0.9833333333333333 0.2375 0.9944444444444445 0.2046875 0.9972222222222222 0.209375 0.9888888888888889 0.221875 0.9805555555555555 0.259375 0.9416666666666667 0.2671875 0.9388888888888889 0.2734375 0.9305555555555556 0.30625 0.9027777777777778 0.3203125 0.8861111111111111 0.34375 0.8666666666666667 0.346875 0.8611111111111112 0.3546875 0.8555555555555555 0.359375 0.8472222222222222 0.3703125 0.8388888888888889 0.375 0.8305555555555556 0.3859375 0.8222222222222222 0.3953125 0.8055555555555556
0 0.496875 0.7388888888888889 0.49375 0.7333333333333333 0.49375 0.7277777777777777 0.496875 0.725 0.4984375 0.7361111111111112
0 0.59375 0.7055555555555556 0.5984375 0.7055555555555556 0.6046875 0.7111111111111111 0.621875 0.7333333333333333 0.6484375 0.7583333333333333 0.6734375 0.775 0.71875 0.7944444444444444 0.7234375 0.8 0.7328125 0.8 0.734375 0.8027777777777778 0.75 0.8055555555555556 0.775 0.8166666666666667 0.784375 0.8166666666666667 0.7953125 0.8222222222222222 0.825 0.8277777777777777 0.8265625 0.8305555555555556 0.853125 0.8333333333333334 0.8640625 0.8388888888888889 0.878125 0.8388888888888889 0.884375 0.8444444444444444 0.8953125 0.8444444444444444 0.896875 0.8472222222222222 0.91875 0.85 0.9203125 0.8527777777777777 0.9421875 0.8555555555555555 0.94375 0.8583333333333333 0.965625 0.8583333333333333 0.96875 0.8638888888888889 0.98125 0.8666666666666667 0.940625 0.8638888888888889 0.9390625 0.8611111111111112 0.9125 0.8583333333333333 0.9109375 0.8555555555555555 0.89375 0.8527777777777777 0.884375 0.8472222222222222 0.834375 0.8416666666666667 0.8171875 0.8333333333333334 0.80625 0.8333333333333334 0.8046875 0.8305555555555556 0.7765625 0.825 0.775 0.8222222222222222 0.759375 0.8194444444444444 0.7515625 0.8138888888888889 0.74375 0.8138888888888889 0.728125 0.8055555555555556 0.70625 0.8 0.7 0.7944444444444444 0.678125 0.7861111111111111 0.6484375 0.7666666666666667 0.6234375 0.7444444444444445 0.59375 0.7083333333333334
0 0.5546875 0.725 0.5578125 0.725 0.5625 0.7361111111111112 0.5578125 0.7361111111111112 0.5546875 0.7277777777777777
0 0.5703125 0.7555555555555555 0.5765625 0.7555555555555555 0.58125 0.7638888888888888 0.58125 0.7666666666666667 0.5765625 0.7666666666666667 0.5703125 0.7583333333333333
0 0.54375 0.6583333333333333 0.5484375 0.6694444444444444 0.540625 0.6666666666666666 0.5390625 0.6611111111111111 0.5421875 0.6583333333333333
0 0.4171875 0.7305555555555555 0.4140625 0.7388888888888889 0.4140625 0.7444444444444445 0.40625 0.7527777777777778 0.39375 0.7527777777777778 0.3921875 0.75 0.353125 0.7527777777777778 0.35 0.7472222222222222 0.3546875 0.7416666666666667 0.365625 0.7416666666666667 0.3671875 0.7388888888888889 0.3859375 0.7416666666666667 0.3984375 0.7333333333333333 0.415625 0.7305555555555555
0 0.5984375 0.7861111111111111 0.6046875 0.7861111111111111 0.6140625 0.7944444444444444 0.6140625 0.8 0.6109375 0.8 0.5984375 0.7888888888888889
0 0.51875 0.8222222222222222 0.525 0.825 0.528125 0.8333333333333334 0.528125 0.8388888888888889 0.525 0.8388888888888889 0.51875 0.8305555555555556 0.51875 0.825
0 0.5609375 0.8861111111111111 0.5734375 0.9083333333333333 0.571875 0.9138888888888889 0.5640625 0.9111111111111111 0.559375 0.9055555555555556 0.546875 0.8833333333333333 0.546875 0.8777777777777778 0.55 0.875 0.5546875 0.8777777777777778 0.559375 0.8861111111111111
0 0.55 0.875 0.5625 0.8888888888888888 0.5734375 0.9111111111111111 0.571875 0.9138888888888889 0.5640625 0.9111111111111111 0.5484375 0.8861111111111111 0.546875 0.8805555555555555 0.5484375 0.8777777777777778
0 0.653125 0.8194444444444444 0.665625 0.8277777777777777 0.6703125 0.8277777777777777 0.675 0.8361111111111111 0.6625 0.8333333333333334 0.65 0.825 0.6515625 0.8222222222222222
0 0.3359375 0.9972222222222222 0.3546875 0.9805555555555555 0.359375 0.9805555555555555 0.359375 0.9833333333333333 0.353125 0.9972222222222222 0.3375 0.9972222222222222
0 0.4375 0.9166666666666666 0.453125 0.9333333333333333 0.4578125 0.9416666666666667 0.4625 0.9444444444444444 0.465625 0.9527777777777777 0.4375 0.9527777777777777 0.4328125 0.9555555555555556 0.428125 0.9638888888888889 0.428125 0.9694444444444444 0.4234375 0.9833333333333333 0.4234375 0.9916666666666667 0.4203125 0.9972222222222222 0.4015625 0.9972222222222222 0.4015625 0.9916666666666667 0.4078125 0.9694444444444444 0.40625 0.9583333333333334 0.3984375 0.9583333333333334 0.396875 0.9555555555555556 0.3796875 0.9583333333333334 0.3796875 0.9555555555555556 0.3828125 0.95 0.39375 0.9444444444444444 0.4 0.9361111111111111 0.4265625 0.9138888888888889 0.434375 0.9138888888888889 0.4359375 0.9166666666666666