0 0.4140625 0.8027777777777778 0.415625 0.8111111111111111 0.4046875 0.85 0.4046875 0.8555555555555555 0.396875 0.8638888888888889 0.39375 0.8611111111111112 0.39375 0.8527777777777777 0.40625 0.8111111111111111 0.4125 0.8027777777777778
0 0.50625 0.6694444444444444 0.5109375 0.6694444444444444 0.5125 0.6777777777777778 0.509375 0.6777777777777778 0.5078125 0.6722222222222223
0 0.3359375 0.7333333333333333 0.3359375 0.7361111111111112 0.328125 0.7444444444444445 0.3171875 0.7527777777777778 0.3140625 0.75 0.3171875 0.7444444444444445 0.3296875 0.7333333333333333 0.334375 0.7333333333333333
0 0.5828125 0.7972222222222223 0.590625 0.8 0.625 0.8611111111111112 0.6234375 0.8666666666666667 0.61875 0.8666666666666667 0.6125 0.8611111111111112 0.590625 0.8166666666666667 0.584375 0.8083333333333333 0.5828125 0.8
0 0.4546875 0.6555555555555556 0.4578125 0.6555555555555556 0.45625 0.6638888888888889 0.453125 0.6666666666666666 0.4546875 0.6583333333333333
0 0.159375 0.7111111111111111 0.159375 0.7138888888888889 0.1546875 0.7166666666666667 0.1375 0.7194444444444444 0.1359375 0.7222222222222222 0.1296875 0.7222222222222222 0.1296875 0.7194444444444444 0.134375 0.7166666666666667 0.1578125 0.7111111111111111
0 0.2421875 0.8194444444444444 0.2421875 0.825 0.1828125 0.8777777777777778 0.178125 0.8777777777777778 0.178125 0.8722222222222222 0.234375 0.8222222222222222 0.240625 0.8194444444444444
0 0.371875 0.6972222222222222 0.375 0.7 0.3703125 0.7055555555555556 0.365625 0.7055555555555556 0.3671875 0.7 0.3703125 0.7
0 0.3984375 0.675 0.3984375 0.6805555555555556 0.3953125 0.6833333333333333 0.3921875 0.6833333333333333 0.3921875 0.6805555555555556 0.396875 0.675
0 0.45234375 0.6777777777777778 0.0046875 0.011111111111111112
0 0.4375 0.7222222222222222 0.4375 0.7333333333333333 0.434375 0.7388888888888889 0.4296875 0.7388888888888889 0.4296875 0.7333333333333333 0.4359375 0.7222222222222222
0 0.5171875 0.6861111111111111 0.521875 0.6861111111111111 0.525 0.6916666666666667 0.525 0.6972222222222222 0.521875 0.6972222222222222 0.5171875 0.6888888888888889
0 0.290625 0.7694444444444445 0.2921875 0.7722222222222223 0.2875 0.7777777777777778 0.2828125 0.7777777777777778 0.2828125 0.7722222222222223 0.2890625 0.7694444444444445
0 0.446875 0.6916666666666667 0.4484375 0.6916666666666667 0.446875 0.7 0.4421875 0.7 0.4421875 0.6944444444444444 0.4453125 0.6916666666666667
0 0.540625 0.7194444444444444 0.55 0.7333333333333333 0.55 0.7388888888888889 0.5453125 0.7388888888888889 0.5359375 0.7222222222222222 0.5390625 0.7194444444444444