0 0.0484375 0.8277777777777777 0.0703125 0.8166666666666667 0.0796875 0.8166666666666667 0.0875 0.8111111111111111 0.103125 0.8083333333333333 0.1203125 0.8 0.1484375 0.7972222222222223 0.1484375 0.8 0.1171875 0.8166666666666667 0.0875 0.8222222222222222 0.0734375 0.8305555555555556 0.0625 0.8305555555555556 0.0609375 0.8333333333333334 0.0484375 0.8305555555555556
0 0.0046875 0.8361111111111111 0.00625 0.8388888888888889 0.05 0.8388888888888889 0.0515625 0.8416666666666667 0.146875 0.8416666666666667 0.15 0.8444444444444444 0.15 0.85 0.1375 0.8527777777777777 0.1359375 0.8555555555555555 0.0390625 0.8527777777777777 0.0375 0.85 0.0171875 0.8527777777777777 0.015625 0.85 0 0.85 0 0.8388888888888889 0.003125 0.8361111111111111
0 0.390625 0.7694444444444445 0.3921875 0.7722222222222223 0.3859375 0.7833333333333333 0.353125 0.8277777777777777 0.3484375 0.8305555555555556 0.325 0.8277777777777777 0.328125 0.8194444444444444 0.3453125 0.8055555555555556 0.3734375 0.7722222222222223 0.3890625 0.7694444444444445
0 0.4765625 0.7694444444444445 0.49375 0.7694444444444445 0.4984375 0.7777777777777778 0.5015625 0.7972222222222223 0.509375 0.825 0.5078125 0.8305555555555556 0.48125 0.8305555555555556 0.4765625 0.8277777777777777 0.4765625 0.7861111111111111 0.475 0.7833333333333333 0.4765625 0.7722222222222223
0 0.7453125 0.7777777777777778 0.765625 0.7777777777777778 0.7796875 0.7861111111111111 0.796875 0.7888888888888889 0.8203125 0.8 0.8421875 0.8055555555555556 0.84375 0.8083333333333333 0.8515625 0.8083333333333333 0.853125 0.8111111111111111 0.8703125 0.8138888888888889 0.8859375 0.8222222222222222 0.89375 0.8222222222222222 0.928125 0.8388888888888889 0.9421875 0.8388888888888889 0.953125 0.8444444444444444 0.9546875 0.8472222222222222 0.9265625 0.8472222222222222 0.925 0.8444444444444444 0.9171875 0.8444444444444444 0.896875 0.8333333333333334 0.88125 0.8305555555555556 0.86875 0.8222222222222222 0.84375 0.8166666666666667 0.825 0.8083333333333333 0.8140625 0.8083333333333333 0.80625 0.8027777777777778 0.8 0.8027777777777778 0.79375 0.7972222222222223 0.778125 0.7944444444444444 0.746875 0.7805555555555556
0 0.290625 0.7777777777777778 0.2921875 0.7805555555555556 0.290625 0.7833333333333333 0.2828125 0.7861111111111111 0.275 0.7944444444444444 0.228125 0.8166666666666667 0.2125 0.8166666666666667 0.209375 0.8138888888888889 0.2140625 0.8083333333333333 0.2296875 0.8027777777777778 0.2390625 0.7944444444444444 0.2515625 0.7916666666666666 0.25625 0.7861111111111111 0.2609375 0.7861111111111111 0.2671875 0.7805555555555556 0.2890625 0.7777777777777778
0 0 0.8583333333333333 0.0046875 0.8611111111111112 0.0375 0.8611111111111112 0.0390625 0.8638888888888889 0.0453125 0.8611111111111112 0.0828125 0.8638888888888889 0.084375 0.8666666666666667 0.0875 0.8638888888888889 0.0890625 0.8666666666666667 0.1046875 0.8666666666666667 0.109375 0.8694444444444445 0.109375 0.8722222222222222 0.090625 0.8805555555555555 0.0796875 0.8805555555555555 0.078125 0.8833333333333333 0.0734375 0.8805555555555555 0.0421875 0.8805555555555555 0.0296875 0.8861111111111111 0.025 0.8805555555555555 0.01875 0.8805555555555555 0.0171875 0.8777777777777778 0.0046875 0.8777777777777778 0 0.8833333333333333 0 0.8611111111111112
0 0.278125 0.8083333333333333 0.3109375 0.7805555555555556 0.3171875 0.7805555555555556 0.325 0.775 0.3421875 0.775 0.3375 0.7833333333333333 0.303125 0.8111111111111111 0.2796875 0.8111111111111111
0 0.4375 0.7694444444444445 0.440625 0.7722222222222223 0.440625 0.7805555555555556 0.4359375 0.7972222222222223 0.4359375 0.8055555555555556 0.428125 0.8305555555555556 0.4 0.8305555555555556 0.4 0.8222222222222222 0.421875 0.775 0.4359375 0.7694444444444445
0 0.1234375 0.8222222222222222 0.1359375 0.8194444444444444 0.146875 0.8111111111111111 0.159375 0.8083333333333333 0.171875 0.8 0.1796875 0.8 0.18125 0.7972222222222223 0.203125 0.7916666666666666 0.2046875 0.7888888888888889 0.23125 0.7861111111111111 0.2296875 0.7916666666666666 0.2203125 0.7972222222222223 0.2140625 0.7972222222222223 0.1921875 0.8083333333333333 0.184375 0.8083333333333333 0.16875 0.8166666666666667 0.1625 0.8166666666666667 0.1515625 0.825 0.1234375 0.825
0 0.6328125 0.775 0.65 0.775 0.6890625 0.7972222222222223 0.69375 0.7972222222222223 0.71875 0.8138888888888889 0.7640625 0.8333333333333334 0.7640625 0.8361111111111111 0.7578125 0.8388888888888889 0.728125 0.8361111111111111 0.71875 0.8277777777777777 0.7015625 0.8222222222222222 0.671875 0.8 0.6671875 0.8 0.6578125 0.7916666666666666 0.6484375 0.7888888888888889 0.6328125 0.7777777777777778
0 0 0.8944444444444445 0.040625 0.8972222222222223 0.0375 0.9027777777777778 0.0125 0.9138888888888889 0.00625 0.9138888888888889 0.0046875 0.9166666666666666 0 0.9166666666666666 0 0.8972222222222223
0 0.54375 0.7666666666666667 0.5515625 0.7722222222222223 0.5546875 0.7777777777777778 0.5640625 0.7777777777777778 0.5671875 0.7722222222222223 0.5765625 0.7722222222222223 0.578125 0.7694444444444445 0.5984375 0.7694444444444445 0.609375 0.7777777777777778 0.628125 0.7777777777777778 0.640625 0.7722222222222223 0.665625 0.7833333333333333 0.671875 0.7833333333333333 0.6765625 0.7777777777777778 0.68125 0.7805555555555556 0.6875 0.775 0.7078125 0.775 0.71875 0.7805555555555556 0.728125 0.7805555555555556 0.7390625 0.775 0.7578125 0.775 0.7703125 0.7805555555555556 0.7734375 0.7777777777777778 0.790625 0.7805555555555556 0.7921875 0.7833333333333333 0.7984375 0.7833333333333333 0.803125 0.7888888888888889 0.8078125 0.7861111111111111 0.853125 0.7888888888888889 0.8546875 0.7916666666666666 0.871875 0.7944444444444444 0.8859375 0.8027777777777778 0.9078125 0.8055555555555556 0.9375 0.8194444444444444 0.9578125 0.8222222222222222 0.9703125 0.8305555555555556 0.9984375 0.8361111111111111 0.9984375 0.8444444444444444 0.9953125 0.8472222222222222 0.9921875 0.8444444444444444 0.9828125 0.8444444444444444 0.98125 0.8416666666666667 0.9703125 0.8416666666666667 0.96875 0.8388888888888889 0.9578125 0.8388888888888889 0.9546875 0.8444444444444444 0.9578125 0.8472222222222222 0.9265625 0.8472222222222222 0.925 0.8444444444444444 0.915625 0.8444444444444444 0.9015625 0.8361111111111111 0.89375 0.8361111111111111 0.8859375 0.8305555555555556 0.86875 0.8277777777777777 0.859375 0.8222222222222222 0.8546875 0.8277777777777777 0.8578125 0.8361111111111111 0.8546875 0.8388888888888889 0.8484375 0.8416666666666667 0.8234375 0.8416666666666667 0.821875 0.8388888888888889 0.8046875 0.8361111111111111 0.8015625 0.8305555555555556 0.7921875 0.825 0.7609375 0.8194444444444444 0.7578125 0.8138888888888889 0.7515625 0.8194444444444444 0.75625 0.8222222222222222 0.7546875 0.825 0.75625 0.8277777777777777 0.7609375 0.8277777777777777 0.7640625 0.8333333333333334 0.7671875 0.8333333333333334 0.765625 0.8361111111111111 0.759375 0.8388888888888889 0.734375 0.8388888888888889 0.7328125 0.8361111111111111 0.7203125 0.8333333333333334 0.70625 0.8222222222222222 0.6984375 0.8222222222222222 0.6921875 0.8166666666666667 0.6859375 0.8166666666666667 0.678125 0.8083333333333333 0.675 0.8083333333333333 0.6734375 0.8166666666666667 0.678125 0.825 0.68125 0.825 0.6828125 0.8333333333333334 0.6765625 0.8333333333333334 0.675 0.8361111111111111 0.653125 0.8361111111111111 0.634375 0.8277777777777777 0.6171875 0.8111111111111111 0.6109375 0.8083333333333333 0.5875 0.7833333333333333 0.5828125 0.7833333333333333 0.575 0.7916666666666666 0.578125 0.8 0.58125 0.8 0.5796875 0.8083333333333333 0.584375 0.8166666666666667 0.5921875 0.8166666666666667 0.59375 0.8194444444444444 0.590625 0.8222222222222222 0.5921875 0.825 0.590625 0.8305555555555556 0.559375 0.8305555555555556 0.546875 0.8138888888888889 0.540625 0.8 0.5359375 0.7972222222222223 0.53125 0.7861111111111111 0.521875 0.7861111111111111 0.5203125 0.7888888888888889 0.521875 0.7916666666666666 0.51875 0.7916666666666666 0.5171875 0.7861111111111111 0.5125 0.7861111111111111 0.509375 0.7916666666666666 0.503125 0.7944444444444444 0.50625 0.8027777777777778 0.50625 0.8111111111111111 0.509375 0.8166666666666667 0.509375 0.8305555555555556 0.478125 0.8305555555555556 0.475 0.8277777777777777 0.475 0.7694444444444445 0.4953125 0.7694444444444445 0.5015625 0.775 0.515625 0.775 0.528125 0.7666666666666667 0.5421875 0.7666666666666667
0 0.590625 0.7694444444444445 0.6171875 0.7833333333333333 0.64375 0.8083333333333333 0.659375 0.8166666666666667 0.678125 0.8333333333333334 0.6453125 0.8333333333333334 0.640625 0.8305555555555556 0.5828125 0.7777777777777778 0.5796875 0.7722222222222223 0.58125 0.7694444444444445 0.5890625 0.7694444444444445
0 0.8421875 0.7861111111111111 0.84375 0.7888888888888889 0.8546875 0.7888888888888889 0.85625 0.7916666666666666 0.8703125 0.7944444444444444 0.8765625 0.8 0.90625 0.8055555555555556 0.9203125 0.8138888888888889 0.9375 0.8166666666666667 0.9609375 0.8277777777777777 0.9953125 0.8361111111111111 0.9984375 0.8388888888888889 0.9984375 0.8472222222222222 0.9765625 0.8416666666666667 0.975 0.8388888888888889 0.9453125 0.8333333333333334 0.94375 0.8305555555555556 0.934375 0.8305555555555556 0.9171875 0.8222222222222222 0.884375 0.8138888888888889 0.8703125 0.8055555555555556 0.846875 0.8 0.825 0.7888888888888889 0.8265625 0.7861111111111111 0.840625 0.7861111111111111
0 0.5265625 0.7694444444444445 0.5453125 0.7694444444444445 0.5484375 0.7722222222222223 0.571875 0.8 0.590625 0.8277777777777777 0.590625 0.8305555555555556 0.5625 0.8305555555555556 0.55625 0.825 0.5265625 0.7722222222222223
0 0 0.8583333333333333 0.0015625 0.8611111111111112 0.0359375 0.8611111111111112 0.0375 0.8638888888888889 0.053125 0.8611111111111112 0.0546875 0.8638888888888889 0.0765625 0.8638888888888889 0.078125 0.8666666666666667 0.1 0.8666666666666667 0.1015625 0.8694444444444445 0.1046875 0.8666666666666667 0.109375 0.8694444444444445 0.109375 0.8722222222222222 0.096875 0.875 0.0890625 0.8805555555555555 0.0515625 0.8805555555555555 0.05 0.8777777777777778 0 0.875 0 0.8611111111111112
0 0 0.8361111111111111 0.00625 0.8388888888888889 0.0546875 0.8416666666666667 0.05625 0.8444444444444444 0.0578125 0.8416666666666667 0.0640625 0.8416666666666667 0.065625 0.8444444444444444 0.08125 0.8444444444444444 0.0828125 0.8416666666666667 0.0953125 0.8416666666666667 0.096875 0.8444444444444444 0.146875 0.8444444444444444 0.146875 0.85 0.140625 0.8527777777777777 0.1 0.8527777777777777 0.0984375 0.85 0.096875 0.8527777777777777 0.046875 0.8527777777777777 0.0453125 0.85 0.04375 0.8527777777777777 0.0359375 0.8527777777777777 0.034375 0.85 0.025 0.85 0.021875 0.8555555555555555 0.025 0.8611111111111112 0.0921875 0.8638888888888889 0.09375 0.8666666666666667 0.1078125 0.8666666666666667 0.109375 0.8722222222222222 0.0921875 0.8805555555555555 0.0828125 0.8805555555555555 0.08125 0.8833333333333333 0.059375 0.8833333333333333 0.0578125 0.8805555555555555 0.0484375 0.8833333333333333 0.0453125 0.8805555555555555 0.0359375 0.8888888888888888 0.0390625 0.8944444444444445 0.0421875 0.8944444444444445 0.0421875 0.9 0.0390625 0.9027777777777778 0.0078125 0.9166666666666666 0 0.9166666666666666 0 0.8555555555555555 0.0015625 0.8583333333333333 0.015625 0.8583333333333333 0.0171875 0.8555555555555555 0.015625 0.8527777777777777 0 0.85 0 0.8388888888888889
0 0.6890625 0.775 0.7078125 0.775 0.715625 0.7805555555555556 0.721875 0.7805555555555556 0.7359375 0.7888888888888889 0.7421875 0.7888888888888889 0.7484375 0.7944444444444444 0.76875 0.8 0.775 0.8055555555555556 0.84375 0.8333333333333334 0.85 0.8388888888888889 0.846875 0.8416666666666667 0.821875 0.8388888888888889 0.8140625 0.8333333333333334 0.8 0.8305555555555556 0.7953125 0.825 0.778125 0.8194444444444444 0.7671875 0.8111111111111111 0.7515625 0.8083333333333333 0.728125 0.7944444444444444 0.721875 0.7944444444444444 0.6890625 0.7777777777777778