0 0.634375 0.85 0.6421875 0.85 0.6515625 0.8583333333333333 0.66875 0.8777777777777778 0.68125 0.8972222222222223 0.68125 0.9 0.6734375 0.9 0.6609375 0.8916666666666667 0.634375 0.8527777777777777
0 0.5671875 0.7583333333333333 0.5703125 0.7611111111111111 0.5703125 0.7666666666666667 0.5640625 0.7666666666666667 0.5609375 0.7583333333333333 0.5625 0.7555555555555555 0.565625 0.7583333333333333
0 0.678125 0.7444444444444445 0.6796875 0.7472222222222222 0.6921875 0.7472222222222222 0.7015625 0.7527777777777778 0.709375 0.7527777777777778 0.7265625 0.7611111111111111 0.7515625 0.7638888888888888 0.75625 0.7722222222222223 0.7609375 0.7722222222222223 0.771875 0.7805555555555556 0.7796875 0.7805555555555556 0.7890625 0.7888888888888889 0.7953125 0.7888888888888889 0.834375 0.8083333333333333 0.840625 0.8083333333333333 0.853125 0.8166666666666667 0.8765625 0.825 0.8828125 0.8305555555555556 0.8890625 0.8305555555555556 0.9078125 0.8416666666666667 0.9140625 0.8416666666666667 0.9390625 0.8555555555555555 0.9453125 0.8555555555555555 0.9703125 0.8666666666666667 0.9765625 0.8722222222222222 0.9828125 0.8722222222222222 0.9890625 0.8777777777777778 0.9984375 0.8805555555555555 0.9984375 0.8888888888888888 0.9859375 0.8861111111111111 0.9484375 0.8694444444444445 0.9421875 0.8638888888888889 0.9234375 0.8583333333333333 0.9171875 0.8527777777777777 0.88125 0.8388888888888889 0.875 0.8333333333333334 0.86875 0.8333333333333334 0.8625 0.8277777777777777 0.85625 0.8277777777777777 0.8453125 0.8194444444444444 0.8390625 0.8194444444444444 0.8203125 0.8083333333333333 0.80625 0.8055555555555556 0.78125 0.7916666666666666 0.775 0.7916666666666666 0.75625 0.7833333333333333 0.75 0.7777777777777778 0.7359375 0.775 0.6796875 0.75 0.671875 0.75 0.6703125 0.7472222222222222 0.6765625 0.7444444444444445
0 0.434375 0.7222222222222222 0.4359375 0.725 0.4265625 0.7361111111111112 0.4203125 0.7361111111111112 0.428125 0.725 0.4328125 0.7222222222222222
0 0.6421875 0.85 0.66875 0.8777777777777778 0.68125 0.8972222222222223 0.6796875 0.9 0.6671875 0.8972222222222223 0.6609375 0.8916666666666667 0.634375 0.8527777777777777 0.640625 0.85
0 0.584375 0.7861111111111111 0.590625 0.7861111111111111 0.6046875 0.8027777777777778 0.6015625 0.8083333333333333 0.596875 0.8055555555555556 0.584375 0.7888888888888889
0 0.271875 0.9055555555555556 0.2640625 0.9194444444444444 0.2390625 0.9444444444444444 0.2203125 0.9694444444444444 0.19375 0.9972222222222222 0.1765625 0.9972222222222222 0.178125 0.9944444444444445 0.21875 0.9527777777777777 0.246875 0.9194444444444444 0.25625 0.9111111111111111 0.2703125 0.9055555555555556
0 0.540625 0.7361111111111112 0.5421875 0.7333333333333333 0.5484375 0.7361111111111112 0.5515625 0.7444444444444445 0.5453125 0.7444444444444445 0.5421875 0.7388888888888889
0 0.403125 0.7527777777777778 0.4046875 0.7583333333333333 0.4015625 0.7638888888888888 0.3828125 0.7861111111111111 0.375 0.7916666666666666 0.371875 0.7972222222222223 0.365625 0.7944444444444444 0.39375 0.7611111111111111 0.4015625 0.7555555555555555
0 0.66875 0.7472222222222222 0.6703125 0.7444444444444445 0.6953125 0.7472222222222222 0.7046875 0.7527777777777778 0.7140625 0.7527777777777778 0.721875 0.7583333333333333 0.7453125 0.7611111111111111 0.746875 0.7638888888888888 0.75625 0.7638888888888888 0.765625 0.7694444444444445 0.775 0.7694444444444445 0.7828125 0.775 0.7890625 0.775 0.7921875 0.7777777777777778 0.7890625 0.7777777777777778 0.7875 0.7833333333333333 0.796875 0.7916666666666666 0.809375 0.7944444444444444 0.815625 0.8 0.828125 0.8027777777777778 0.8359375 0.8083333333333333 0.8421875 0.8083333333333333 0.853125 0.8166666666666667 0.871875 0.8222222222222222 0.878125 0.8277777777777777 0.896875 0.8333333333333334 0.909375 0.8416666666666667 0.946875 0.8583333333333333 0.953125 0.8583333333333333 0.9984375 0.8805555555555555 0.9984375 0.8888888888888888 0.978125 0.8833333333333333 0.971875 0.8777777777777778 0.953125 0.8722222222222222 0.946875 0.8666666666666667 0.9109375 0.8527777777777777 0.9046875 0.8472222222222222 0.8859375 0.8416666666666667 0.8796875 0.8361111111111111 0.85625 0.8277777777777777 0.8375 0.8166666666666667 0.83125 0.8166666666666667 0.8125 0.8055555555555556 0.7984375 0.8027777777777778 0.7921875 0.7972222222222223 0.7421875 0.775 0.734375 0.775 0.728125 0.7694444444444445 0.721875 0.7694444444444445 0.7078125 0.7611111111111111 0.69375 0.7583333333333333 0.678125 0.75 0.6703125 0.75
0 0.584375 0.7861111111111111 0.590625 0.7861111111111111 0.6046875 0.8 0.6046875 0.8055555555555556 0.6 0.8083333333333333 0.5953125 0.8055555555555556 0.584375 0.7888888888888889