0 0.4828125 0.7361111111111112 0.5 0.7361111111111112 0.5125 0.7777777777777778 0.5125 0.7805555555555556 0.5078125 0.7833333333333333 0.5046875 0.7805555555555556 0.4890625 0.7805555555555556 0.4828125 0.7388888888888889
0 0.3171875 0.7333333333333333 0.3171875 0.7361111111111112 0.275 0.7777777777777778 0.2515625 0.7777777777777778 0.253125 0.7722222222222223 0.29375 0.7361111111111112 0.2984375 0.7333333333333333 0.315625 0.7333333333333333
0 0.4453125 0.7333333333333333 0.446875 0.7361111111111112 0.4546875 0.7361111111111112 0.453125 0.775 0.45 0.7805555555555556 0.43125 0.7805555555555556 0.428125 0.7777777777777778 0.428125 0.7694444444444445 0.4375 0.7361111111111112 0.44375 0.7333333333333333
0 0.3625 0.7361111111111112 0.3640625 0.7361111111111112 0.3625 0.7416666666666667 0.3453125 0.7638888888888888 0.3359375 0.775 0.3265625 0.7805555555555556 0.3109375 0.7805555555555556 0.309375 0.775 0.346875 0.7361111111111112 0.3609375 0.7361111111111112
0 0.20625 0.8 0.2078125 0.8027777777777778 0.228125 0.8027777777777778 0.2296875 0.8 0.23125 0.8027777777777778 0.253125 0.8027777777777778 0.2546875 0.8055555555555556 0.284375 0.8055555555555556 0.2859375 0.8027777777777778 0.3078125 0.8027777777777778 0.309375 0.8055555555555556 0.3171875 0.8055555555555556 0.31875 0.8027777777777778 0.4921875 0.8027777777777778 0.49375 0.8055555555555556 0.5578125 0.8083333333333333 0.559375 0.8111111111111111 0.6046875 0.8138888888888889 0.60625 0.8166666666666667 0.615625 0.8166666666666667 0.628125 0.8222222222222222 0.640625 0.8222222222222222 0.653125 0.8333333333333334 0.6734375 0.8361111111111111 0.675 0.8388888888888889 0.6734375 0.8444444444444444 0.6578125 0.8444444444444444 0.65625 0.8416666666666667 0.640625 0.8388888888888889 0.634375 0.8333333333333334 0.6140625 0.8333333333333334 0.6125 0.8305555555555556 0.5859375 0.8305555555555556 0.584375 0.8277777777777777 0.5296875 0.825 0.528125 0.8222222222222222 0.49375 0.8222222222222222 0.4921875 0.8194444444444444 0.44375 0.8194444444444444 0.4421875 0.8166666666666667 0.4390625 0.8194444444444444 0.428125 0.8194444444444444 0.4265625 0.8166666666666667 0.4171875 0.8166666666666667 0.415625 0.8194444444444444 0.409375 0.8166666666666667 0.3984375 0.8166666666666667 0.396875 0.8194444444444444 0.3953125 0.8166666666666667 0.3296875 0.8166666666666667 0.328125 0.8194444444444444 0.284375 0.8194444444444444 0.2828125 0.8166666666666667 0.2796875 0.8194444444444444 0.2703125 0.8194444444444444 0.2671875 0.8166666666666667 0.265625 0.8194444444444444 0.246875 0.8194444444444444 0.2453125 0.8166666666666667 0.2390625 0.8166666666666667 0.2375 0.8194444444444444 0.2359375 0.8166666666666667 0.2 0.8166666666666667 0.1984375 0.8138888888888889 0.1859375 0.8166666666666667 0.184375 0.8138888888888889 0.1484375 0.8138888888888889 0.146875 0.8111111111111111 0.1359375 0.8111111111111111 0.134375 0.8138888888888889 0.06875 0.8111111111111111 0.065625 0.8055555555555556 0.0734375 0.8 0.16875 0.8 0.1703125 0.7972222222222223 0.1734375 0.8 0.2046875 0.8
0 0.4078125 0.7361111111111112 0.409375 0.7388888888888889 0.40625 0.75 0.3953125 0.775 0.390625 0.7805555555555556 0.371875 0.7805555555555556 0.36875 0.7777777777777778 0.3703125 0.7722222222222223 0.390625 0.7388888888888889 0.40625 0.7361111111111112
0 0.1609375 0.6444444444444445 0.1625 0.6472222222222223 0.2125 0.6527777777777778 0.2109375 0.6583333333333333 0.1859375 0.6694444444444444 0.1796875 0.675 0.16875 0.6777777777777778 0.1578125 0.6861111111111111 0.146875 0.6888888888888889 0.1359375 0.7 0.1171875 0.7083333333333334 0.0515625 0.7083333333333334 0.05 0.7111111111111111 0.04375 0.7083333333333334 0.025 0.7111111111111111 0.0109375 0.7 0.009375 0.6944444444444444 0.0109375 0.6833333333333333 0.015625 0.6833333333333333 0.028125 0.6722222222222223 0.0359375 0.6722222222222223 0.0421875 0.6666666666666666 0.0484375 0.6666666666666666 0.05625 0.6611111111111111 0.065625 0.6611111111111111 0.0796875 0.6527777777777778 0.1296875 0.65 0.13125 0.6472222222222223 0.1375 0.6527777777777778 0.153125 0.6527777777777778 0.159375 0.6444444444444445
0 0.1359375 0.7722222222222223 0.14375 0.7638888888888888 0.1578125 0.7555555555555555 0.1625 0.7555555555555555 0.178125 0.7444444444444445 0.1828125 0.7444444444444445 0.1875 0.7388888888888889 0.2125 0.7277777777777777 0.2265625 0.7277777777777777 0.228125 0.7305555555555555 0.2 0.7472222222222222 0.1953125 0.7527777777777778 0.175 0.7611111111111111 0.1546875 0.775 0.1390625 0.775 0.1375 0.7722222222222223
0 0.56875 0.8472222222222222 0.5703125 0.85 0.5875 0.8472222222222222 0.5890625 0.85 0.615625 0.85 0.6171875 0.8527777777777777 0.659375 0.8527777777777777 0.6609375 0.8555555555555555 0.7015625 0.8638888888888889 0.7 0.8666666666666667 0.684375 0.8666666666666667 0.6828125 0.8638888888888889 0.6578125 0.8638888888888889 0.65625 0.8611111111111112 0.6265625 0.8611111111111112 0.625 0.8583333333333333 0.61875 0.8611111111111112 0.6171875 0.8583333333333333 0.6 0.8583333333333333 0.5984375 0.8555555555555555 0.596875 0.8583333333333333 0.5734375 0.8555555555555555 0.571875 0.8583333333333333 0.5734375 0.8694444444444445 0.58125 0.8833333333333333 0.5921875 0.9083333333333333 0.596875 0.925 0.6140625 0.9611111111111111 0.6234375 0.9861111111111112 0.625 0.9916666666666667 0.6234375 0.9944444444444445 0.6 0.9916666666666667 0.596875 0.9888888888888889 0.5765625 0.925 0.5578125 0.8833333333333333 0.5484375 0.8527777777777777 0.55 0.8472222222222222 0.5671875 0.8472222222222222
0 0.275 0.7305555555555555 0.275 0.7333333333333333 0.26875 0.7388888888888889 0.234375 0.7611111111111111 0.2203125 0.775 0.19375 0.775 0.196875 0.7694444444444445 0.225 0.7527777777777778 0.2296875 0.7472222222222222 0.234375 0.7472222222222222 0.25 0.7333333333333333 0.2734375 0.7305555555555555
0 0.578125 0.7472222222222222 0.5921875 0.7472222222222222 0.596875 0.7527777777777778 0.6046875 0.7555555555555555 0.625 0.7861111111111111 0.6296875 0.7888888888888889 0.6328125 0.7944444444444444 0.6328125 0.8 0.6109375 0.7944444444444444 0.5953125 0.775 0.5796875 0.75
0 0 0.8722222222222222 0.071875 0.875 0.065625 0.8833333333333333 0.025 0.9083333333333333 0 0.9055555555555556 0 0.875
0 0.2296875 0.7277777777777777 0.2359375 0.7388888888888889 0.24375 0.7305555555555555 0.246875 0.7333333333333333 0.2484375 0.7305555555555555 0.2609375 0.7305555555555555 0.2625 0.7277777777777777 0.2765625 0.7277777777777777 0.278125 0.7333333333333333 0.275 0.7388888888888889 0.278125 0.7444444444444445 0.28125 0.7361111111111112 0.2875 0.7361111111111112 0.2890625 0.7388888888888889 0.303125 0.7305555555555555 0.3234375 0.7333333333333333 0.325 0.7361111111111112 0.3203125 0.7444444444444445 0.3078125 0.7472222222222222 0.2859375 0.7722222222222223 0.2875 0.775 0.3 0.775 0.3 0.7777777777777778 0.2875 0.7777777777777778 0.2859375 0.775 0.2796875 0.775 0.278125 0.7777777777777778 0.2515625 0.7777777777777778 0.253125 0.7666666666666667 0.246875 0.7583333333333333 0.240625 0.7611111111111111 0.23125 0.7722222222222223 0.2125 0.775 0.2109375 0.7777777777777778 0.1984375 0.7777777777777778 0.1921875 0.7722222222222223 0.19375 0.7666666666666667 0.1921875 0.7611111111111111 0.20625 0.7611111111111111 0.2140625 0.7555555555555555 0.215625 0.75 0.209375 0.7444444444444445 0.2015625 0.7527777777777778 0.184375 0.7583333333333333 0.1703125 0.7694444444444445 0.1640625 0.7694444444444445 0.15625 0.775 0.1359375 0.775 0.134375 0.7722222222222223 0.1421875 0.7638888888888888 0.1609375 0.7555555555555555 0.165625 0.75 0.1765625 0.7472222222222222 0.1921875 0.7361111111111112 0.2109375 0.7277777777777777 0.228125 0.7277777777777777
0 0.5296875 0.7388888888888889 0.5453125 0.7388888888888889 0.5703125 0.7805555555555556 0.5703125 0.7861111111111111 0.55 0.7861111111111111 0.5375 0.7638888888888888 0.5296875 0.7416666666666667
0 0.346875 0.8222222222222222 0.3484375 0.8277777777777777 0.334375 0.8583333333333333 0.31875 0.8805555555555555 0.3125 0.9083333333333333 0.3046875 0.9194444444444444 0.296875 0.9416666666666667 0.2859375 0.9583333333333334 0.26875 0.9972222222222222 0.2546875 0.9972222222222222 0.2546875 0.9944444444444445 0.2671875 0.9722222222222222 0.2703125 0.9611111111111111 0.2921875 0.9222222222222223 0.3125 0.8777777777777778 0.3453125 0.8222222222222222