0 0.503125 0.7111111111111111 0.50625 0.7111111111111111 0.5109375 0.7194444444444444 0.5109375 0.7277777777777777 0.5078125 0.7277777777777777 0.503125 0.7138888888888889
0 0.6984375 0.6888888888888889 0.70625 0.6888888888888889 0.7234375 0.6972222222222222 0.734375 0.6972222222222222 0.7421875 0.7027777777777777 0.75625 0.7055555555555556 0.7625 0.7111111111111111 0.7734375 0.7111111111111111 0.790625 0.7194444444444444 0.7890625 0.7277777777777777 0.784375 0.7277777777777777 0.7828125 0.725 0.7765625 0.725 0.76875 0.7194444444444444 0.7625 0.7194444444444444 0.7375 0.7083333333333334 0.715625 0.7055555555555556 0.709375 0.7 0.703125 0.7 0.6984375 0.6916666666666667
0 0.490625 0.6638888888888889 0.49375 0.6694444444444444 0.49375 0.6805555555555556 0.4890625 0.6777777777777778 0.4890625 0.6666666666666666
0 0.8234375 0.8861111111111111 0.825 0.8833333333333333 0.8375 0.8861111111111111 0.884375 0.925 0.8859375 0.9305555555555556 0.8703125 0.9277777777777778 0.85 0.9083333333333333 0.83125 0.8972222222222223 0.825 0.8888888888888888
0 0.5296875 0.7722222222222223 0.5328125 0.7722222222222223 0.5375 0.7777777777777778 0.5484375 0.8027777777777778 0.5484375 0.8111111111111111 0.54375 0.8111111111111111 0.534375 0.7916666666666666 0.5296875 0.775
0 0.371875 0.6611111111111111 0.3703125 0.6666666666666666 0.3640625 0.6666666666666666 0.35 0.675 0.3390625 0.6861111111111111 0.33125 0.6888888888888889 0.3265625 0.6944444444444444 0.3234375 0.6944444444444444 0.271875 0.7333333333333333 0.2421875 0.75 0.2375 0.7555555555555555 0.2328125 0.7555555555555555 0.228125 0.7611111111111111 0.21875 0.7638888888888888 0.2046875 0.775 0.2 0.775 0.1046875 0.8333333333333334 0.1 0.8333333333333334 0.0953125 0.8388888888888889 0.021875 0.8805555555555555 0.003125 0.8944444444444445 0 0.8944444444444445 0 0.8805555555555555 0.0015625 0.8777777777777778 0.0203125 0.8694444444444445 0.1453125 0.7944444444444444 0.15 0.7944444444444444 0.1640625 0.7833333333333333 0.175 0.7805555555555556 0.2 0.7638888888888888 0.2203125 0.7555555555555555 0.2390625 0.7444444444444445 0.24375 0.7388888888888889 0.265625 0.7277777777777777 0.290625 0.7083333333333334 0.303125 0.7027777777777777 0.3109375 0.6944444444444444 0.315625 0.6944444444444444 0.3234375 0.6861111111111111 0.3453125 0.675 0.353125 0.6666666666666666 0.3703125 0.6611111111111111
0 0.49453125 0.6805555555555556 0.0109375 0.03333333333333333
0 0.953125 0.975 0.9734375 0.9888888888888889 0.978125 0.9972222222222222 0.9640625 0.9972222222222222 0.95 0.9888888888888889 0.94375 0.9777777777777777 0.9515625 0.975
0 0.79375 0.775 0.796875 0.7722222222222223 0.8 0.775 0.809375 0.775 0.8125 0.7833333333333333 0.8125 0.7861111111111111 0.803125 0.7861111111111111 0.79375 0.7805555555555556 0.79375 0.7777777777777778
0 0.553125 0.6722222222222223 0.5625 0.6833333333333333 0.565625 0.6833333333333333 0.5765625 0.6944444444444444 0.59375 0.7055555555555556 0.625 0.7361111111111112 0.6328125 0.7388888888888889 0.6515625 0.7583333333333333 0.6609375 0.7611111111111111 0.671875 0.775 0.6875 0.7777777777777778 0.71875 0.8027777777777778 0.73125 0.8083333333333333 0.734375 0.8138888888888889 0.7375 0.8277777777777777 0.7609375 0.8305555555555556 0.78125 0.8472222222222222 0.784375 0.8472222222222222 0.79375 0.8583333333333333 0.7875 0.8694444444444445 0.784375 0.8694444444444445 0.7765625 0.8611111111111112 0.771875 0.8611111111111112 0.76875 0.8555555555555555 0.759375 0.85 0.7546875 0.8388888888888889 0.7453125 0.8388888888888889 0.734375 0.8277777777777777 0.7265625 0.825 0.7203125 0.8166666666666667 0.715625 0.8166666666666667 0.7125 0.8111111111111111 0.7078125 0.8111111111111111 0.703125 0.8055555555555556 0.6953125 0.8027777777777778 0.678125 0.7861111111111111 0.6671875 0.7861111111111111 0.6640625 0.7888888888888889 0.665625 0.7805555555555556 0.6625 0.7722222222222223 0.653125 0.7666666666666667 0.65 0.7611111111111111 0.64375 0.7611111111111111 0.6265625 0.75 0.6203125 0.7416666666666667 0.5796875 0.7055555555555556 0.5765625 0.7 0.553125 0.6833333333333333 0.55 0.6777777777777778 0.5515625 0.675
0 0.55 0.675 0.55625 0.675 0.571875 0.6916666666666667 0.596875 0.7083333333333334 0.621875 0.7333333333333333 0.6296875 0.7361111111111112 0.6390625 0.7472222222222222 0.6609375 0.7611111111111111 0.6734375 0.775 0.6890625 0.7777777777777778 0.7109375 0.7972222222222223 0.734375 0.8111111111111111 0.734375 0.8166666666666667 0.73125 0.8222222222222222 0.7265625 0.8222222222222222 0.6921875 0.8 0.678125 0.7861111111111111 0.671875 0.7861111111111111 0.6609375 0.7722222222222223 0.6296875 0.7527777777777778 0.5796875 0.7055555555555556 0.5765625 0.7 0.55625 0.6861111111111111 0.55 0.6777777777777778
0 0.68125 0.775 0.6984375 0.7861111111111111 0.7 0.7888888888888889 0.6984375 0.7916666666666666 0.6828125 0.7888888888888889 0.6734375 0.7805555555555556 0.675 0.775 0.6796875 0.775
0 0.30625 0.8472222222222222 0.35 0.7833333333333333 0.3890625 0.7194444444444444 0.39375 0.7166666666666667 0.39375 0.725 0.3203125 0.8472222222222222 0.309375 0.8611111111111112 0.29375 0.8888888888888888 0.284375 0.9 0.2375 0.9861111111111112 0.23125 0.9944444444444445 0.2140625 0.9972222222222222 0.2140625 0.9916666666666667 0.21875 0.9833333333333333 0.24375 0.9444444444444444 0.2515625 0.9361111111111111 0.271875 0.9 0.30625 0.85
0 0.7546875 0.8305555555555556 0.765625 0.8333333333333334 0.7765625 0.8444444444444444 0.7875 0.85 0.79375 0.8583333333333333 0.7859375 0.8611111111111112 0.7796875 0.8555555555555555 0.7703125 0.8527777777777777 0.759375 0.8416666666666667 0.7546875 0.8333333333333334