0 0.0328125 0.7055555555555556 0.0328125 0.7083333333333334 0.0203125 0.7111111111111111 0.01875 0.7138888888888889 0.00625 0.7138888888888889 0.0046875 0.7111111111111111 0.0078125 0.7083333333333334 0.03125 0.7055555555555556
0 0.278125 0.7666666666666667 0.2796875 0.7694444444444445 0.2875 0.7694444444444445 0.28125 0.7777777777777778 0.2640625 0.7861111111111111 0.2546875 0.7833333333333333 0.2625 0.775 0.2765625 0.7694444444444445
0 0.29375 0.7527777777777778 0.3078125 0.7444444444444445 0.3140625 0.7472222222222222 0.3125 0.7527777777777778 0.30625 0.7583333333333333 0.29375 0.7583333333333333 0.29375 0.7555555555555555
0 0.4875 0.6861111111111111 0.00625 0.011111111111111112
0 0.1234375 0.6833333333333333 0.1265625 0.6805555555555556 0.140625 0.6805555555555556 0.1390625 0.6861111111111111 0.1234375 0.6861111111111111
0 0.1203125 0.8777777777777778 0.159375 0.8472222222222222 0.178125 0.85 0.178125 0.8527777777777777 0.1625 0.8666666666666667 0.146875 0.875 0.1421875 0.8805555555555555 0.121875 0.8805555555555555
0 0 0.9555555555555556 0.0109375 0.9527777777777777 0.04375 0.9277777777777778 0.0703125 0.9277777777777778 0.071875 0.9305555555555556 0.053125 0.9472222222222222 0.034375 0.9583333333333334 0.003125 0.9833333333333333 0 0.9833333333333333 0 0.9583333333333334
0 0.075 0.6944444444444444 0.0765625 0.6972222222222222 0.075 0.7 0.0671875 0.7 0.065625 0.7027777777777777 0.0578125 0.7 0.0578125 0.6972222222222222 0.0734375 0.6944444444444444
0 0.2359375 0.8 0.2421875 0.8027777777777778 0.240625 0.8055555555555556 0.215625 0.825 0.2140625 0.8222222222222222 0.2015625 0.8222222222222222 0.203125 0.8166666666666667 0.2234375 0.8027777777777778 0.234375 0.8
0 0.2078125 0.7194444444444444 0.2203125 0.7111111111111111 0.2875 0.7111111111111111 0.2921875 0.7138888888888889 0.2875 0.7222222222222222 0.28125 0.725 0.2375 0.725 0.234375 0.7166666666666667 0.209375 0.7222222222222222
0 0.090625 0.6916666666666667 0.1078125 0.6888888888888889 0.1046875 0.6944444444444444 0.090625 0.6944444444444444
0 0.06875 0.9277777777777778 0.071875 0.9305555555555556 0.0671875 0.9361111111111111 0.0375 0.9555555555555556 0.003125 0.9833333333333333 0 0.9833333333333333 0 0.9583333333333334 0.003125 0.9555555555555556 0.0109375 0.9527777777777777 0.04375 0.9277777777777778 0.0671875 0.9277777777777778
0 0.484375 0.725 0.4859375 0.7138888888888889 0.490625 0.7138888888888889 0.490625 0.725 0.4859375 0.725
0 0.4671875 0.8166666666666667 0.46875 0.8055555555555556 0.4765625 0.7833333333333333 0.484375 0.7833333333333333 0.48125 0.8083333333333333 0.4765625 0.8194444444444444 0.4703125 0.8194444444444444 0.46875 0.8166666666666667
0 0.478125 0.6652777777777777 0.00625 0.008333333333333333
0 0.4453125 0.9611111111111111 0.4515625 0.9638888888888889 0.45 0.975 0.4453125 0.9722222222222222 0.4453125 0.9638888888888889