0 0.5 0.6611111111111111 0.00625 0.011111111111111112
0 0.1234375 0.7194444444444444 0.1015625 0.7305555555555555 0.090625 0.7305555555555555 0.096875 0.725 0.109375 0.7222222222222222 0.1109375 0.7194444444444444 0.121875 0.7194444444444444
0 0.440625 0.6680555555555555 0.00625 0.008333333333333333
0 0.4 0.9611111111111111 0.4015625 0.9638888888888889 0.4 0.975 0.39375 0.9972222222222222 0.3796875 0.9972222222222222 0.3796875 0.9916666666666667 0.3828125 0.9833333333333333 0.3828125 0.9777777777777777 0.390625 0.9611111111111111 0.3984375 0.9611111111111111
0 0.0625 0.7527777777777778 0.05625 0.7583333333333333 0.034375 0.7638888888888888 0.025 0.7694444444444445 0.0125 0.7694444444444445 0.0125 0.7666666666666667 0.0234375 0.7638888888888888 0.0296875 0.7583333333333333 0.0421875 0.7583333333333333 0.04375 0.7555555555555555 0.0609375 0.7527777777777778
0 0.2515625 0.7555555555555555 0.2484375 0.7611111111111111 0.2453125 0.7611111111111111 0.240625 0.7666666666666667 0.2359375 0.7666666666666667 0.23125 0.7722222222222223 0.21875 0.7777777777777778 0.2140625 0.7777777777777778 0.2140625 0.775 0.2203125 0.7694444444444445 0.234375 0.7638888888888888 0.2453125 0.7555555555555555 0.25 0.7555555555555555
0 0.3375 0.7583333333333333 0.35625 0.7416666666666667 0.359375 0.7444444444444445 0.34375 0.7611111111111111 0.3375 0.7611111111111111
0 0.4609375 0.7472222222222222 0.4671875 0.7277777777777777 0.471875 0.7277777777777777 0.471875 0.7333333333333333 0.465625 0.7472222222222222 0.4625 0.7472222222222222
0 0.0484375 0.875 0.0453125 0.8805555555555555 0.0140625 0.8972222222222223 0 0.9083333333333333 0 0.8972222222222223 0.0046875 0.8972222222222223 0.0390625 0.875 0.046875 0.875
0 0.359375 0.6916666666666667 0.3515625 0.7 0.35 0.6972222222222222 0.353125 0.6916666666666667 0.3578125 0.6916666666666667
0 0.18125 0.7111111111111111 0.178125 0.7166666666666667 0.165625 0.7194444444444444 0.1640625 0.7222222222222222 0.159375 0.7222222222222222 0.1625 0.7166666666666667 0.1796875 0.7111111111111111
0 0.3015625 0.7944444444444444 0.303125 0.7972222222222223 0.3 0.8027777777777778 0.2671875 0.8333333333333334 0.2625 0.8333333333333334 0.265625 0.825 0.3 0.7944444444444444
0 0.3875 0.7166666666666667 0.390625 0.7083333333333334 0.3953125 0.7055555555555556 0.4 0.7055555555555556 0.4 0.7083333333333334 0.3921875 0.7166666666666667 0.3890625 0.7166666666666667
0 0.484375 0.6944444444444444 0.484375 0.7 0.48125 0.7055555555555556 0.478125 0.7027777777777777 0.4828125 0.6944444444444444
0 0.31875 0.7166666666666667 0.3203125 0.7166666666666667 0.31875 0.7194444444444444 0.303125 0.7305555555555555 0.2984375 0.7305555555555555 0.3 0.725 0.3125 0.7166666666666667 0.3171875 0.7166666666666667
0 0.4265625 0.6805555555555556 0.4234375 0.6888888888888889 0.4203125 0.6888888888888889 0.4203125 0.6833333333333333 0.425 0.6805555555555556
0 0.4546875 0.7777777777777778 0.45625 0.7777777777777778 0.4453125 0.8111111111111111 0.4421875 0.8166666666666667 0.4375 0.8166666666666667 0.4375 0.8083333333333333 0.440625 0.7972222222222223 0.446875 0.7805555555555556 0.453125 0.775
0 0.490625 0.6722222222222223 0.4953125 0.6722222222222223 0.4921875 0.6805555555555556 0.4890625 0.6805555555555556 0.490625 0.675