0 0.2015625 0.7166666666666667 0.20625 0.7222222222222222 0.2 0.7333333333333333 0.196875 0.7333333333333333 0.190625 0.7416666666666667 0.1828125 0.7416666666666667 0.1703125 0.75 0.1421875 0.7611111111111111 0.13125 0.7694444444444445 0.121875 0.7722222222222223 0.1171875 0.7777777777777778 0.1125 0.7777777777777778 0.1078125 0.7833333333333333 0.0953125 0.7861111111111111 0.0859375 0.7944444444444444 0.071875 0.8 0.065625 0.8055555555555556 0.046875 0.8111111111111111 0.034375 0.8194444444444444 0.0125 0.825 0.0109375 0.8277777777777777 0 0.8277777777777777 0 0.8083333333333333 0.0140625 0.8055555555555556 0.0203125 0.8 0.034375 0.7972222222222223 0.0578125 0.7861111111111111 0.0671875 0.7861111111111111 0.090625 0.7722222222222223 0.1328125 0.7555555555555555 0.1453125 0.7472222222222222 0.1515625 0.7472222222222222 0.1734375 0.7333333333333333 0.1796875 0.7333333333333333 0.1859375 0.725 0.2 0.7194444444444444
0 0.65 0.8694444444444445 0.6578125 0.8722222222222222 0.6765625 0.8972222222222223 0.6953125 0.9138888888888889 0.7109375 0.9388888888888889 0.7109375 0.9472222222222222 0.7046875 0.9472222222222222 0.6984375 0.9416666666666667 0.6765625 0.9111111111111111 0.6546875 0.8888888888888888 0.65 0.8777777777777778 0.65 0.8722222222222222
0 0.690625 0.8555555555555555 0.6953125 0.8555555555555555 0.7078125 0.8638888888888889 0.7375 0.8916666666666667 0.740625 0.8916666666666667 0.753125 0.9055555555555556 0.759375 0.9083333333333333 0.765625 0.9194444444444444 0.7859375 0.9416666666666667 0.7890625 0.9416666666666667 0.7921875 0.9472222222222222 0.8171875 0.9666666666666667 0.840625 0.9916666666666667 0.840625 0.9944444444444445 0.8296875 0.9916666666666667 0.80625 0.9666666666666667 0.771875 0.9388888888888889 0.76875 0.9333333333333333 0.7078125 0.8777777777777778 0.6921875 0.8583333333333333
0 0.2984375 0.7333333333333333 0.3 0.7361111111111112 0.2984375 0.7416666666666667 0.2921875 0.7416666666666667 0.296875 0.7333333333333333
0 0.2171875 0.725 0.215625 0.7305555555555555 0.196875 0.7444444444444445 0.1890625 0.7444444444444445 0.190625 0.7388888888888889 0.2015625 0.7333333333333333 0.2078125 0.725 0.215625 0.725
0 0.2234375 0.8222222222222222 0.2234375 0.825 0.215625 0.8305555555555556 0.2078125 0.8305555555555556 0.20625 0.8277777777777777 0.209375 0.8222222222222222 0.215625 0.8194444444444444 0.221875 0.8222222222222222
0 0.1609375 0.8777777777777778 0.1609375 0.8833333333333333 0.1546875 0.8888888888888888 0.1515625 0.8888888888888888 0.0765625 0.9555555555555556 0.0671875 0.9583333333333334 0.0609375 0.9638888888888889 0.05625 0.9638888888888889 0.05625 0.9583333333333334 0.0734375 0.9388888888888889 0.0984375 0.9222222222222223 0.1078125 0.9111111111111111 0.1296875 0.8972222222222223 0.146875 0.8805555555555555 0.159375 0.8777777777777778
0 0.271875 0.7722222222222223 0.2703125 0.7805555555555556 0.2609375 0.7888888888888889 0.2578125 0.7888888888888889 0.25625 0.7833333333333333 0.265625 0.7722222222222223 0.2703125 0.7722222222222223
0 0.29375 0.7416666666666667 0.2953125 0.7444444444444445 0.290625 0.7527777777777778 0.2859375 0.7527777777777778 0.2859375 0.75 0.2921875 0.7416666666666667
0 0.3234375 0.7138888888888889 0.3265625 0.7194444444444444 0.31875 0.7305555555555555 0.3125 0.7305555555555555 0.3171875 0.7166666666666667 0.321875 0.7166666666666667
0 0.2765625 0.7638888888888888 0.28125 0.7555555555555555 0.284375 0.7611111111111111 0.278125 0.7638888888888888
0 0.040625 0.8527777777777777 0.06875 0.8333333333333334 0.0984375 0.8222222222222222 0.103125 0.8166666666666667 0.10625 0.8166666666666667 0.115625 0.8027777777777778 0.1546875 0.7944444444444444 0.153125 0.8027777777777778 0.128125 0.8138888888888889 0.103125 0.8305555555555556 0.0796875 0.8388888888888889 0.0734375 0.8444444444444444 0.06875 0.8444444444444444 0.04375 0.8583333333333333 0.040625 0.8555555555555555
0 0.9421875 0.7694444444444445 0.95 0.7666666666666667 0.9515625 0.7694444444444445 0.965625 0.7722222222222223 0.96875 0.7777777777777778 0.9546875 0.7777777777777778 0.94375 0.7722222222222223
0 0.384375 0.7805555555555556 0.3890625 0.7916666666666666 0.3859375 0.7944444444444444 0.3765625 0.7944444444444444 0.3734375 0.8 0.375 0.8027777777777778 0.3984375 0.8 0.403125 0.7944444444444444 0.4078125 0.7944444444444444 0.415625 0.8027777777777778 0.41875 0.8027777777777778 0.4203125 0.8083333333333333 0.4015625 0.8222222222222222 0.396875 0.8222222222222222 0.3921875 0.8166666666666667 0.3640625 0.8194444444444444 0.35 0.8305555555555556 0.3421875 0.8305555555555556 0.3421875 0.8277777777777777 0.35625 0.8027777777777778 0.35625 0.7972222222222223 0.3515625 0.7916666666666666 0.353125 0.7861111111111111 0.36875 0.775 0.3796875 0.775 0.3828125 0.7805555555555556
0 0.5203125 0.7138888888888889 0.525 0.7194444444444444 0.5234375 0.7222222222222222 0.5171875 0.7194444444444444 0.515625 0.7166666666666667 0.51875 0.7138888888888889
0 0.5640625 0.7611111111111111 0.578125 0.7777777777777778 0.5796875 0.7861111111111111 0.5734375 0.7861111111111111 0.5640625 0.775 0.559375 0.7666666666666667 0.5625 0.7611111111111111
0 0.5359375 0.7305555555555555 0.540625 0.7416666666666667 0.5359375 0.7416666666666667 0.53125 0.7333333333333333 0.534375 0.7305555555555555