0 0.7125 0.7111111111111111 0.728125 0.7111111111111111 0.740625 0.7166666666666667 0.7546875 0.7166666666666667 0.75625 0.7194444444444444 0.7828125 0.7222222222222222 0.784375 0.725 0.7953125 0.725 0.796875 0.7277777777777777 0.83125 0.7305555555555555 0.8328125 0.7333333333333333 0.8578125 0.7361111111111112 0.859375 0.7388888888888889 0.8703125 0.7388888888888889 0.871875 0.7416666666666667 0.9203125 0.7472222222222222 0.921875 0.75 0.9328125 0.75 0.934375 0.7527777777777778 0.9484375 0.7527777777777778 0.95 0.7555555555555555 0.9640625 0.7555555555555555 0.965625 0.7583333333333333 0.978125 0.7583333333333333 0.9796875 0.7611111111111111 0.99375 0.7611111111111111 0.9984375 0.7638888888888888 0.9984375 0.7861111111111111 0.996875 0.7861111111111111 0.9859375 0.7805555555555556 0.94375 0.775 0.9421875 0.7722222222222223 0.93125 0.7722222222222223 0.91875 0.7666666666666667 0.9078125 0.7666666666666667 0.90625 0.7638888888888888 0.8953125 0.7638888888888888 0.89375 0.7611111111111111 0.88125 0.7611111111111111 0.8796875 0.7583333333333333 0.83125 0.75 0.8296875 0.7472222222222222 0.8140625 0.7472222222222222 0.8125 0.7444444444444445 0.7921875 0.7416666666666667 0.78125 0.7361111111111112 0.7546875 0.7333333333333333 0.7359375 0.725 0.7171875 0.7222222222222222 0.7125 0.7138888888888889
0 0.475 0.7527777777777778 0.4734375 0.7388888888888889 0.4703125 0.7305555555555555 0.4765625 0.725 0.484375 0.7305555555555555 0.4796875 0.75 0.4765625 0.7527777777777778
0 0.6109375 0.7166666666666667 0.6328125 0.7222222222222222 0.6375 0.7277777777777777 0.6375 0.7305555555555555 0.6328125 0.7305555555555555 0.63125 0.7277777777777777 0.6171875 0.725 0.6109375 0.7194444444444444
0 0.53125 0.7138888888888889 0.534375 0.7194444444444444 0.534375 0.725 0.5265625 0.7194444444444444 0.5296875 0.7138888888888889
0 0.5390625 0.7277777777777777 0.5453125 0.7277777777777777 0.5546875 0.7361111111111112 0.55625 0.7416666666666667 0.5484375 0.7416666666666667 0.540625 0.7333333333333333 0.540625 0.7305555555555555
0 0.975 0.9722222222222222 0.9765625 0.975 0.98125 0.9722222222222222 0.9984375 0.975 0.9984375 0.9944444444444445 0.9921875 0.9972222222222222 0.803125 0.9972222222222222 0.8078125 0.9888888888888889 0.8234375 0.9861111111111112 0.825 0.9833333333333333 0.9203125 0.9805555555555555 0.921875 0.9777777777777777 0.9296875 0.9777777777777777 0.93125 0.9805555555555555 0.9328125 0.9777777777777777 0.9609375 0.9777777777777777 0.9734375 0.9722222222222222
0 0.79375 0.7916666666666666 0.80625 0.7916666666666666 0.8125 0.7972222222222223 0.828125 0.8 0.875 0.8222222222222222 0.88125 0.8222222222222222 0.8859375 0.8277777777777777 0.884375 0.8305555555555556 0.878125 0.8305555555555556 0.8765625 0.8277777777777777 0.8609375 0.825 0.80625 0.8 0.8 0.8 0.79375 0.7944444444444444
0 0.221875 0.725 0.2234375 0.7194444444444444 0.240625 0.7194444444444444 0.2375 0.725 0.2234375 0.725
0 0.659375 0.8555555555555555 0.66875 0.8555555555555555 0.678125 0.8611111111111112 0.7 0.8861111111111111 0.703125 0.8861111111111111 0.7265625 0.9083333333333333 0.7453125 0.9305555555555556 0.7625 0.9444444444444444 0.7703125 0.9555555555555556 0.7765625 0.9583333333333334 0.8015625 0.9861111111111112 0.8015625 0.9944444444444445 0.7828125 0.9944444444444445 0.7796875 0.9916666666666667 0.7515625 0.9583333333333334 0.7 0.9055555555555556 0.6890625 0.8888888888888888 0.6859375 0.8888888888888888 0.66875 0.8694444444444445 0.665625 0.8694444444444445 0.659375 0.8583333333333333
0 0.940625 0.8583333333333333 0.9421875 0.8527777777777777 0.946875 0.8527777777777777 0.9484375 0.8555555555555555 0.9578125 0.8555555555555555 0.959375 0.8583333333333333 0.9875 0.8666666666666667 0.99375 0.8722222222222222 0.9984375 0.8722222222222222 0.9984375 0.8861111111111111 0.984375 0.8805555555555555 0.9734375 0.8722222222222222 0.9546875 0.8666666666666667 0.9421875 0.8583333333333333
0 0.3625 0.7777777777777778 0.3640625 0.7722222222222223 0.3859375 0.75 0.390625 0.75 0.3859375 0.7611111111111111 0.36875 0.7777777777777778 0.3640625 0.7777777777777778
0 0.340625 0.7194444444444444 0.35 0.7194444444444444 0.35625 0.725 0.3546875 0.7305555555555555 0.346875 0.7305555555555555 0.340625 0.7222222222222222
0 0.4203125 0.7222222222222222 0.4140625 0.7333333333333333 0.4078125 0.7333333333333333 0.4078125 0.7305555555555555 0.4140625 0.7222222222222222 0.41875 0.7222222222222222
0 0.65625 0.7361111111111112 0.665625 0.7361111111111112 0.6671875 0.7388888888888889 0.68125 0.7416666666666667 0.69375 0.75 0.69375 0.7527777777777778 0.684375 0.7527777777777778 0.6828125 0.75 0.6640625 0.7444444444444445 0.6578125 0.7388888888888889
0 0.2515625 0.7333333333333333 0.253125 0.7361111111111112 0.2484375 0.7388888888888889 0.2421875 0.7388888888888889 0.2171875 0.75 0.2125 0.75 0.2109375 0.7472222222222222 0.2125 0.7444444444444445 0.23125 0.7388888888888889 0.2328125 0.7361111111111112 0.25 0.7333333333333333
0 0.065625 0.7916666666666666 0.1078125 0.7777777777777778 0.109375 0.775 0.14375 0.7666666666666667 0.153125 0.7611111111111111 0.165625 0.7611111111111111 0.1671875 0.7583333333333333 0.1734375 0.7611111111111111 0.1640625 0.7666666666666667 0.134375 0.775 0.1328125 0.7777777777777778 0.125 0.7777777777777778 0.1171875 0.7833333333333333 0.084375 0.7916666666666666 0.0828125 0.7944444444444444 0.065625 0.7944444444444444
0 0.571875 0.7638888888888888 0.575 0.7611111111111111 0.58125 0.7638888888888888 0.5890625 0.775 0.6046875 0.7888888888888889 0.603125 0.7944444444444444 0.5953125 0.7916666666666666 0.5734375 0.7666666666666667
0 0.7109375 0.7583333333333333 0.721875 0.7583333333333333 0.759375 0.775 0.759375 0.7777777777777778 0.746875 0.7777777777777778 0.7109375 0.7611111111111111
0 0.3125 0.8305555555555556 0.3140625 0.8333333333333334 0.3109375 0.8388888888888889 0.2890625 0.8611111111111112 0.259375 0.8972222222222223 0.2515625 0.9027777777777778 0.23125 0.9277777777777778 0.2171875 0.9361111111111111 0.20625 0.9333333333333333 0.2046875 0.9305555555555556 0.20625 0.9277777777777778 0.234375 0.9027777777777778 0.2609375 0.8722222222222222 0.2671875 0.8694444444444445 0.2921875 0.8416666666666667 0.3015625 0.8333333333333334 0.3109375 0.8305555555555556