0 0.5796875 0.6777777777777778 0.5859375 0.6777777777777778 0.5921875 0.6833333333333333 0.5921875 0.6861111111111111 0.5875 0.6861111111111111 0.58125 0.6805555555555556
0 0.7 0.7694444444444445 0.7078125 0.7694444444444445 0.715625 0.7777777777777778 0.7421875 0.7944444444444444 0.753125 0.8055555555555556 0.75 0.8083333333333333 0.740625 0.8027777777777778 0.7 0.7722222222222223
0 0.5296875 0.6638888888888889 0.5328125 0.6611111111111111 0.54375 0.6638888888888889 0.5421875 0.6722222222222223 0.5390625 0.6722222222222223 0.53125 0.6638888888888889
0 0.3796875 0.6555555555555556 0.3828125 0.6527777777777778 0.39375 0.6527777777777778 0.3953125 0.6555555555555556 0.3828125 0.6638888888888889 0.3796875 0.6638888888888889 0.3796875 0.6583333333333333
0 0.41875 0.6777777777777778 0.4203125 0.6694444444444444 0.425 0.6694444444444444 0.4203125 0.6777777777777778
0 0.61640625 0.6722222222222223 0.0171875 0.016666666666666666
0 0.5125 0.7 0.5171875 0.7 0.521875 0.7111111111111111 0.521875 0.7166666666666667 0.5171875 0.7138888888888889 0.5125 0.7027777777777777
0 0.19375 0.9944444444444445 0.2078125 0.9805555555555555 0.21875 0.9861111111111112 0.2171875 0.9944444444444445 0.2140625 0.9972222222222222 0.19375 0.9972222222222222
0 0.4953125 0.6555555555555556 0.5 0.6583333333333333 0.5 0.6638888888888889 0.496875 0.6638888888888889 0.4953125 0.6583333333333333
0 0.371875 0.75 0.3734375 0.75 0.36875 0.7611111111111111 0.35625 0.7805555555555556 0.35 0.7861111111111111 0.346875 0.7861111111111111 0.3453125 0.7805555555555556 0.365625 0.75 0.3703125 0.75
0 0.6265625 0.9666666666666667 0.6359375 0.9666666666666667 0.6390625 0.9694444444444444 0.6515625 0.9972222222222222 0.6359375 0.9972222222222222 0.628125 0.9805555555555555 0.6265625 0.9694444444444444
0 0.459375 0.6555555555555556 0.4609375 0.6583333333333333 0.4671875 0.6583333333333333 0.4671875 0.6611111111111111 0.4625 0.6694444444444444 0.459375 0.6694444444444444 0.4546875 0.6611111111111111 0.4546875 0.6583333333333333 0.4578125 0.6583333333333333
0 0.5984375 0.6916666666666667 0.60625 0.6916666666666667 0.609375 0.7 0.6 0.6944444444444444
0 0.3984375 0.7055555555555556 0.4046875 0.6944444444444444 0.409375 0.6944444444444444 0.4046875 0.7055555555555556 0.4 0.7083333333333334
0 0.3703125 0.65 0.365625 0.6555555555555556 0.3390625 0.6694444444444444 0.334375 0.675 0.325 0.6777777777777778 0.3046875 0.6916666666666667 0.29375 0.6944444444444444 0.2484375 0.7222222222222222 0.24375 0.7222222222222222 0.196875 0.75 0.175 0.7583333333333333 0.1640625 0.7666666666666667 0.1484375 0.7722222222222223 0.10625 0.7972222222222223 0.084375 0.8055555555555556 0.0796875 0.8111111111111111 0.0640625 0.8166666666666667 0.053125 0.825 0.046875 0.825 0.03125 0.8361111111111111 0.0203125 0.8388888888888889 0.0015625 0.85 0 0.85 0 0.8388888888888889 0.00625 0.8388888888888889 0.0109375 0.8333333333333334 0.028125 0.8277777777777777 0.0390625 0.8194444444444444 0.04375 0.8194444444444444 0.05 0.8138888888888889 0.071875 0.8055555555555556 0.1046875 0.7861111111111111 0.109375 0.7861111111111111 0.1140625 0.7805555555555556 0.13125 0.775 0.1421875 0.7666666666666667 0.153125 0.7638888888888888 0.175 0.75 0.190625 0.7444444444444445 0.2015625 0.7361111111111112 0.20625 0.7361111111111112 0.2109375 0.7305555555555555 0.2328125 0.7222222222222222 0.246875 0.7111111111111111 0.259375 0.7083333333333334 0.278125 0.6944444444444444 0.2890625 0.6916666666666667 0.2984375 0.6833333333333333 0.309375 0.6805555555555556 0.325 0.6694444444444444 0.340625 0.6638888888888889 0.35 0.6555555555555556 0.36875 0.65
0 0.5015625 0.6722222222222223 0.5046875 0.6722222222222223 0.5078125 0.6777777777777778 0.5078125 0.6833333333333333 0.503125 0.6805555555555556 0.5015625 0.675
0 0.534375 0.7555555555555555 0.540625 0.7555555555555555 0.5546875 0.7861111111111111 0.5546875 0.7916666666666666 0.546875 0.7888888888888889 0.534375 0.7583333333333333
0 0.61875 0.7083333333333334 0.625 0.7083333333333334 0.6390625 0.7194444444444444 0.6390625 0.7222222222222222 0.6328125 0.7222222222222222 0.61875 0.7111111111111111