0 0.596875 0.8861111111111111 0.609375 0.8861111111111111 0.6234375 0.9 0.6296875 0.9 0.64375 0.9138888888888889 0.65 0.9138888888888889 0.6515625 0.9166666666666666 0.6609375 0.9166666666666666 0.6625 0.9138888888888889 0.696875 0.9138888888888889 0.6984375 0.9111111111111111 0.7015625 0.9138888888888889 0.715625 0.9138888888888889 0.7171875 0.9111111111111111 0.7203125 0.9138888888888889 0.7328125 0.9138888888888889 0.734375 0.9111111111111111 0.7515625 0.9111111111111111 0.753125 0.9083333333333333 0.7546875 0.9111111111111111 0.7671875 0.9111111111111111 0.76875 0.9138888888888889 0.7703125 0.9111111111111111 0.775 0.9138888888888889 0.7703125 0.9166666666666666 0.753125 0.9166666666666666 0.7515625 0.9194444444444444 0.7359375 0.9194444444444444 0.734375 0.9222222222222223 0.7328125 0.9194444444444444 0.7171875 0.9194444444444444 0.715625 0.9222222222222223 0.70625 0.9222222222222223 0.7046875 0.9194444444444444 0.6828125 0.9222222222222223 0.68125 0.9194444444444444 0.6796875 0.9222222222222223 0.6640625 0.9222222222222223 0.6625 0.925 0.6578125 0.9222222222222223 0.6453125 0.9222222222222223 0.64375 0.925 0.6109375 0.8972222222222223 0.60625 0.8972222222222223 0.5953125 0.8861111111111111
0 0.4921875 0.8138888888888889 0.503125 0.8138888888888889 0.5078125 0.8194444444444444 0.5109375 0.8194444444444444 0.5140625 0.825 0.5171875 0.825 0.5171875 0.8277777777777777 0.509375 0.8277777777777777 0.49375 0.8166666666666667
0 0.2390625 0.8138888888888889 0.2453125 0.8138888888888889 0.25 0.825 0.25 0.8305555555555556 0.2453125 0.8361111111111111 0.2421875 0.8333333333333334 0.2390625 0.8166666666666667
0 0.234375 0.9972222222222222 0.2375 0.9805555555555555 0.2421875 0.975 0.25 0.975 0.2515625 0.9833333333333333 0.25 0.9944444444444445 0.2484375 0.9972222222222222 0.2359375 0.9972222222222222
0 0.259375 0.8972222222222223 0.2578125 0.9277777777777778 0.25 0.9333333333333333 0.246875 0.9333333333333333 0.2453125 0.9138888888888889 0.2484375 0.9055555555555556 0.2484375 0.9 0.2515625 0.8944444444444445 0.2578125 0.8972222222222223
0 0.25 0.8972222222222223 0.2546875 0.8944444444444445 0.259375 0.8972222222222223 0.2578125 0.9277777777777778 0.25 0.9333333333333333 0.246875 0.9333333333333333 0.246875 0.9194444444444444 0.2453125 0.9166666666666666 0.25 0.9
0 0.728125 0.9277777777777778 0.7359375 0.925 0.746875 0.9361111111111111 0.7515625 0.9388888888888889 0.753125 0.9361111111111111 0.7703125 0.9527777777777777 0.771875 0.95 0.7796875 0.9555555555555556 0.765625 0.9583333333333334 0.7578125 0.95 0.7515625 0.95 0.7359375 0.9361111111111111 0.73125 0.9361111111111111 0.728125 0.9305555555555556
0 0.4625 0.7888888888888889 0.465625 0.7888888888888889 0.46875 0.7944444444444444 0.478125 0.8 0.4765625 0.8055555555555556 0.46875 0.8027777777777778 0.4625 0.7972222222222223 0.4609375 0.7944444444444444 0.4625 0.7916666666666666
0 0.5359375 0.8388888888888889 0.54375 0.8416666666666667 0.5515625 0.85 0.553125 0.8472222222222222 0.5640625 0.8583333333333333 0.5703125 0.8611111111111112 0.56875 0.8638888888888889 0.5625 0.8638888888888889 0.5484375 0.8555555555555555 0.5359375 0.8444444444444444 0.5359375 0.8416666666666667
0 0.5875 0.8472222222222222 0.5890625 0.8444444444444444 0.5984375 0.8472222222222222 0.625 0.8638888888888889 0.6453125 0.8722222222222222 0.65 0.8777777777777778 0.6640625 0.8833333333333333 0.6765625 0.8944444444444445 0.6890625 0.8972222222222223 0.69375 0.9027777777777778 0.696875 0.9027777777777778 0.7046875 0.9138888888888889 0.715625 0.9138888888888889 0.7171875 0.9111111111111111 0.7328125 0.9138888888888889 0.7421875 0.9083333333333333 0.7578125 0.9083333333333333 0.759375 0.9111111111111111 0.7796875 0.9138888888888889 0.7359375 0.9194444444444444 0.734375 0.9222222222222223 0.7171875 0.9194444444444444 0.715625 0.9222222222222223 0.68125 0.9222222222222223 0.6796875 0.925 0.678125 0.9222222222222223 0.6640625 0.9222222222222223 0.6625 0.925 0.6453125 0.9222222222222223 0.6421875 0.925 0.628125 0.9111111111111111 0.6234375 0.9111111111111111 0.6109375 0.8972222222222223 0.60625 0.8972222222222223 0.5953125 0.8861111111111111 0.6 0.8833333333333333 0.6015625 0.8861111111111111 0.609375 0.8861111111111111 0.625 0.9 0.6296875 0.9 0.640625 0.9111111111111111 0.653125 0.9166666666666666 0.6796875 0.9138888888888889 0.6859375 0.9083333333333333 0.6828125 0.9027777777777778 0.675 0.9027777777777778 0.6671875 0.8916666666666667 0.6515625 0.8861111111111111 0.646875 0.8805555555555555 0.6375 0.8777777777777778 0.6296875 0.8694444444444445 0.6203125 0.8694444444444445 0.615625 0.8638888888888889 0.6109375 0.8638888888888889 0.6015625 0.8527777777777777 0.5953125 0.8527777777777777 0.5890625 0.8472222222222222
0 0.253125 0.8472222222222222 0.2578125 0.8555555555555555 0.2578125 0.8694444444444445 0.2484375 0.8694444444444445 0.2484375 0.8527777777777777 0.2515625 0.85