0 0.58125 0.6722222222222223 0.5875 0.675 0.5859375 0.6805555555555556 0.58125 0.6777777777777778 0.58125 0.675
0 0.384375 0.7416666666666667 0.3875 0.7416666666666667 0.390625 0.7361111111111112 0.3953125 0.7361111111111112 0.3953125 0.7416666666666667 0.3796875 0.7638888888888888 0.3765625 0.7638888888888888 0.3765625 0.7583333333333333 0.384375 0.7444444444444445
0 0.0140625 0.8805555555555555 0.0140625 0.8833333333333333 0 0.8944444444444445 0 0.8833333333333333 0.0015625 0.8805555555555555 0.0125 0.8805555555555555
0 0.1078125 0.6694444444444444 0.109375 0.6722222222222223 0.1078125 0.675 0.1015625 0.675 0.0921875 0.6805555555555556 0.0640625 0.6833333333333333 0.0625 0.6861111111111111 0.0359375 0.6888888888888889 0.034375 0.6916666666666667 0.0296875 0.6888888888888889 0.0359375 0.6833333333333333 0.10625 0.6694444444444444
0 0.878125 0.9305555555555556 0.8890625 0.9305555555555556 0.9015625 0.9416666666666667 0.90625 0.9416666666666667 0.9203125 0.9527777777777777 0.9234375 0.9583333333333334 0.9296875 0.9611111111111111 0.9359375 0.9694444444444444 0.959375 0.9833333333333333 0.965625 0.9888888888888889 0.9671875 0.9944444444444445 0.9734375 0.9972222222222222 0.9578125 0.9972222222222222 0.8796875 0.9333333333333333
0 0.3734375 0.6583333333333333 0.375 0.6611111111111111 0.3734375 0.6638888888888889 0.365625 0.6694444444444444 0.3625 0.6666666666666666 0.365625 0.6611111111111111 0.371875 0.6583333333333333
0 0.51328125 0.6708333333333333 0.0046875 0.011111111111111112
0 0.42109375 0.6958333333333333 0.009375 0.016666666666666666
0 0.678125 0.7555555555555555 0.690625 0.7611111111111111 0.69375 0.7666666666666667 0.696875 0.7666666666666667 0.7 0.7722222222222223 0.71875 0.7861111111111111 0.715625 0.7916666666666666 0.678125 0.7583333333333333
0 0.31875 0.7027777777777777 0.315625 0.7 0.31875 0.6944444444444444 0.328125 0.6888888888888889 0.3328125 0.6888888888888889 0.3328125 0.6916666666666667 0.328125 0.6972222222222222 0.3203125 0.7
0 0.2171875 0.7555555555555555 0.2203125 0.75 0.2484375 0.7333333333333333 0.25625 0.7333333333333333 0.25625 0.7388888888888889 0.25 0.7388888888888889 0.21875 0.7583333333333333
0 0.4359375 0.6722222222222223 0.4375 0.6638888888888889 0.4421875 0.6638888888888889 0.4375 0.6722222222222223
0 0.5328125 0.7444444444444445 0.5375 0.7444444444444445 0.5484375 0.7666666666666667 0.546875 0.7722222222222223 0.5421875 0.7694444444444445 0.5328125 0.7472222222222222
0 0.515625 0.7 0.515625 0.6888888888888889 0.5203125 0.6944444444444444 0.5203125 0.7 0.5171875 0.7
0 0.5921875 0.9111111111111111 0.6 0.9111111111111111 0.6203125 0.95 0.6234375 0.9611111111111111 0.6390625 0.9944444444444445 0.6390625 0.9972222222222222 0.625 0.9972222222222222 0.621875 0.9861111111111112 0.6125 0.9666666666666667 0.6125 0.9611111111111111 0.609375 0.9527777777777777 0.6 0.9361111111111111 0.5921875 0.9138888888888889
0 0.6125 0.6972222222222222 0.61875 0.7027777777777777 0.6171875 0.7083333333333334 0.609375 0.7027777777777777 0.60625 0.6944444444444444 0.6109375 0.6972222222222222
0 0.26875 0.9305555555555556 0.2796875 0.9166666666666666 0.2921875 0.8944444444444445 0.3 0.8861111111111111 0.3046875 0.8833333333333333 0.3109375 0.8861111111111111 0.278125 0.9388888888888889 0.25625 0.9805555555555555 0.2484375 0.9833333333333333 0.246875 0.9805555555555555 0.240625 0.9805555555555555 0.240625 0.9777777777777777 0.26875 0.9333333333333333