0 0.3921875 0.6583333333333333 0.41875 0.6611111111111111 0.4265625 0.6694444444444444 0.434375 0.6694444444444444 0.446875 0.6777777777777778 0.4671875 0.6833333333333333 0.4765625 0.6916666666666667 0.48125 0.6916666666666667 0.5015625 0.7055555555555556 0.50625 0.7055555555555556 0.5109375 0.7111111111111111 0.515625 0.7111111111111111 0.5265625 0.7222222222222222 0.540625 0.7277777777777777 0.5578125 0.7416666666666667 0.5625 0.7416666666666667 0.5734375 0.7555555555555555 0.578125 0.7555555555555555 0.5921875 0.7666666666666667 0.596875 0.7666666666666667 0.61875 0.7861111111111111 0.6296875 0.7888888888888889 0.6453125 0.8027777777777778 0.678125 0.8222222222222222 0.6859375 0.8333333333333334 0.69375 0.8388888888888889 0.696875 0.8444444444444444 0.7 0.8444444444444444 0.703125 0.85 0.6984375 0.8555555555555555 0.6953125 0.8555555555555555 0.66875 0.8277777777777777 0.6609375 0.825 0.653125 0.8166666666666667 0.63125 0.8027777777777778 0.6234375 0.7944444444444444 0.615625 0.7916666666666666 0.596875 0.775 0.5921875 0.775 0.559375 0.7472222222222222 0.55 0.7444444444444445 0.5421875 0.7361111111111112 0.515625 0.7222222222222222 0.503125 0.7111111111111111 0.4609375 0.6861111111111111 0.4421875 0.6805555555555556 0.421875 0.6694444444444444 0.40625 0.6666666666666666 0.4 0.6611111111111111 0.3921875 0.6611111111111111
0 0.33203125 0.6722222222222223 0.0078125 0.011111111111111112
0 0.9375 0.8472222222222222 0.946875 0.8472222222222222 0.984375 0.8694444444444445 0.9890625 0.8694444444444445 0.99375 0.875 0.9984375 0.875 0.9984375 0.8833333333333333 0.9390625 0.85
0 0.33125 0.7277777777777777 0.334375 0.7305555555555555 0.334375 0.7388888888888889 0.33125 0.75 0.328125 0.7555555555555555 0.3234375 0.7527777777777778 0.3296875 0.7305555555555555
0 0.7375 0.8888888888888888 0.7765625 0.9277777777777778 0.796875 0.9555555555555556 0.815625 0.9722222222222222 0.825 0.9833333333333333 0.83125 0.9972222222222222 0.8171875 0.9916666666666667 0.8109375 0.9805555555555555 0.7875 0.9527777777777777 0.734375 0.8972222222222223 0.73125 0.8888888888888888 0.7328125 0.8861111111111111 0.7359375 0.8888888888888888
0 0.3390625 0.6888888888888889 0.3375 0.7 0.334375 0.6972222222222222 0.334375 0.6916666666666667 0.3375 0.6888888888888889
0 0.7546875 0.75 0.7625 0.75 0.76875 0.7555555555555555 0.7859375 0.7611111111111111 0.7984375 0.7694444444444445 0.7984375 0.7722222222222223 0.79375 0.7722222222222223 0.75625 0.7527777777777778
0 0.3296875 0.7444444444444445 0.0125 0.027777777777777776
0 0.21875 0.6444444444444445 0.2234375 0.6444444444444445 0.2234375 0.65 0.2203125 0.6555555555555556 0.1984375 0.675 0.15 0.7027777777777777 0.1390625 0.7055555555555556 0.128125 0.7138888888888889 0.1171875 0.7166666666666667 0.1 0.7277777777777777 0.09375 0.7277777777777777 0.065625 0.7444444444444445 0.0484375 0.75 0.0421875 0.7555555555555555 0.025 0.7611111111111111 0 0.775 0 0.7638888888888888 0.025 0.7555555555555555 0.0359375 0.7472222222222222 0.065625 0.7361111111111112 0.071875 0.7305555555555555 0.078125 0.7305555555555555 0.0890625 0.7222222222222222 0.0953125 0.7222222222222222 0.1203125 0.7111111111111111 0.1421875 0.6972222222222222 0.153125 0.6944444444444444 0.2046875 0.6638888888888889 0.21875 0.6472222222222223
0 0.3921875 0.6611111111111111 0.4171875 0.6611111111111111 0.4265625 0.6694444444444444 0.4328125 0.6694444444444444 0.440625 0.675 0.446875 0.675 0.471875 0.6861111111111111 0.5140625 0.7111111111111111 0.525 0.7222222222222222 0.534375 0.725 0.56875 0.7472222222222222 0.575 0.7555555555555555 0.59375 0.7666666666666667 0.5984375 0.7666666666666667 0.6109375 0.7805555555555556 0.634375 0.7916666666666666 0.6421875 0.8 0.675 0.8194444444444444 0.703125 0.8472222222222222 0.6984375 0.8555555555555555 0.6953125 0.8555555555555555 0.6828125 0.8416666666666667 0.653125 0.8166666666666667 0.634375 0.8055555555555556 0.6 0.7777777777777778 0.5765625 0.7638888888888888 0.565625 0.7527777777777778 0.55 0.7444444444444445 0.5421875 0.7361111111111112 0.5109375 0.7194444444444444 0.503125 0.7111111111111111 0.4484375 0.6805555555555556 0.4421875 0.6805555555555556 0.428125 0.6722222222222223 0.39375 0.6611111111111111
0 0.6828125 0.7138888888888889 0.6921875 0.7138888888888889 0.7015625 0.7194444444444444 0.6984375 0.725 0.684375 0.7166666666666667
0 0.2265625 0.9694444444444444 0.228125 0.9583333333333334 0.24375 0.9305555555555556 0.25 0.9138888888888889 0.2828125 0.8555555555555555 0.2875 0.8555555555555555 0.2859375 0.8694444444444445 0.265625 0.9083333333333333 0.253125 0.9388888888888889 0.2375 0.9694444444444444 0.228125 0.9694444444444444