0 0.225 0.9527777777777777 0.2265625 0.9555555555555556 0.2265625 0.9666666666666667 0.2234375 0.9805555555555555 0.1921875 0.9777777777777777 0.1953125 0.9722222222222222 0.1984375 0.9722222222222222 0.203125 0.9666666666666667 0.20625 0.9694444444444444 0.2234375 0.9527777777777777
0 0.4296875 0.775 0.43125 0.7777777777777778 0.45 0.7777777777777778 0.45 0.8555555555555555 0.446875 0.8638888888888889 0.446875 0.9 0.4453125 0.9055555555555556 0.3890625 0.9027777777777778 0.3890625 0.8944444444444445 0.4046875 0.8444444444444444 0.4046875 0.8388888888888889 0.415625 0.7972222222222223 0.428125 0.775
0 0.0046875 0.9666666666666667 0.0171875 0.9555555555555556 0.028125 0.9527777777777777 0.0328125 0.9472222222222222 0.0375 0.9472222222222222 0.0375 0.95 0.0296875 0.9666666666666667 0.025 0.9694444444444444 0.0234375 0.9666666666666667 0.00625 0.9666666666666667
0 0.0625 0.7638888888888888 0.065625 0.7666666666666667 0.0640625 0.775 0.046875 0.7805555555555556 0.0296875 0.7916666666666666 0.021875 0.7888888888888889 0.0046875 0.7972222222222223 0 0.7972222222222223 0 0.7777777777777778 0.0015625 0.775 0.0328125 0.7694444444444445 0.040625 0.7638888888888888 0.0609375 0.7638888888888888
0 0.225 0.9527777777777777 0.2265625 0.9611111111111111 0.225 0.9638888888888889 0.225 0.975 0.221875 0.9805555555555555 0.1921875 0.9777777777777777 0.1953125 0.9722222222222222 0.1984375 0.9722222222222222 0.203125 0.9666666666666667 0.20625 0.9694444444444444 0.2234375 0.9527777777777777
0 0.0875 0.8805555555555555 0.1078125 0.8666666666666667 0.1234375 0.8611111111111112 0.13125 0.8527777777777777 0.146875 0.8472222222222222 0.159375 0.8361111111111111 0.165625 0.8361111111111111 0.1796875 0.8277777777777777 0.2 0.8111111111111111 0.21875 0.8027777777777778 0.234375 0.7888888888888889 0.246875 0.7833333333333333 0.2515625 0.7777777777777778 0.25625 0.7777777777777778 0.265625 0.7694444444444445 0.284375 0.7694444444444445 0.2859375 0.7666666666666667 0.2921875 0.7694444444444445 0.2921875 0.7722222222222223 0.2546875 0.8055555555555556 0.2484375 0.8055555555555556 0.2359375 0.8138888888888889 0.19375 0.85 0.1859375 0.8527777777777777 0.175 0.8638888888888889 0.1546875 0.875 0.15 0.8805555555555555 0.134375 0.8833333333333333 0.1328125 0.8861111111111111 0.0875 0.8833333333333333
0 0.39375 0.9916666666666667 0.403125 0.9722222222222222 0.4078125 0.9722222222222222 0.4140625 0.9861111111111112 0.4140625 0.9916666666666667 0.3953125 0.9916666666666667
0 0.2375 0.8888888888888888 0.2390625 0.8833333333333333 0.2515625 0.875 0.26875 0.8527777777777777 0.2796875 0.8444444444444444 0.2921875 0.8277777777777777 0.303125 0.8194444444444444 0.315625 0.8027777777777778 0.3265625 0.7944444444444444 0.3296875 0.7888888888888889 0.3328125 0.7888888888888889 0.346875 0.7722222222222223 0.3734375 0.7722222222222223 0.375 0.775 0.3625 0.7916666666666666 0.346875 0.8194444444444444 0.3421875 0.8222222222222222 0.3328125 0.8361111111111111 0.321875 0.8555555555555555 0.31875 0.8555555555555555 0.3125 0.8638888888888889 0.2984375 0.8888888888888888 0.2953125 0.8916666666666667 0.29375 0.8888888888888888 0.2921875 0.8916666666666667 0.25 0.8916666666666667 0.2484375 0.8888888888888888 0.2390625 0.8888888888888888
0 0.1328125 0.7694444444444445 0.1359375 0.7694444444444445 0.1328125 0.7722222222222223 0.1265625 0.7722222222222223 0.11875 0.7777777777777778 0.1140625 0.775 0.08125 0.7916666666666666 0.0625 0.7944444444444444 0.04375 0.8055555555555556 0.0375 0.8055555555555556 0.03125 0.8111111111111111 0.01875 0.8111111111111111 0.0046875 0.8194444444444444 0 0.8194444444444444 0 0.8055555555555556 0.015625 0.7972222222222223 0.03125 0.7972222222222223 0.05 0.7888888888888889 0.059375 0.7805555555555556 0.0765625 0.7777777777777778 0.0890625 0.7694444444444445 0.1109375 0.7694444444444445 0.1125 0.7666666666666667 0.13125 0.7694444444444445
0 0.209375 0.7694444444444445 0.2109375 0.7694444444444445 0.209375 0.7722222222222223 0.203125 0.7722222222222223 0.1984375 0.7777777777777778 0.19375 0.7777777777777778 0.1640625 0.7972222222222223 0.15625 0.7972222222222223 0.121875 0.8194444444444444 0.10625 0.8222222222222222 0.096875 0.8305555555555556 0.0921875 0.8305555555555556 0.075 0.8416666666666667 0.0671875 0.8416666666666667 0.05625 0.85 0.05 0.85 0.0296875 0.8638888888888889 0.01875 0.8638888888888889 0.003125 0.875 0 0.875 0 0.85 0.0046875 0.8472222222222222 0.0109375 0.8472222222222222 0.021875 0.8388888888888889 0.03125 0.8388888888888889 0.0390625 0.8333333333333334 0.0453125 0.8333333333333334 0.0703125 0.8194444444444444 0.078125 0.8194444444444444 0.09375 0.8083333333333333 0.1 0.8083333333333333 0.1140625 0.8 0.1234375 0.8 0.1359375 0.7916666666666666 0.140625 0.7916666666666666 0.1453125 0.7861111111111111 0.1515625 0.7861111111111111 0.1578125 0.7805555555555556 0.165625 0.7805555555555556 0.184375 0.7694444444444445 0.19375 0.7694444444444445 0.1953125 0.7666666666666667 0.20625 0.7666666666666667 0.2078125 0.7694444444444445
0 0.103125 0.8611111111111112 0.1171875 0.8638888888888889 0.1328125 0.85 0.14375 0.8472222222222222 0.153125 0.8388888888888889 0.178125 0.8277777777777777 0.184375 0.8194444444444444 0.1984375 0.8138888888888889 0.2046875 0.8055555555555556 0.2078125 0.8083333333333333 0.2203125 0.7972222222222223 0.2546875 0.7777777777777778 0.259375 0.7722222222222223 0.2828125 0.7694444444444445 0.284375 0.7666666666666667 0.2921875 0.7666666666666667 0.29375 0.7694444444444445 0.29375 0.7722222222222223 0.290625 0.7722222222222223 0.2859375 0.7805555555555556 0.2828125 0.7805555555555556 0.265625 0.7972222222222223 0.2625 0.7972222222222223 0.253125 0.8083333333333333 0.24375 0.8111111111111111 0.240625 0.8166666666666667 0.234375 0.8166666666666667 0.1921875 0.8527777777777777 0.146875 0.8833333333333333 0.1390625 0.8833333333333333 0.1375 0.8861111111111111 0.0859375 0.8833333333333333 0.084375 0.8777777777777778 0.0796875 0.8777777777777778 0.0796875 0.875 0.0859375 0.875 0.084375 0.8777777777777778 0.0875 0.8805555555555555 0.0921875 0.875 0.090625 0.8722222222222222 0.1 0.8694444444444445 0.1015625 0.8666666666666667 0.096875 0.8638888888888889 0.1015625 0.8611111111111112
0 0.5734375 0.7944444444444444 0.5984375 0.7944444444444444 0.6015625 0.7972222222222223 0.6125 0.8138888888888889 0.6296875 0.8305555555555556 0.6390625 0.8361111111111111 0.6578125 0.8611111111111112 0.6703125 0.8694444444444445 0.675 0.8777777777777778 0.696875 0.8972222222222223 0.7 0.9055555555555556 0.7109375 0.9138888888888889 0.721875 0.9277777777777778 0.721875 0.9305555555555556 0.7140625 0.9305555555555556 0.7125 0.9333333333333333 0.696875 0.9333333333333333 0.69375 0.9277777777777778 0.68125 0.9305555555555556 0.6796875 0.9277777777777778 0.665625 0.925 0.653125 0.9111111111111111 0.6484375 0.9 0.6359375 0.8861111111111111 0.6203125 0.8611111111111112 0.60625 0.8444444444444444 0.5859375 0.8138888888888889 0.5796875 0.8083333333333333 0.5734375 0.7972222222222223
0 0.4984375 0.7833333333333333 0.5203125 0.7833333333333333 0.525 0.7888888888888889 0.528125 0.7888888888888889 0.5546875 0.8388888888888889 0.5640625 0.8611111111111112 0.59375 0.9138888888888889 0.590625 0.9194444444444444 0.5625 0.9194444444444444 0.5578125 0.9138888888888889 0.5390625 0.9138888888888889 0.534375 0.9055555555555556 0.53125 0.8916666666666667 0.528125 0.8861111111111111 0.51875 0.8472222222222222 0.4984375 0.7916666666666666 0.4984375 0.7861111111111111
0 0.39375 0.9916666666666667 0.403125 0.9722222222222222 0.4078125 0.9722222222222222 0.4109375 0.9777777777777777 0.4140625 0.9916666666666667 0.3953125 0.9916666666666667