0 0.4515625 0.7583333333333333 0.4578125 0.7666666666666667 0.459375 0.775 0.4515625 0.7833333333333333 0.434375 0.7833333333333333 0.4328125 0.7805555555555556 0.4328125 0.775 0.4390625 0.7583333333333333 0.45 0.7583333333333333
0 0.6234375 0.8083333333333333 0.6328125 0.8083333333333333 0.65 0.8305555555555556 0.675 0.8555555555555555 0.6890625 0.875 0.69375 0.8777777777777778 0.703125 0.8944444444444445 0.71875 0.9111111111111111 0.7421875 0.9444444444444444 0.746875 0.9472222222222222 0.78125 0.9916666666666667 0.78125 0.9972222222222222 0.7640625 0.9972222222222222 0.7609375 0.9944444444444445 0.703125 0.9194444444444444 0.6890625 0.8972222222222223 0.6703125 0.875 0.6625 0.8611111111111112 0.653125 0.8527777777777777 0.63125 0.8138888888888889 0.6234375 0.8111111111111111
0 0.3078125 0.7583333333333333 0.309375 0.7638888888888888 0.303125 0.7694444444444445 0.29375 0.7694444444444445 0.2828125 0.7777777777777778 0.278125 0.7777777777777778 0.2734375 0.7833333333333333 0.26875 0.7833333333333333 0.2640625 0.775 0.2609375 0.775 0.2578125 0.7805555555555556 0.2578125 0.7888888888888889 0.2515625 0.7916666666666666 0.234375 0.7916666666666666 0.2390625 0.7833333333333333 0.259375 0.775 0.2671875 0.7666666666666667 0.2875 0.7611111111111111 0.29375 0.7555555555555555 0.3046875 0.7555555555555555 0.30625 0.7583333333333333
0 0.3671875 0.7833333333333333 0.36875 0.7777777777777778 0.3765625 0.7722222222222223 0.3921875 0.75 0.4015625 0.7444444444444445 0.4125 0.7444444444444445 0.4140625 0.75 0.4 0.7722222222222223 0.3828125 0.7861111111111111 0.3703125 0.7861111111111111 0.36875 0.7833333333333333
0 0.6359375 0.8166666666666667 0.6546875 0.8333333333333334 0.684375 0.8666666666666667 0.6890625 0.875 0.69375 0.8777777777777778 0.703125 0.8944444444444445 0.71875 0.9111111111111111 0.7359375 0.9361111111111111 0.746875 0.9472222222222222 0.7625 0.9694444444444444 0.7765625 0.9833333333333333 0.78125 0.9916666666666667 0.78125 0.9972222222222222 0.7640625 0.9972222222222222 0.7609375 0.9944444444444445 0.75 0.9777777777777777 0.709375 0.9277777777777778 0.6625 0.8611111111111112 0.653125 0.8527777777777777 0.6359375 0.8194444444444444
0 0.515625 0.7444444444444445 0.5234375 0.7722222222222223 0.521875 0.7805555555555556 0.5015625 0.7805555555555556 0.4953125 0.7777777777777778 0.49375 0.7722222222222223 0.49375 0.75 0.4921875 0.7472222222222222 0.4953125 0.7416666666666667 0.5125 0.7416666666666667 0.5140625 0.7444444444444445
0 0.228125 0.9222222222222223 0.234375 0.9194444444444444 0.2515625 0.8944444444444445 0.2625 0.8888888888888888 0.265625 0.8833333333333333 0.278125 0.875 0.2953125 0.8527777777777777 0.3078125 0.8444444444444444 0.3125 0.8333333333333334 0.3171875 0.8333333333333334 0.3171875 0.8444444444444444 0.3203125 0.85 0.3203125 0.8555555555555555 0.315625 0.8611111111111112 0.303125 0.8666666666666667 0.2921875 0.8805555555555555 0.26875 0.8972222222222223 0.2296875 0.9472222222222222 0.190625 0.9861111111111112 0.1875 0.9861111111111112 0.1875 0.9833333333333333 0.19375 0.9694444444444444 0.228125 0.925
0 0.4140625 0.8083333333333333 0.415625 0.8138888888888889 0.4125 0.8222222222222222 0.4 0.8444444444444444 0.3875 0.875 0.3609375 0.925 0.3421875 0.9666666666666667 0.328125 0.9916666666666667 0.3203125 0.9972222222222222 0.2890625 0.9972222222222222 0.2875 0.9944444444444445 0.2890625 0.9888888888888889 0.315625 0.9472222222222222 0.328125 0.9222222222222223 0.3796875 0.8361111111111111 0.3921875 0.8194444444444444 0.396875 0.8083333333333333 0.4 0.8055555555555556 0.4109375 0.8055555555555556 0.4125 0.8083333333333333
0 0.353125 0.7416666666666667 0.359375 0.7555555555555555 0.3515625 0.775 0.3453125 0.7805555555555556 0.3328125 0.7805555555555556 0.33125 0.7833333333333333 0.321875 0.7833333333333333 0.3203125 0.7805555555555556 0.315625 0.7888888888888889 0.2953125 0.7888888888888889 0.2984375 0.7833333333333333 0.3109375 0.7722222222222223 0.31875 0.775 0.3203125 0.7805555555555556 0.325 0.7722222222222223 0.325 0.7611111111111111 0.3265625 0.7583333333333333 0.334375 0.7555555555555555 0.3515625 0.7416666666666667
0 0.209375 0.7583333333333333 0.209375 0.7611111111111111 0.1875 0.7722222222222223 0.1828125 0.7777777777777778 0.175 0.7777777777777778 0.1671875 0.7833333333333333 0.159375 0.7833333333333333 0.1515625 0.7888888888888889 0.14375 0.7888888888888889 0.1328125 0.7944444444444444 0.1265625 0.7916666666666666 0.128125 0.7833333333333333 0.1484375 0.775 0.1546875 0.7694444444444445 0.1765625 0.7638888888888888 0.1828125 0.7583333333333333 0.19375 0.7583333333333333 0.1953125 0.7555555555555555 0.20625 0.7555555555555555 0.2078125 0.7583333333333333
0 0.165625 0.7944444444444444 0.2140625 0.7666666666666667 0.2328125 0.7611111111111111 0.240625 0.7555555555555555 0.246875 0.7555555555555555 0.2484375 0.7527777777777778 0.259375 0.7527777777777778 0.2609375 0.7611111111111111 0.2578125 0.7666666666666667 0.246875 0.7666666666666667 0.240625 0.7722222222222223 0.2234375 0.7777777777777778 0.2171875 0.7833333333333333 0.2125 0.7833333333333333 0.1875 0.7972222222222223 0.1671875 0.7972222222222223
0 0.4875 0.8 0.4890625 0.8027777777777778 0.4953125 0.8 0.503125 0.8 0.5046875 0.8027777777777778 0.5078125 0.8 0.5125 0.8027777777777778 0.5125 0.8055555555555556 0.4828125 0.8055555555555556 0.48125 0.8083333333333333 0.4546875 0.8083333333333333 0.45 0.8055555555555556 0.4484375 0.8083333333333333 0.415625 0.8138888888888889 0.3875 0.875 0.3609375 0.925 0.3453125 0.9611111111111111 0.3265625 0.9944444444444445 0.3203125 0.9944444444444445 0.31875 0.9972222222222222 0.3140625 0.9944444444444445 0.3109375 0.9972222222222222 0.2921875 0.9972222222222222 0.2890625 0.9916666666666667 0.3265625 0.925 0.3421875 0.9027777777777778 0.3515625 0.8833333333333333 0.3609375 0.8722222222222222 0.384375 0.8333333333333334 0.3921875 0.8166666666666667 0.390625 0.8111111111111111 0.3796875 0.8111111111111111 0.378125 0.8083333333333333 0.3734375 0.8111111111111111 0.3578125 0.8111111111111111 0.35625 0.8138888888888889 0.3546875 0.8138888888888889 0.35625 0.8111111111111111 0.3609375 0.8083333333333333 0.375 0.8083333333333333 0.3765625 0.8055555555555556 0.378125 0.8083333333333333 0.3921875 0.8083333333333333 0.4046875 0.8027777777777778 0.4859375 0.8