0 0.4046875 0.6861111111111111 0.41875 0.6888888888888889 0.4296875 0.7055555555555556 0.428125 0.7111111111111111 0.4140625 0.7083333333333334 0.4046875 0.6888888888888889
0 0.7546875 0.8527777777777777 0.7640625 0.8527777777777777 0.7796875 0.8638888888888889 0.784375 0.8638888888888889 0.79375 0.8722222222222222 0.815625 0.8833333333333333 0.8203125 0.8888888888888888 0.8140625 0.8916666666666667 0.8015625 0.8861111111111111 0.784375 0.8722222222222222 0.775 0.8694444444444445 0.7703125 0.8638888888888889 0.7609375 0.8611111111111112 0.7546875 0.8555555555555555
0 0.8796875 0.925 0.89375 0.9277777777777778 0.9703125 0.9722222222222222 0.975 0.9777777777777777 0.9734375 0.9805555555555555 0.9671875 0.9805555555555555 0.9609375 0.975 0.95625 0.975 0.9453125 0.9666666666666667 0.940625 0.9666666666666667 0.9359375 0.9611111111111111 0.93125 0.9611111111111111 0.9265625 0.9555555555555556 0.9125 0.95 0.9078125 0.9444444444444444 0.89375 0.9388888888888889 0.8796875 0.9277777777777778
0 0.2765625 0.6861111111111111 0.2734375 0.6944444444444444 0.2578125 0.7083333333333334 0.2546875 0.7055555555555556 0.253125 0.7083333333333334 0.24375 0.7055555555555556 0.2546875 0.6888888888888889 0.2578125 0.6861111111111111 0.275 0.6861111111111111
0 0.878125 0.925 0.8953125 0.9277777777777778 0.971875 0.9722222222222222 0.975 0.9777777777777777 0.9734375 0.9805555555555555 0.9671875 0.9805555555555555 0.9546875 0.975 0.9203125 0.9527777777777777 0.915625 0.9527777777777777 0.90625 0.9444444444444444 0.896875 0.9416666666666667 0.878125 0.9277777777777778
0 0.1828125 0.6861111111111111 0.1859375 0.6916666666666667 0.1734375 0.6972222222222222 0.1640625 0.7055555555555556 0.140625 0.7055555555555556 0.140625 0.7027777777777777 0.165625 0.6888888888888889 0.18125 0.6861111111111111
0 0.09375 0.9333333333333333 0.1046875 0.925 0.1203125 0.9027777777777778 0.1328125 0.8916666666666667 0.140625 0.8777777777777778 0.1859375 0.825 0.2234375 0.775 0.2390625 0.75 0.2515625 0.7361111111111112 0.25625 0.725 0.2609375 0.7222222222222222 0.26875 0.7222222222222222 0.2703125 0.725 0.2609375 0.7472222222222222 0.2484375 0.7694444444444445 0.221875 0.8083333333333333 0.215625 0.8138888888888889 0.203125 0.8361111111111111 0.1921875 0.8472222222222222 0.178125 0.8694444444444445 0.171875 0.875 0.134375 0.9277777777777778 0.1296875 0.9305555555555556 0.084375 0.9944444444444445 0.078125 0.9944444444444445 0.0765625 0.9972222222222222 0.0484375 0.9972222222222222 0.046875 0.9944444444444445 0.0796875 0.9527777777777777 0.0890625 0.9472222222222222 0.09375 0.9361111111111111
0 0.375 0.6888888888888889 0.3828125 0.6833333333333333 0.390625 0.6972222222222222 0.3921875 0.7083333333333334 0.3859375 0.7083333333333334 0.38125 0.7 0.3765625 0.6972222222222222 0.3765625 0.6916666666666667
0 0.44375 0.6861111111111111 0.4578125 0.6972222222222222 0.465625 0.7111111111111111 0.4546875 0.7111111111111111 0.446875 0.7055555555555556 0.4359375 0.6916666666666667 0.4375 0.6861111111111111 0.4421875 0.6861111111111111
0 0.225 0.6861111111111111 0.2265625 0.6888888888888889 0.2328125 0.6861111111111111 0.2328125 0.6916666666666667 0.225 0.6944444444444444 0.215625 0.7055555555555556 0.1953125 0.7055555555555556 0.1953125 0.7027777777777777 0.203125 0.6944444444444444 0.2234375 0.6861111111111111
0 0.465625 0.6888888888888889 0.4765625 0.6888888888888889 0.4859375 0.6944444444444444 0.5015625 0.7111111111111111 0.5 0.7138888888888889 0.490625 0.7138888888888889 0.48125 0.7083333333333334 0.465625 0.6916666666666667
0 0.39375 0.7111111111111111 0.4 0.7111111111111111 0.4078125 0.7305555555555555 0.4078125 0.7388888888888889 0.4140625 0.7527777777777778 0.4140625 0.7638888888888888 0.421875 0.7861111111111111 0.421875 0.8 0.4296875 0.8166666666666667 0.4328125 0.8444444444444444 0.4390625 0.8583333333333333 0.4453125 0.8861111111111111 0.440625 0.8944444444444445 0.43125 0.8833333333333333 0.43125 0.875 0.4265625 0.8583333333333333 0.4265625 0.8444444444444444 0.4171875 0.8194444444444444 0.4171875 0.8027777777777778 0.4109375 0.7861111111111111 0.409375 0.7638888888888888 0.40625 0.7583333333333333 0.4046875 0.7472222222222222 0.39375 0.7138888888888889
0 0.4171875 0.6861111111111111 0.425 0.6944444444444444 0.4328125 0.6861111111111111 0.4453125 0.6861111111111111 0.453125 0.6916666666666667 0.4625 0.6916666666666667 0.471875 0.6861111111111111 0.4875 0.6944444444444444 0.5078125 0.6916666666666667 0.515625 0.6972222222222222 0.5328125 0.6972222222222222 0.534375 0.7 0.5390625 0.6972222222222222 0.5578125 0.7083333333333334 0.5640625 0.7194444444444444 0.546875 0.7194444444444444 0.5453125 0.7222222222222222 0.53125 0.7222222222222222 0.5140625 0.7111111111111111 0.503125 0.7111111111111111 0.5015625 0.7138888888888889 0.4875 0.7138888888888889 0.4796875 0.7083333333333334 0.478125 0.7111111111111111 0.4671875 0.7111111111111111 0.465625 0.7138888888888889 0.4484375 0.7111111111111111 0.446875 0.7083333333333334 0.4171875 0.7111111111111111 0.4046875 0.7 0.403125 0.6888888888888889 0.4046875 0.6861111111111111 0.415625 0.6861111111111111
0 0.678125 0.8055555555555556 0.690625 0.8083333333333333 0.7171875 0.8277777777777777 0.7171875 0.8305555555555556 0.7046875 0.8277777777777777 0.678125 0.8083333333333333