0 0.28125 0.7055555555555556 0.2828125 0.7055555555555556 0.2796875 0.7111111111111111 0.2515625 0.7333333333333333 0.2453125 0.7333333333333333 0.24375 0.7305555555555555 0.246875 0.7194444444444444 0.26875 0.7055555555555556 0.2796875 0.7055555555555556
0 0.3578125 0.7 0.3625 0.7027777777777777 0.3609375 0.7111111111111111 0.353125 0.725 0.3453125 0.7305555555555555 0.3328125 0.7305555555555555 0.33125 0.725 0.34375 0.7055555555555556 0.35625 0.7
0 0.321875 0.7055555555555556 0.3234375 0.7055555555555556 0.321875 0.7111111111111111 0.3140625 0.7166666666666667 0.3 0.7333333333333333 0.2828125 0.7361111111111112 0.28125 0.7305555555555555 0.2921875 0.7166666666666667 0.30625 0.7055555555555556 0.3203125 0.7027777777777777
0 0.94375 0.85 0.9578125 0.8611111111111112 0.9625 0.8611111111111112 0.9828125 0.875 0.996875 0.8805555555555555 0.9984375 0.8833333333333333 0.9984375 0.9 0.9890625 0.8972222222222223 0.984375 0.8916666666666667 0.971875 0.8833333333333333 0.9671875 0.8833333333333333 0.9578125 0.875 0.940625 0.8694444444444445 0.9359375 0.8638888888888889 0.921875 0.8583333333333333 0.9203125 0.8555555555555555 0.921875 0.85 0.9421875 0.85
0 0.553125 0.7638888888888888 0.5671875 0.7833333333333333 0.571875 0.7944444444444444 0.634375 0.8972222222222223 0.646875 0.9138888888888889 0.6578125 0.9333333333333333 0.665625 0.9527777777777777 0.6921875 0.9972222222222222 0.6765625 0.9972222222222222 0.6734375 0.9944444444444445 0.60625 0.8694444444444445 0.565625 0.7972222222222223 0.5546875 0.7833333333333333 0.5515625 0.7666666666666667
0 0.3953125 0.7 0.396875 0.7055555555555556 0.3953125 0.7222222222222222 0.3890625 0.7277777777777777 0.3796875 0.7277777777777777 0.3796875 0.7166666666666667 0.3859375 0.7 0.39375 0.7
0 0.553125 0.7611111111111111 0.59375 0.8305555555555556 0.6 0.8361111111111111 0.6328125 0.8944444444444445 0.64375 0.9083333333333333 0.6609375 0.9388888888888889 0.6671875 0.9555555555555556 0.6921875 0.9972222222222222 0.6765625 0.9972222222222222 0.6703125 0.9888888888888889 0.6328125 0.9166666666666666 0.5515625 0.775 0.5515625 0.7638888888888888
0 0.375 0.7277777777777777 0.3734375 0.7222222222222222 0.36875 0.7277777777777777 0.3671875 0.725 0.36875 0.7194444444444444 0.3640625 0.7166666666666667 0.3625 0.7222222222222222 0.3546875 0.725 0.35 0.7305555555555555 0.328125 0.7305555555555555 0.3203125 0.725 0.3171875 0.7277777777777777 0.3140625 0.725 0.29375 0.7361111111111112 0.2796875 0.7361111111111112 0.2765625 0.7277777777777777 0.26875 0.725 0.2484375 0.7361111111111112 0.2453125 0.7333333333333333 0.2453125 0.7222222222222222 0.2484375 0.7138888888888889 0.253125 0.7138888888888889 0.265625 0.7055555555555556 0.2796875 0.7055555555555556 0.28125 0.7027777777777777 0.2921875 0.7027777777777777 0.29375 0.7055555555555556 0.30625 0.7055555555555556 0.3078125 0.7027777777777777 0.3484375 0.7027777777777777 0.3578125 0.6972222222222222 0.3703125 0.6972222222222222 0.378125 0.6916666666666667 0.38125 0.6944444444444444 0.396875 0.6944444444444444 0.396875 0.7166666666666667 0.390625 0.7277777777777777 0.3765625 0.7277777777777777
0 0.553125 0.7611111111111111 0.58125 0.8055555555555556 0.590625 0.825 0.6 0.8361111111111111 0.63125 0.8916666666666667 0.64375 0.9083333333333333 0.6921875 0.9972222222222222 0.6765625 0.9972222222222222 0.6734375 0.9944444444444445 0.553125 0.7805555555555556 0.5515625 0.7638888888888888
0 0.5625 0.6861111111111111 0.5859375 0.7 0.5921875 0.7055555555555556 0.590625 0.7111111111111111 0.575 0.7083333333333334 0.559375 0.6944444444444444 0.55625 0.6944444444444444 0.553125 0.6888888888888889 0.5609375 0.6861111111111111
0 0.3796875 0.7583333333333333 0.38125 0.7611111111111111 0.38125 0.775 0.3765625 0.7833333333333333 0.375 0.7916666666666666 0.3625 0.8194444444444444 0.359375 0.8222222222222222 0.3578125 0.8305555555555556 0.3453125 0.8527777777777777 0.3421875 0.8638888888888889 0.29375 0.9694444444444444 0.290625 0.9805555555555555 0.28125 0.9972222222222222 0.2671875 0.9972222222222222 0.2671875 0.9916666666666667 0.2703125 0.9833333333333333 0.3671875 0.7861111111111111 0.375 0.7638888888888888 0.378125 0.7611111111111111