0 0.63125 0.8555555555555555 0.6390625 0.8555555555555555 0.6484375 0.8638888888888889 0.6765625 0.9027777777777778 0.6765625 0.9083333333333333 0.675 0.9055555555555556 0.6625 0.9027777777777778 0.65625 0.8972222222222223 0.63125 0.8583333333333333
0 0.5609375 0.7583333333333333 0.5671875 0.7638888888888888 0.5671875 0.7694444444444445 0.5609375 0.7694444444444445 0.5578125 0.7638888888888888 0.559375 0.7611111111111111
0 0.66875 0.7527777777777778 0.675 0.75 0.6796875 0.7555555555555555 0.690625 0.7555555555555555 0.6921875 0.7583333333333333 0.6984375 0.7583333333333333 0.7234375 0.7694444444444445 0.7484375 0.7722222222222223 0.753125 0.7805555555555556 0.7578125 0.7805555555555556 0.7625 0.7861111111111111 0.7671875 0.7861111111111111 0.7703125 0.7916666666666666 0.7765625 0.7916666666666666 0.7859375 0.8 0.7921875 0.8 0.83125 0.8194444444444444 0.84375 0.8222222222222222 0.85 0.8277777777777777 0.8546875 0.8277777777777777 0.8625 0.8361111111111111 0.9296875 0.8638888888888889 0.934375 0.8694444444444445 0.946875 0.8722222222222222 0.95 0.8777777777777778 0.95625 0.8777777777777778 0.9734375 0.8888888888888888 0.9796875 0.8888888888888888 0.9859375 0.8944444444444445 0.9953125 0.8972222222222223 0.9953125 0.9055555555555556 0.9828125 0.9027777777777778 0.9453125 0.8861111111111111 0.9375 0.8777777777777778 0.925 0.875 0.9140625 0.8666666666666667 0.878125 0.8527777777777777 0.871875 0.8472222222222222 0.865625 0.8472222222222222 0.8421875 0.8305555555555556 0.8359375 0.8305555555555556 0.8171875 0.8194444444444444 0.8109375 0.8194444444444444 0.809375 0.8166666666666667 0.803125 0.8166666666666667 0.784375 0.8083333333333333 0.746875 0.7861111111111111 0.7328125 0.7833333333333333 0.7 0.7666666666666667 0.6796875 0.7611111111111111 0.675 0.7555555555555555 0.66875 0.7555555555555555
0 0.4265625 0.7277777777777777 0.0171875 0.016666666666666666
0 0.6390625 0.8555555555555555 0.653125 0.8694444444444445 0.659375 0.8805555555555555 0.6640625 0.8833333333333333 0.6765625 0.9055555555555556 0.6625 0.9027777777777778 0.65625 0.8972222222222223 0.63125 0.8583333333333333 0.6375 0.8555555555555555
0 0.58125 0.7916666666666666 0.5875 0.7888888888888889 0.5984375 0.8027777777777778 0.6015625 0.8083333333333333 0.5984375 0.8138888888888889 0.59375 0.8111111111111111 0.5828125 0.7944444444444444
0 0.2671875 0.9 0.259375 0.9138888888888889 0.234375 0.9388888888888889 0.2265625 0.95 0.2203125 0.9527777777777777 0.215625 0.9611111111111111 0.1890625 0.9888888888888889 0.171875 0.9888888888888889 0.1828125 0.975 0.23125 0.9277777777777778 0.2421875 0.9138888888888889 0.2515625 0.9055555555555556 0.265625 0.9
0 0.5390625 0.7361111111111112 0.5421875 0.7361111111111112 0.5484375 0.7444444444444445 0.5484375 0.7472222222222222 0.5421875 0.7472222222222222 0.5390625 0.7388888888888889
0 0.4015625 0.7527777777777778 0.4 0.7611111111111111 0.36875 0.7944444444444444 0.3625 0.7916666666666666 0.365625 0.7861111111111111 0.4 0.7527777777777778
0 0.678125 0.75 0.68125 0.7555555555555555 0.69375 0.7555555555555555 0.6953125 0.7583333333333333 0.7109375 0.7611111111111111 0.728125 0.7694444444444445 0.753125 0.7722222222222223 0.7546875 0.775 0.7609375 0.775 0.7859375 0.7861111111111111 0.7890625 0.7888888888888889 0.7859375 0.7888888888888889 0.784375 0.7944444444444444 0.79375 0.8027777777777778 0.80625 0.8055555555555556 0.8125 0.8111111111111111 0.825 0.8138888888888889 0.8328125 0.8194444444444444 0.8390625 0.8194444444444444 0.85 0.8277777777777777 0.8546875 0.8277777777777777 0.8625 0.8361111111111111 0.86875 0.8361111111111111 0.875 0.8416666666666667 0.9 0.85 0.90625 0.8555555555555555 0.946875 0.8722222222222222 0.9515625 0.8777777777777778 0.9625 0.8805555555555555 0.96875 0.8861111111111111 0.9921875 0.8944444444444445 0.9953125 0.8972222222222223 0.9953125 0.9055555555555556 0.9890625 0.9055555555555556 0.95625 0.8888888888888888 0.95 0.8888888888888888 0.9421875 0.8805555555555555 0.859375 0.8444444444444444 0.846875 0.8333333333333334 0.828125 0.8277777777777777 0.809375 0.8166666666666667 0.7953125 0.8138888888888889 0.7890625 0.8083333333333333 0.7671875 0.8 0.7640625 0.7944444444444444 0.7390625 0.7833333333333333 0.73125 0.7833333333333333 0.725 0.7777777777777778 0.71875 0.7777777777777778 0.684375 0.7611111111111111 0.678125 0.7611111111111111 0.675 0.7555555555555555 0.6671875 0.7555555555555555 0.66875 0.75 0.6765625 0.75
0 0.58125 0.7916666666666666 0.5875 0.7888888888888889 0.6015625 0.8055555555555556 0.6015625 0.8111111111111111 0.596875 0.8138888888888889 0.5828125 0.7944444444444444