0 0.0859375 0.775 0.0875 0.7777777777777778 0.0859375 0.7805555555555556 0.08125 0.7805555555555556 0.075 0.7861111111111111 0.0578125 0.7916666666666666 0.0328125 0.8055555555555556 0.0265625 0.8055555555555556 0.0078125 0.8166666666666667 0 0.8166666666666667 0 0.8111111111111111 0.028125 0.8 0.046875 0.7888888888888889 0.053125 0.7888888888888889 0.084375 0.775
0 0.65625 0.7916666666666666 0.6984375 0.8777777777777778 0.7 0.8861111111111111 0.70625 0.9 0.7171875 0.9194444444444444 0.7453125 0.9888888888888889 0.746875 0.9944444444444445 0.7453125 0.9972222222222222 0.7234375 0.9972222222222222 0.721875 0.9944444444444445 0.715625 0.9694444444444444 0.6796875 0.8777777777777778 0.6734375 0.8555555555555555 0.65 0.8027777777777778 0.6484375 0.7944444444444444 0.6546875 0.7916666666666666
0 0.49375 0.6805555555555556 0.5296875 0.6805555555555556 0.53125 0.6833333333333333 0.55 0.6833333333333333 0.5546875 0.6888888888888889 0.515625 0.6888888888888889 0.5140625 0.6861111111111111 0.4953125 0.6861111111111111 0.49375 0.6833333333333333
0 0.29375 0.6805555555555556 0.2953125 0.6805555555555556 0.29375 0.6833333333333333 0.290625 0.6833333333333333 0.2859375 0.6888888888888889 0.278125 0.6888888888888889 0.2765625 0.6861111111111111 0.284375 0.6805555555555556 0.2921875 0.6805555555555556
0 0.3125 0.7638888888888888 0.3140625 0.7638888888888888 0.3078125 0.775 0.2953125 0.7777777777777778 0.3015625 0.7666666666666667 0.3109375 0.7611111111111111
0 0.3734375 0.6722222222222223 0.359375 0.6916666666666667 0.346875 0.6972222222222222 0.3234375 0.7166666666666667 0.3203125 0.7166666666666667 0.3109375 0.7277777777777777 0.28125 0.7472222222222222 0.259375 0.7694444444444445 0.2515625 0.7722222222222223 0.2453125 0.7805555555555556 0.234375 0.7861111111111111 0.20625 0.8111111111111111 0.1703125 0.8361111111111111 0.15625 0.85 0.134375 0.8638888888888889 0.071875 0.9166666666666666 0.0484375 0.9305555555555556 0.021875 0.9555555555555556 0.0140625 0.9583333333333334 0.0109375 0.9638888888888889 0 0.9694444444444444 0 0.9277777777777778 0.0046875 0.9277777777777778 0.028125 0.9138888888888889 0.034375 0.9 0.0484375 0.8972222222222223 0.0703125 0.8805555555555555 0.0828125 0.875 0.090625 0.8638888888888889 0.1015625 0.8611111111111112 0.1140625 0.85 0.1265625 0.8444444444444444 0.1328125 0.8361111111111111 0.1453125 0.8305555555555556 0.153125 0.8222222222222222 0.1609375 0.8194444444444444 0.1671875 0.8111111111111111 0.184375 0.8027777777777778 0.1953125 0.7916666666666666 0.2078125 0.7861111111111111 0.2359375 0.7638888888888888 0.240625 0.7638888888888888 0.2484375 0.7555555555555555 0.2640625 0.7472222222222222 0.275 0.7361111111111112 0.2984375 0.7222222222222222 0.309375 0.7111111111111111 0.3265625 0.7027777777777777 0.3375 0.6916666666666667 0.3453125 0.6888888888888889 0.3625 0.675 0.371875 0.6722222222222223
0 0.228125 0.7083333333333334 0.2296875 0.7111111111111111 0.228125 0.7138888888888889 0.20625 0.725 0.2 0.725 0.1984375 0.7222222222222222 0.2015625 0.7194444444444444 0.2265625 0.7083333333333334
0 0.534375 0.7777777777777778 0.55 0.7861111111111111 0.5609375 0.8055555555555556 0.56875 0.8277777777777777 0.590625 0.8722222222222222 0.609375 0.9194444444444444 0.646875 0.9944444444444445 0.646875 0.9972222222222222 0.63125 0.9972222222222222 0.6296875 0.9944444444444445 0.61875 0.9972222222222222 0.6140625 0.9944444444444445 0.58125 0.9111111111111111 0.575 0.8888888888888888 0.5703125 0.8805555555555555 0.54375 0.8055555555555556 0.5375 0.7944444444444444 0.534375 0.7805555555555556
0 0.340625 0.7277777777777777 0.3484375 0.7222222222222222 0.3484375 0.7305555555555555 0.3453125 0.7333333333333333 0.340625 0.7333333333333333 0.340625 0.7305555555555555
0 0.4265625 0.6694444444444444 0.428125 0.6722222222222223 0.425 0.6805555555555556 0.4109375 0.7083333333333334 0.35 0.8194444444444444 0.30625 0.9055555555555556 0.290625 0.9305555555555556 0.2796875 0.9555555555555556 0.259375 0.9916666666666667 0.2484375 0.9972222222222222 0.221875 0.9972222222222222 0.2203125 0.9944444444444445 0.21875 0.9972222222222222 0.2015625 0.9972222222222222 0.2015625 0.9916666666666667 0.221875 0.9583333333333334 0.228125 0.9527777777777777 0.2609375 0.9027777777777778 0.265625 0.9 0.278125 0.8777777777777778 0.290625 0.8611111111111112 0.296875 0.8472222222222222 0.30625 0.8361111111111111 0.334375 0.7916666666666666 0.3421875 0.7833333333333333 0.3546875 0.7611111111111111 0.3734375 0.7388888888888889 0.3796875 0.725 0.4015625 0.6944444444444444 0.4125 0.6833333333333333 0.4203125 0.6694444444444444 0.425 0.6694444444444444
0 0.240625 0.8333333333333334 0.24375 0.8388888888888889 0.2265625 0.8611111111111112 0.2171875 0.8694444444444445 0.2109375 0.8694444444444445 0.2078125 0.8638888888888889 0.228125 0.8416666666666667 0.234375 0.8361111111111111 0.2390625 0.8361111111111111