0 0.225 0.6583333333333333 0.2234375 0.6638888888888889 0.196875 0.6805555555555556 0.184375 0.6805555555555556 0.1921875 0.6722222222222223 0.2234375 0.6583333333333333
0 0.528125 0.5388888888888889 0.5296875 0.5388888888888889 0.53125 0.5472222222222223 0.54375 0.5694444444444444 0.5484375 0.5722222222222222 0.5984375 0.6333333333333333 0.665625 0.725 0.6828125 0.7444444444444445 0.690625 0.7583333333333333 0.71875 0.7916666666666666 0.7265625 0.8055555555555556 0.7375 0.8166666666666667 0.75625 0.8444444444444444 0.7625 0.85 0.871875 0.9944444444444445 0.871875 0.9972222222222222 0.8515625 0.9972222222222222 0.8484375 0.9944444444444445 0.7515625 0.8583333333333333 0.7453125 0.8527777777777777 0.71875 0.8138888888888889 0.6984375 0.7888888888888889 0.690625 0.775 0.6640625 0.7416666666666667 0.6109375 0.6638888888888889 0.6046875 0.6583333333333333 0.565625 0.6027777777777777 0.5375 0.5694444444444444 0.528125 0.5527777777777778 0.528125 0.5416666666666666
0 0.05625 0.7583333333333333 0.0578125 0.7611111111111111 0.0515625 0.7666666666666667 0.003125 0.7944444444444444 0 0.7944444444444444 0 0.7861111111111111 0.00625 0.7805555555555556 0.015625 0.7777777777777778 0.046875 0.7583333333333333 0.0546875 0.7583333333333333
0 0.2984375 0.6138888888888889 0.3 0.6194444444444445 0.2921875 0.625 0.2828125 0.625 0.296875 0.6138888888888889
0 0.4125 0.6555555555555556 0.4140625 0.6583333333333333 0.396875 0.6972222222222222 0.365625 0.7527777777777778 0.35625 0.7527777777777778 0.353125 0.7472222222222222 0.40625 0.6555555555555556 0.4109375 0.6555555555555556
0 0.15625 0.7 0.15625 0.7027777777777777 0.15 0.7083333333333334 0.1015625 0.7361111111111112 0.09375 0.7361111111111112 0.0984375 0.7277777777777777 0.146875 0.7 0.1546875 0.7
0 0.3484375 0.5888888888888889 0.353125 0.5833333333333334 0.3578125 0.5833333333333334 0.35625 0.5888888888888889 0.35 0.5916666666666667
0 0.196875 0.6194444444444445 0.196875 0.6222222222222222 0.190625 0.625 0.1828125 0.625 0.1765625 0.6305555555555555 0.1703125 0.6305555555555555 0.1484375 0.6416666666666667 0.1140625 0.6527777777777778 0.1078125 0.6583333333333333 0.0890625 0.6638888888888889 0.0828125 0.6694444444444444 0.0703125 0.6722222222222223 0.05 0.6833333333333333 0.034375 0.6861111111111111 0.0296875 0.6916666666666667 0.009375 0.6972222222222222 0.0015625 0.7027777777777777 0 0.7027777777777777 0 0.6972222222222222 0.0046875 0.6944444444444444 0.01875 0.6916666666666667 0.0453125 0.6777777777777778 0.059375 0.675 0.1109375 0.65 0.1328125 0.6444444444444445 0.1390625 0.6388888888888888 0.1609375 0.6333333333333333 0.165625 0.6277777777777778 0.1953125 0.6194444444444445
0 0.2421875 0.6472222222222223 0.2609375 0.6333333333333333 0.26875 0.6333333333333333 0.2671875 0.6388888888888888 0.2484375 0.65 0.24375 0.65
0 0.3203125 0.5805555555555556 0.3140625 0.5861111111111111 0.2890625 0.5916666666666667 0.265625 0.6027777777777777 0.25625 0.6027777777777777 0.2390625 0.6111111111111112 0.23125 0.6111111111111112 0.221875 0.6166666666666667 0.2109375 0.6166666666666667 0.1953125 0.625 0.18125 0.6277777777777778 0.1671875 0.6361111111111111 0.125 0.65 0.1046875 0.6611111111111111 0.0921875 0.6638888888888889 0.0796875 0.6722222222222223 0.0671875 0.675 0.0546875 0.6833333333333333 0.0375 0.6861111111111111 0.0265625 0.6944444444444444 0.0125 0.6972222222222222 0.003125 0.7027777777777777 0 0.7027777777777777 0.0015625 0.6944444444444444 0.021875 0.6888888888888889 0.0625 0.6694444444444444 0.06875 0.6694444444444444 0.1078125 0.65 0.1140625 0.65 0.1421875 0.6361111111111111 0.1484375 0.6361111111111111 0.1546875 0.6305555555555555 0.1609375 0.6305555555555555 0.178125 0.6222222222222222 0.1859375 0.6222222222222222 0.1875 0.6194444444444445 0.1953125 0.6194444444444445 0.203125 0.6138888888888889 0.2265625 0.6083333333333333 0.234375 0.6027777777777777 0.246875 0.6027777777777777 0.2484375 0.6 0.271875 0.5944444444444444 0.28125 0.5888888888888889 0.2890625 0.5888888888888889 0.2984375 0.5833333333333334 0.31875 0.5805555555555556
0 0.309375 0.6111111111111112 0.3109375 0.6055555555555555 0.3203125 0.6 0.325 0.6 0.321875 0.6083333333333333 0.3109375 0.6111111111111112
0 0.340625 0.5916666666666667 0.3421875 0.5944444444444444 0.3359375 0.6 0.3296875 0.6 0.3296875 0.5972222222222222 0.3390625 0.5916666666666667
0 0.4625 0.5611111111111111 0.4734375 0.5444444444444444 0.4828125 0.5361111111111111 0.484375 0.5388888888888889 0.471875 0.5611111111111111 0.4671875 0.575 0.459375 0.5888888888888889 0.4578125 0.5972222222222222 0.4484375 0.6138888888888889 0.4421875 0.6333333333333333 0.4265625 0.6638888888888889 0.2890625 0.9888888888888889 0.2859375 0.9944444444444445 0.2765625 0.9944444444444445 0.275 0.9972222222222222 0.2609375 0.9972222222222222 0.259375 0.9944444444444445 0.2609375 0.9861111111111112 0.2640625 0.9833333333333333 0.2734375 0.9583333333333334 0.35625 0.7888888888888889 0.375 0.7444444444444445 0.384375 0.7305555555555555 0.390625 0.7111111111111111 0.3984375 0.7 0.4140625 0.6611111111111111 0.4265625 0.6416666666666667 0.4375 0.6194444444444445 0.440625 0.6083333333333333 0.4484375 0.5972222222222222 0.446875 0.5888888888888889 0.4625 0.5638888888888889