0 0.3125 0.8055555555555556 0.30625 0.8194444444444444 0.2984375 0.8277777777777777 0.29375 0.8277777777777777 0.29375 0.8222222222222222 0.303125 0.8083333333333333 0.3109375 0.8055555555555556
0 0.4328125 0.6805555555555556 0.4375 0.6805555555555556 0.4421875 0.6861111111111111 0.4421875 0.6888888888888889 0.4375 0.6888888888888889 0.4328125 0.6833333333333333
0 0.609375 0.9333333333333333 0.6203125 0.9361111111111111 0.64375 0.9861111111111112 0.64375 0.9916666666666667 0.63125 0.9888888888888889 0.609375 0.9361111111111111
0 0.50625 0.7388888888888889 0.5125 0.7388888888888889 0.5171875 0.7444444444444445 0.51875 0.7472222222222222 0.5109375 0.7472222222222222 0.5078125 0.7416666666666667
0 0.3171875 0.6666666666666666 0.3203125 0.6666666666666666 0.325 0.6722222222222223 0.325 0.675 0.321875 0.675 0.3171875 0.6694444444444444
0 0.340625 0.7361111111111112 0.34375 0.7333333333333333 0.346875 0.7361111111111112 0.34375 0.7472222222222222 0.3390625 0.7472222222222222 0.340625 0.7388888888888889
0 0.24375 0.9 0.2421875 0.9055555555555556 0.2359375 0.9111111111111111 0.2078125 0.95 0.1984375 0.95 0.196875 0.9472222222222222 0.1984375 0.9444444444444444 0.2046875 0.9388888888888889 0.2296875 0.9027777777777778 0.2421875 0.9
0 0.340625 0.6916666666666667 0.3453125 0.6944444444444444 0.3453125 0.7027777777777777 0.3421875 0.7027777777777777 0.340625 0.6944444444444444
0 0.4625 0.7 0.46875 0.7027777777777777 0.471875 0.7083333333333334 0.4671875 0.7083333333333334 0.4609375 0.7027777777777777
0 0.3484375 0.7194444444444444 0.3484375 0.7305555555555555 0.34375 0.7305555555555555 0.34375 0.7222222222222222 0.346875 0.7194444444444444
0 0.29375 0.6555555555555556 0.296875 0.6555555555555556 0.3015625 0.6611111111111111 0.2953125 0.6611111111111111 0.29375 0.6583333333333333
0 0.340625 0.7527777777777778 0.340625 0.7583333333333333 0.3359375 0.7666666666666667 0.33125 0.7638888888888888 0.334375 0.7555555555555555 0.3390625 0.7527777777777778
0 0.3453125 0.7027777777777777 0.3484375 0.7083333333333334 0.3484375 0.7138888888888889 0.3453125 0.7166666666666667 0.3421875 0.7111111111111111 0.34375 0.7055555555555556
0 0.328125 0.7777777777777778 0.3296875 0.7833333333333333 0.3234375 0.7944444444444444 0.3171875 0.7916666666666666 0.3203125 0.7833333333333333 0.3265625 0.7777777777777778
0 0.24375 0.9 0.2421875 0.9055555555555556 0.2078125 0.95 0.196875 0.95 0.2 0.9416666666666667 0.2109375 0.9305555555555556 0.2296875 0.9027777777777778 0.2421875 0.9
0 0.4609375 0.7 0.465625 0.7 0.4765625 0.7111111111111111 0.48125 0.7111111111111111 0.4875 0.7194444444444444 0.5 0.7277777777777777 0.503125 0.7333333333333333 0.496875 0.7333333333333333 0.4890625 0.7222222222222222 0.48125 0.7194444444444444 0.4734375 0.7083333333333334 0.4671875 0.7083333333333334 0.4609375 0.7027777777777777
0 0.5765625 0.8611111111111112 0.5859375 0.8638888888888889 0.5984375 0.8888888888888888 0.5984375 0.8916666666666667 0.590625 0.8916666666666667 0.584375 0.8833333333333333 0.5765625 0.8638888888888889
0 0.33125 0.6777777777777778 0.3359375 0.6777777777777778 0.34375 0.6888888888888889 0.3453125 0.7027777777777777 0.3484375 0.7111111111111111 0.346875 0.7166666666666667 0.3484375 0.7194444444444444 0.346875 0.7388888888888889 0.340625 0.7527777777777778 0.340625 0.7583333333333333 0.3359375 0.7666666666666667 0.3328125 0.7666666666666667 0.33125 0.7638888888888888 0.3328125 0.7583333333333333 0.340625 0.75 0.3390625 0.7416666666666667 0.34375 0.7305555555555555 0.34375 0.7111111111111111 0.340625 0.6916666666666667 0.3359375 0.6833333333333333 0.33125 0.6805555555555556
0 0.4609375 0.7 0.465625 0.7 0.4765625 0.7111111111111111 0.48125 0.7111111111111111 0.4875 0.7194444444444444 0.5 0.7277777777777777 0.503125 0.7333333333333333 0.5015625 0.7361111111111112 0.4953125 0.7333333333333333 0.4875 0.7222222222222222 0.478125 0.7166666666666667 0.4734375 0.7083333333333334 0.465625 0.7083333333333334 0.4609375 0.7027777777777777
0 0.478125 0.7111111111111111 0.4875 0.7194444444444444 0.4859375 0.7222222222222222 0.478125 0.7138888888888889
0 0.446875 0.6888888888888889 0.45625 0.6944444444444444 0.45625 0.6972222222222222 0.4515625 0.6972222222222222 0.446875 0.6916666666666667
0 0.553125 0.8083333333333333 0.559375 0.8083333333333333 0.56875 0.8305555555555556 0.5671875 0.8333333333333334 0.5609375 0.8305555555555556 0.553125 0.8111111111111111
0 0.2828125 0.8472222222222222 0.284375 0.8472222222222222 0.2796875 0.8555555555555555 0.26875 0.8694444444444445 0.2578125 0.8722222222222222 0.2625 0.8611111111111112 0.271875 0.85 0.28125 0.8444444444444444
0 0.490625 0.7222222222222222 0.5015625 0.7305555555555555 0.5015625 0.7333333333333333 0.4953125 0.7333333333333333 0.490625 0.725
0 0.334375 0.675 0.3390625 0.6833333333333333 0.33125 0.6805555555555556 0.3296875 0.6777777777777778 0.3328125 0.675