0 0.828125 0.7861111111111111 0.846875 0.7888888888888889 0.8578125 0.7944444444444444 0.8609375 0.8 0.875 0.8055555555555556 0.8765625 0.8083333333333333 0.875 0.8111111111111111 0.8625 0.8111111111111111 0.85625 0.8083333333333333 0.853125 0.8027777777777778 0.834375 0.7944444444444444 0.8296875 0.7888888888888889
0 0.6984375 0.7888888888888889 0.703125 0.7888888888888889 0.7203125 0.8 0.75 0.825 0.7609375 0.8305555555555556 0.76875 0.8416666666666667 0.771875 0.8416666666666667 0.7703125 0.8472222222222222 0.765625 0.8472222222222222 0.759375 0.8388888888888889 0.7515625 0.8361111111111111 0.740625 0.825 0.71875 0.8111111111111111 0.6984375 0.7916666666666666
0 0.5140625 0.7083333333333334 0.5171875 0.7083333333333334 0.5234375 0.7222222222222222 0.521875 0.725 0.5171875 0.7222222222222222 0.5140625 0.7111111111111111
0 0.784375 0.7638888888888888 0.79375 0.7638888888888888 0.80625 0.7694444444444445 0.8125 0.775 0.8171875 0.775 0.81875 0.7777777777777778 0.8171875 0.7805555555555556 0.8 0.7777777777777778 0.79375 0.7722222222222223 0.7890625 0.7722222222222223 0.7828125 0.7638888888888888
0 0.134375 0.6861111111111111 0.1359375 0.6888888888888889 0.125 0.6944444444444444 0.103125 0.6972222222222222 0.1015625 0.7 0.09375 0.6972222222222222 0.0953125 0.6916666666666667 0.1328125 0.6861111111111111
0 0.4359375 0.6444444444444445 0.4375 0.6444444444444445 0.4328125 0.6527777777777778 0.4296875 0.6555555555555556 0.4265625 0.6527777777777778 0.425 0.6611111111111111 0.409375 0.6694444444444444 0.375 0.7194444444444444 0.3546875 0.7416666666666667 0.3484375 0.7527777777777778 0.315625 0.7944444444444444 0.3125 0.7944444444444444 0.3078125 0.8 0.2578125 0.8666666666666667 0.2515625 0.8666666666666667 0.2515625 0.8611111111111112 0.2828125 0.8166666666666667 0.334375 0.7583333333333333 0.3546875 0.7305555555555555 0.3578125 0.7305555555555555 0.3765625 0.7027777777777777 0.409375 0.6638888888888889 0.415625 0.6527777777777778 0.434375 0.6472222222222223
0 0.5 0.675 0.5046875 0.6805555555555556 0.5015625 0.6861111111111111 0.5 0.6777777777777778
0 0.2875 0.6583333333333333 0.284375 0.6638888888888889 0.271875 0.6666666666666666 0.2703125 0.6694444444444444 0.2640625 0.6694444444444444 0.2640625 0.6638888888888889 0.2859375 0.6583333333333333
0 0.8953125 0.8222222222222222 0.921875 0.8305555555555556 0.928125 0.8361111111111111 0.9390625 0.8388888888888889 0.9484375 0.8472222222222222 0.946875 0.85 0.9359375 0.8472222222222222 0.9171875 0.8361111111111111 0.9109375 0.8361111111111111 0.8953125 0.825
0 0.89375 0.8222222222222222 0.9109375 0.825 0.9296875 0.8361111111111111 0.940625 0.8388888888888889 0.95 0.8472222222222222 0.9484375 0.85 0.934375 0.8472222222222222 0.915625 0.8361111111111111 0.9046875 0.8333333333333334 0.89375 0.825
0 0.83125 0.7888888888888889 0.8453125 0.7888888888888889 0.8578125 0.7944444444444444 0.8640625 0.8027777777777778 0.8765625 0.8083333333333333 0.875 0.8111111111111111 0.8640625 0.8111111111111111 0.8578125 0.8083333333333333 0.8546875 0.8027777777777778 0.85 0.8027777777777778 0.83125 0.7916666666666666
0 0.4234375 0.65 0.421875 0.6583333333333333 0.41875 0.6583333333333333 0.4046875 0.6722222222222223 0.396875 0.6861111111111111 0.384375 0.7 0.346875 0.7527777777777778 0.3421875 0.7555555555555555 0.334375 0.7694444444444445 0.328125 0.7722222222222223 0.3203125 0.7861111111111111 0.3140625 0.7833333333333333 0.3171875 0.7833333333333333 0.3203125 0.7777777777777778 0.325 0.7777777777777778 0.3265625 0.7694444444444445 0.340625 0.75 0.359375 0.7305555555555555 0.378125 0.7027777777777777 0.3984375 0.6777777777777778 0.403125 0.675 0.415625 0.6555555555555556 0.421875 0.6527777777777778
0 0.3015625 0.7166666666666667 0.3046875 0.7083333333333334 0.309375 0.7055555555555556 0.3140625 0.7111111111111111 0.3078125 0.7166666666666667 0.303125 0.7166666666666667
0 0 0.8138888888888889 0.03125 0.8 0.0484375 0.7888888888888889 0.05625 0.7888888888888889 0.06875 0.7805555555555556 0.0875 0.775 0.1078125 0.7611111111111111 0.1203125 0.7583333333333333 0.1390625 0.7472222222222222 0.153125 0.7444444444444445 0.1765625 0.7305555555555555 0.1828125 0.7305555555555555 0.215625 0.7111111111111111 0.2484375 0.7 0.2703125 0.6861111111111111 0.284375 0.6833333333333333 0.2890625 0.6777777777777778 0.3046875 0.6722222222222223 0.3109375 0.6666666666666666 0.325 0.6638888888888889 0.3453125 0.6527777777777778 0.3578125 0.65 0.3578125 0.6583333333333333 0.3421875 0.6611111111111111 0.321875 0.675 0.303125 0.6805555555555556 0.2984375 0.6861111111111111 0.2890625 0.6888888888888889 0.284375 0.6944444444444444 0.2796875 0.6944444444444444 0.2734375 0.7 0.246875 0.7083333333333334 0.2328125 0.7194444444444444 0.2171875 0.7222222222222222 0.2078125 0.7305555555555555 0.1890625 0.7388888888888889 0.1734375 0.7527777777777778 0.15625 0.7555555555555555 0.1453125 0.7638888888888888 0.1390625 0.7638888888888888 0.1328125 0.7694444444444445 0.1203125 0.7722222222222223 0.115625 0.7805555555555556 0.1015625 0.7888888888888889 0.0953125 0.7916666666666666 0.0828125 0.7916666666666666 0.08125 0.7888888888888889 0.0765625 0.7916666666666666 0.071875 0.7888888888888889 0.06875 0.7944444444444444 0.0578125 0.7972222222222223 0.0546875 0.8027777777777778 0.0578125 0.8083333333333333 0.0546875 0.8138888888888889 0.046875 0.8138888888888889 0.0390625 0.8194444444444444 0.0296875 0.8194444444444444 0.0296875 0.8166666666666667 0.0328125 0.8166666666666667 0.0375 0.8111111111111111 0.0359375 0.8083333333333333 0.0296875 0.8083333333333333 0.0234375 0.8138888888888889 0.0171875 0.8138888888888889 0.0078125 0.825 0.009375 0.8277777777777777 0.0171875 0.8277777777777777 0.01875 0.825 0.0203125 0.8277777777777777 0.01875 0.8305555555555556 0.003125 0.8333333333333334 0.0015625 0.8361111111111111 0 0.8305555555555556 0.003125 0.8277777777777777 0 0.8222222222222222 0 0.8166666666666667
0 0.2125 0.6527777777777778 0.2171875 0.6611111111111111 0.2140625 0.6666666666666666 0.1859375 0.6694444444444444 0.184375 0.6722222222222223 0.175 0.6722222222222223 0.1734375 0.6694444444444444 0.171875 0.6722222222222223 0.1609375 0.6722222222222223 0.159375 0.675 0.1453125 0.6777777777777778 0.14375 0.6805555555555556 0.1390625 0.6777777777777778 0.1328125 0.6777777777777778 0.128125 0.6833333333333333 0.1265625 0.6805555555555556 0.1203125 0.6805555555555556 0.115625 0.6861111111111111 0.10625 0.6833333333333333 0.0984375 0.6916666666666667 0.0796875 0.6916666666666667 0.078125 0.6944444444444444 0.0671875 0.6944444444444444 0.0609375 0.7 0.0515625 0.7 0.0484375 0.6972222222222222 0.046875 0.7 0.028125 0.7027777777777777 0.0265625 0.7055555555555556 0.0078125 0.7083333333333334 0.00625 0.7111111111111111 0 0.7111111111111111 0 0.7 0.0234375 0.6972222222222222 0.025 0.6944444444444444 0.034375 0.6944444444444444 0.0421875 0.6888888888888889 0.0484375 0.6888888888888889 0.0546875 0.6805555555555556 0.0515625 0.6777777777777778 0.0515625 0.6722222222222223 0.0578125 0.675 0.059375 0.6861111111111111 0.0640625 0.6833333333333333 0.0859375 0.6833333333333333 0.0875 0.6805555555555556 0.0984375 0.6805555555555556 0.1 0.6777777777777778 0.1078125 0.6833333333333333 0.1203125 0.6666666666666666 0.1265625 0.6666666666666666 0.128125 0.6694444444444444 0.1421875 0.6666666666666666 0.1453125 0.6694444444444444 0.153125 0.6611111111111111 0.2109375 0.6527777777777778
0 0.1890625 0.6944444444444444 0.190625 0.6888888888888889 0.209375 0.6805555555555556 0.2203125 0.6805555555555556 0.2203125 0.6833333333333333 0.2046875 0.6916666666666667 0.190625 0.6944444444444444
0 0.1140625 0.7194444444444444 0.115625 0.7222222222222222 0.1109375 0.725 0.0828125 0.7333333333333333 0.0515625 0.7472222222222222 0.046875 0.7444444444444445 0.0484375 0.7388888888888889 0.05625 0.7388888888888889 0.0796875 0.7277777777777777 0.1125 0.7194444444444444
0 0.5578125 0.8069444444444445 0.028125 0.05
0 0.2671875 0.7388888888888889 0.2703125 0.7444444444444445 0.2578125 0.7555555555555555 0.253125 0.7555555555555555 0.2515625 0.75 0.265625 0.7388888888888889
0 0.153125 0.8222222222222222 0.1546875 0.825 0.1484375 0.8333333333333334 0.1359375 0.8388888888888889 0.128125 0.8472222222222222 0.103125 0.8638888888888889 0.0953125 0.8638888888888889 0.0953125 0.8611111111111112 0.1125 0.8444444444444444 0.115625 0.8444444444444444 0.1265625 0.8333333333333334 0.14375 0.8222222222222222 0.1515625 0.8222222222222222
0 0.7578125 0.7444444444444445 0.76875 0.75 0.7734375 0.7583333333333333 0.75625 0.7527777777777778 0.753125 0.75 0.75625 0.7444444444444445