0 0.6046875 0.7055555555555556 0.6109375 0.7111111111111111 0.609375 0.7166666666666667 0.5984375 0.7111111111111111 0.596875 0.7083333333333334 0.5984375 0.7055555555555556 0.603125 0.7055555555555556
0 0.2234375 0.7833333333333333 0.24375 0.7666666666666667 0.2515625 0.7638888888888888 0.25625 0.7583333333333333 0.2609375 0.7583333333333333 0.2609375 0.7638888888888888 0.2515625 0.7722222222222223 0.24375 0.775 0.2265625 0.7888888888888889 0.2234375 0.7861111111111111
0 0.7875 0.9111111111111111 0.8015625 0.9111111111111111 0.846875 0.9583333333333334 0.846875 0.9611111111111111 0.834375 0.9611111111111111 0.7875 0.9138888888888889
0 0.7875 0.9111111111111111 0.7921875 0.9083333333333333 0.803125 0.9111111111111111 0.8109375 0.9222222222222223 0.8359375 0.9444444444444444 0.846875 0.9583333333333334 0.846875 0.9611111111111111 0.834375 0.9611111111111111 0.8125 0.9416666666666667 0.7875 0.9138888888888889
0 0.44375 0.6361111111111111 0.446875 0.6361111111111111 0.428125 0.6555555555555556 0.4234375 0.6555555555555556 0.41875 0.6611111111111111 0.421875 0.6916666666666667 0.425 0.7027777777777777 0.425 0.725 0.4140625 0.7472222222222222 0.396875 0.7944444444444444 0.3890625 0.8083333333333333 0.3765625 0.8416666666666667 0.3625 0.8694444444444445 0.35625 0.8888888888888888 0.3359375 0.9333333333333333 0.334375 0.9416666666666667 0.328125 0.9527777777777777 0.3171875 0.9833333333333333 0.3078125 0.9972222222222222 0.296875 0.9972222222222222 0.2953125 0.9944444444444445 0.315625 0.9444444444444444 0.325 0.9277777777777778 0.3265625 0.9194444444444444 0.340625 0.8916666666666667 0.3375 0.8861111111111111 0.31875 0.9222222222222223 0.2984375 0.9694444444444444 0.284375 0.9944444444444445 0.28125 0.9972222222222222 0.2671875 0.9972222222222222 0.2671875 0.9916666666666667 0.4109375 0.7194444444444444 0.4125 0.7138888888888889 0.4109375 0.6694444444444444 0.4125 0.6638888888888889 0.4421875 0.6388888888888888
0 0.559375 0.7083333333333334 0.5609375 0.7055555555555556 0.575 0.7055555555555556 0.578125 0.7083333333333334 0.578125 0.7138888888888889 0.575 0.7166666666666667 0.5609375 0.7111111111111111
0 0.596875 0.7194444444444444 0.6 0.7166666666666667 0.60625 0.7222222222222222 0.60625 0.7277777777777777 0.6015625 0.7277777777777777 0.5984375 0.7222222222222222
0 0.6765625 0.8 0.6875 0.8027777777777778 0.703125 0.8194444444444444 0.7015625 0.825 0.6984375 0.825 0.68125 0.8111111111111111 0.6765625 0.8027777777777778
0 0.49375 0.6333333333333333 0.503125 0.6416666666666667 0.528125 0.6777777777777778 0.5421875 0.7027777777777777 0.553125 0.7166666666666667 0.571875 0.7527777777777778 0.5796875 0.7611111111111111 0.5859375 0.775 0.5921875 0.7777777777777778 0.6125 0.8138888888888889 0.61875 0.8166666666666667 0.625 0.8277777777777777 0.625 0.8333333333333334 0.6296875 0.8361111111111111 0.6265625 0.8416666666666667 0.6421875 0.8694444444444445 0.6515625 0.8777777777777778 0.6515625 0.8833333333333333 0.65625 0.8916666666666667 0.66875 0.9055555555555556 0.6703125 0.9111111111111111 0.675 0.9138888888888889 0.6765625 0.9222222222222223 0.709375 0.9805555555555555 0.7171875 0.9888888888888889 0.71875 0.9833333333333333 0.7265625 0.9805555555555555 0.734375 0.9916666666666667 0.734375 0.9944444444444445 0.7171875 0.9944444444444445 0.715625 0.9972222222222222 0.6875 0.9972222222222222 0.684375 0.9944444444444445 0.615625 0.8638888888888889 0.5984375 0.8361111111111111 0.5796875 0.7972222222222223 0.56875 0.7805555555555556 0.5421875 0.725 0.49375 0.6361111111111111
0 0.6296875 0.7472222222222222 0.6375 0.7527777777777778 0.640625 0.7611111111111111 0.634375 0.7611111111111111 0.6265625 0.7527777777777778 0.628125 0.75
0 0.6125 0.725 0.6203125 0.7222222222222222 0.6375 0.7305555555555555 0.6375 0.7333333333333333 0.6328125 0.7361111111111112 0.63125 0.7333333333333333 0.6140625 0.7333333333333333 0.6125 0.7277777777777777