0 0.8765625 0.7777777777777778 0.8875 0.7777777777777778 0.8953125 0.7833333333333333 0.9015625 0.7833333333333333 0.9203125 0.7916666666666666 0.93125 0.8 0.93125 0.8027777777777778 0.9203125 0.8027777777777778 0.91875 0.8 0.9 0.7944444444444444 0.89375 0.7888888888888889 0.8875 0.7888888888888889 0.8765625 0.7805555555555556
0 0.240625 0.775 0.240625 0.7805555555555556 0.225 0.7888888888888889 0.221875 0.7944444444444444 0.2125 0.8 0.2046875 0.8 0.2046875 0.7944444444444444 0.209375 0.7888888888888889 0.228125 0.775 0.2390625 0.775
0 0.875 0.7777777777777778 0.8859375 0.7777777777777778 0.8875 0.7805555555555556 0.9015625 0.7833333333333333 0.909375 0.7888888888888889 0.921875 0.7916666666666666 0.9328125 0.8 0.9328125 0.8027777777777778 0.91875 0.8027777777777778 0.88125 0.7861111111111111 0.875 0.7805555555555556
0 0 0.9305555555555556 0.009375 0.9305555555555556 0.0359375 0.9138888888888889 0.05 0.9111111111111111 0.0625 0.9027777777777778 0.0734375 0.9027777777777778 0.0734375 0.9083333333333333 0.06875 0.9166666666666666 0.0234375 0.9583333333333334 0.00625 0.9777777777777777 0 0.9888888888888889 0 0.9333333333333333
0 0.3375 0.7833333333333333 0.3484375 0.7611111111111111 0.353125 0.7583333333333333 0.36875 0.7333333333333333 0.390625 0.7055555555555556 0.3953125 0.7027777777777777 0.4140625 0.675 0.421875 0.6722222222222223 0.4234375 0.6777777777777778 0.4171875 0.6805555555555556 0.4125 0.6888888888888889 0.4109375 0.6972222222222222 0.4078125 0.6972222222222222 0.4 0.7055555555555556 0.3890625 0.7222222222222222 0.3828125 0.7277777777777777 0.34375 0.7833333333333333 0.3421875 0.7888888888888889 0.3390625 0.7888888888888889 0.3390625 0.7861111111111111
0 0.95625 0.8166666666666667 0.9703125 0.8166666666666667 0.9859375 0.825 0.9921875 0.825 0.9984375 0.8305555555555556 0.9984375 0.8388888888888889 0.9953125 0.8388888888888889 0.95625 0.8194444444444444
0 0.1359375 0.9555555555555556 0.1359375 0.9833333333333333 0.128125 0.9944444444444445 0.1234375 0.9972222222222222 0.1046875 0.9972222222222222 0.1140625 0.9833333333333333 0.1125 0.9777777777777777 0.1078125 0.9777777777777777 0.10625 0.9722222222222222 0.134375 0.9555555555555556
0 0.571875 0.7888888888888889 0.5796875 0.7888888888888889 0.60625 0.8388888888888889 0.6046875 0.8444444444444444 0.596875 0.8416666666666667 0.5765625 0.8055555555555556 0.571875 0.7916666666666666
0 0.1265625 0.875 0.1296875 0.8805555555555555 0.11875 0.8944444444444445 0.10625 0.9 0.103125 0.9055555555555556 0.0953125 0.9083333333333333 0.0921875 0.9138888888888889 0.08125 0.9222222222222223 0.071875 0.9222222222222223 0.0703125 0.925 0.05625 0.9277777777777778 0.0140625 0.9694444444444444 0.0046875 0.9805555555555555 0.0015625 0.9888888888888889 0 0.9888888888888889 0 0.925 0.00625 0.925 0.0203125 0.9138888888888889 0.028125 0.9138888888888889 0.0796875 0.875 0.125 0.875
0 0.1234375 0.875 0.125 0.8777777777777778 0.13125 0.8777777777777778 0.1265625 0.8805555555555555 0.121875 0.8888888888888888 0.103125 0.9 0.084375 0.9194444444444444 0.0703125 0.9194444444444444 0.0640625 0.925 0.059375 0.925 0.00625 0.9777777777777777 0.0015625 0.9888888888888889 0 0.9888888888888889 0 0.925 0.00625 0.925 0.0078125 0.9277777777777778 0.015625 0.9194444444444444 0.028125 0.9166666666666666 0.0421875 0.9027777777777778 0.05 0.9 0.05625 0.8916666666666667 0.0640625 0.8888888888888888 0.08125 0.875 0.0921875 0.875 0.09375 0.8777777777777778 0.0984375 0.875 0.121875 0.875
0 0.8234375 0.8361111111111111 0.8421875 0.8472222222222222 0.846875 0.8527777777777777 0.8453125 0.8555555555555555 0.8359375 0.8555555555555555 0.821875 0.8444444444444444 0.821875 0.8388888888888889
0 0.5640625 0.7805555555555556 0.5671875 0.7861111111111111 0.5796875 0.7888888888888889 0.60625 0.8388888888888889 0.6046875 0.8444444444444444 0.596875 0.8416666666666667 0.5828125 0.8166666666666667 0.5703125 0.8 0.5640625 0.7833333333333333
0 0.8296875 0.7527777777777778 0.83125 0.7555555555555555 0.85 0.7611111111111111 0.8578125 0.7666666666666667 0.8578125 0.7694444444444445 0.846875 0.7694444444444445 0.8328125 0.7611111111111111 0.825 0.7611111111111111 0.821875 0.7555555555555555 0.828125 0.7527777777777778
0 0.359375 0.6555555555555556 0.35 0.6638888888888889 0.334375 0.6694444444444444 0.325 0.6805555555555556 0.3078125 0.6861111111111111 0.29375 0.6972222222222222 0.275 0.7027777777777777 0.271875 0.7083333333333334 0.2546875 0.7138888888888889 0.2375 0.7277777777777777 0.21875 0.7333333333333333 0.215625 0.7388888888888889 0.1953125 0.7472222222222222 0.190625 0.7527777777777778 0.1859375 0.7527777777777778 0.171875 0.7638888888888888 0.153125 0.7694444444444445 0.090625 0.8055555555555556 0.078125 0.8111111111111111 0.0703125 0.8111111111111111 0.0640625 0.8166666666666667 0.05 0.8194444444444444 0.0125 0.8361111111111111 0.00625 0.8361111111111111 0.0046875 0.8333333333333334 0.0078125 0.8277777777777777 0.0078125 0.8194444444444444 0.0171875 0.8166666666666667 0.028125 0.8083333333333333 0.034375 0.8083333333333333 0.0390625 0.8027777777777778 0.0515625 0.8 0.0578125 0.7944444444444444 0.075 0.7888888888888889 0.0984375 0.775 0.1359375 0.7611111111111111 0.1453125 0.7527777777777778 0.1578125 0.75 0.1734375 0.7388888888888889 0.1921875 0.7333333333333333 0.203125 0.725 0.2203125 0.7194444444444444 0.2265625 0.7138888888888889 0.2390625 0.7111111111111111 0.24375 0.7055555555555556 0.25625 0.7027777777777777 0.2625 0.6972222222222222 0.275 0.6972222222222222 0.29375 0.6833333333333333 0.30625 0.6805555555555556 0.3453125 0.6583333333333333 0.3578125 0.6555555555555556