0 0.5875 0.7055555555555556 0.590625 0.7111111111111111 0.5953125 0.7111111111111111 0.6046875 0.7194444444444444 0.628125 0.7333333333333333 0.6328125 0.7333333333333333 0.6375 0.7388888888888889 0.646875 0.7416666666666667 0.65 0.7472222222222222 0.628125 0.7472222222222222 0.61875 0.7388888888888889 0.603125 0.7333333333333333 0.5984375 0.7277777777777777 0.590625 0.725 0.58125 0.7138888888888889 0.58125 0.7083333333333334 0.5859375 0.7055555555555556
0 0.5078125 0.7138888888888889 0.540625 0.7416666666666667 0.5359375 0.75 0.5234375 0.75 0.5015625 0.7305555555555555 0.4921875 0.7138888888888889 0.4984375 0.7083333333333334 0.50625 0.7138888888888889
0 0.70625 0.7138888888888889 0.7078125 0.7111111111111111 0.715625 0.7111111111111111 0.725 0.7166666666666667 0.74375 0.7194444444444444 0.7484375 0.725 0.7625 0.7277777777777777 0.8015625 0.7472222222222222 0.809375 0.7472222222222222 0.815625 0.7527777777777778 0.825 0.7527777777777778 0.8296875 0.7611111111111111 0.815625 0.7611111111111111 0.8 0.7527777777777778 0.7703125 0.7444444444444445 0.7609375 0.7361111111111112 0.73125 0.7277777777777777 0.7078125 0.7138888888888889
0 0.46875 0.7166666666666667 0.4875 0.7444444444444445 0.4859375 0.75 0.475 0.75 0.465625 0.7444444444444445 0.4546875 0.7194444444444444 0.45625 0.7166666666666667 0.4671875 0.7166666666666667
0 0.6578125 0.7083333333333334 0.671875 0.7083333333333334 0.6828125 0.7166666666666667 0.7 0.7194444444444444 0.7046875 0.725 0.7171875 0.7277777777777777 0.7453125 0.7416666666666667 0.7515625 0.7416666666666667 0.7640625 0.75 0.76875 0.75 0.771875 0.7555555555555555 0.78125 0.7583333333333333 0.78125 0.7611111111111111 0.7671875 0.7611111111111111 0.7625 0.7555555555555555 0.740625 0.75 0.7140625 0.7361111111111112 0.70625 0.7361111111111112 0.7046875 0.7333333333333333 0.6828125 0.7277777777777777 0.675 0.7194444444444444 0.6578125 0.7111111111111111
0 0.3015625 0.7222222222222222 0.3390625 0.7222222222222222 0.3421875 0.725 0.3296875 0.7472222222222222 0.3171875 0.7555555555555555 0.3125 0.7666666666666667 0.3078125 0.7666666666666667 0.3 0.75 0.3 0.7305555555555555 0.3015625 0.725
0 0.61875 0.7111111111111111 0.6203125 0.7083333333333334 0.63125 0.7083333333333334 0.6546875 0.7222222222222222 0.678125 0.7305555555555555 0.68125 0.7361111111111112 0.6875 0.7361111111111112 0.69375 0.7416666666666667 0.70625 0.7444444444444445 0.7078125 0.75 0.6890625 0.75 0.6765625 0.7444444444444445 0.671875 0.7388888888888889 0.665625 0.7388888888888889 0.646875 0.7305555555555555 0.6203125 0.7138888888888889
0 0.8109375 0.7138888888888889 0.81875 0.7194444444444444 0.8421875 0.725 0.85625 0.7333333333333333 0.8578125 0.7361111111111112 0.85625 0.7388888888888889 0.8546875 0.7361111111111112 0.828125 0.7333333333333333 0.8203125 0.7277777777777777 0.8015625 0.7222222222222222 0.796875 0.7166666666666667 0.7984375 0.7138888888888889 0.809375 0.7138888888888889
0 0.534375 0.7055555555555556 0.5359375 0.7083333333333334 0.5390625 0.7055555555555556 0.5484375 0.7055555555555556 0.553125 0.7111111111111111 0.559375 0.7083333333333334 0.56875 0.7111111111111111 0.575 0.7055555555555556 0.5859375 0.7027777777777777 0.5953125 0.7111111111111111 0.6015625 0.7083333333333334 0.6078125 0.7111111111111111 0.6125 0.7083333333333334 0.634375 0.7083333333333334 0.6359375 0.7111111111111111 0.6765625 0.7083333333333334 0.6796875 0.7138888888888889 0.7546875 0.7083333333333334 0.75625 0.7111111111111111 0.765625 0.7111111111111111 0.7703125 0.7166666666666667 0.7890625 0.7166666666666667 0.79375 0.7194444444444444 0.7984375 0.7138888888888889 0.8109375 0.7138888888888889 0.8296875 0.7222222222222222 0.8359375 0.7194444444444444 0.8390625 0.725 0.8609375 0.7361111111111112 0.834375 0.75 0.8296875 0.7611111111111111 0.825 0.7638888888888888 0.8125 0.7583333333333333 0.8046875 0.7583333333333333 0.803125 0.7555555555555555 0.790625 0.7555555555555555 0.7828125 0.7611111111111111 0.7671875 0.7611111111111111 0.759375 0.7555555555555555 0.75 0.7555555555555555 0.734375 0.7472222222222222 0.721875 0.7472222222222222 0.7140625 0.7527777777777778 0.6921875 0.7527777777777778 0.690625 0.75 0.6765625 0.7472222222222222 0.671875 0.7416666666666667 0.6671875 0.7416666666666667 0.6609375 0.7472222222222222 0.6515625 0.7472222222222222 0.65 0.75 0.628125 0.75 0.621875 0.7444444444444445 0.6015625 0.7444444444444445 0.596875 0.75 0.5875 0.7527777777777778 0.575 0.7472222222222222 0.565625 0.7388888888888889 0.55 0.7361111111111112 0.546875 0.7277777777777777 0.5390625 0.7194444444444444 0.5359375 0.7194444444444444 0.5328125 0.7305555555555555 0.5375 0.7388888888888889 0.54375 0.7416666666666667 0.5375 0.75 0.521875 0.75 0.503125 0.7388888888888889 0.4984375 0.7472222222222222 0.475 0.7527777777777778 0.453125 0.7388888888888889 0.45 0.7444444444444445 0.4453125 0.7416666666666667 0.440625 0.7527777777777778 0.434375 0.7555555555555555 0.43125 0.75 0.4296875 0.7388888888888889 0.4265625 0.7416666666666667 0.4265625 0.75 0.41875 0.75 0.4171875 0.7472222222222222 0.41875 0.725 0.428125 0.7111111111111111 0.44375 0.7111111111111111 0.4453125 0.7138888888888889 0.4671875 0.7111111111111111 0.471875 0.7166666666666667 0.4859375 0.7194444444444444 0.490625 0.7111111111111111 0.4953125 0.7083333333333334 0.5078125 0.7111111111111111 0.509375 0.7138888888888889 0.515625 0.7138888888888889 0.51875 0.7083333333333334 0.5328125 0.7083333333333334
0 0.8421875 0.7138888888888889 0.8515625 0.7138888888888889 0.875 0.7277777777777777 0.8734375 0.7333333333333333 0.8625 0.7333333333333333 0.8546875 0.725 0.8453125 0.7222222222222222 0.8421875 0.7166666666666667
0 0.5359375 0.7083333333333334 0.55 0.7083333333333334 0.56875 0.725 0.5859375 0.7333333333333333 0.5921875 0.7416666666666667 0.5953125 0.7416666666666667 0.59375 0.75 0.578125 0.7472222222222222 0.55 0.7277777777777777 0.540625 0.7194444444444444 0.5359375 0.7111111111111111
0 0.6140625 0.7638888888888888 0.615625 0.7666666666666667 0.678125 0.7666666666666667 0.6796875 0.7694444444444445 0.7078125 0.7694444444444445 0.709375 0.7722222222222223 0.7671875 0.7722222222222223 0.7734375 0.7777777777777778 0.8296875 0.7777777777777778 0.834375 0.7833333333333333 0.83125 0.7888888888888889 0.8234375 0.7888888888888889 0.821875 0.7861111111111111 0.7671875 0.7861111111111111 0.765625 0.7833333333333333 0.6890625 0.7805555555555556 0.6875 0.7777777777777778 0.66875 0.7777777777777778 0.6671875 0.775 0.6453125 0.775 0.64375 0.7777777777777778 0.63125 0.775 0.6296875 0.7777777777777778 0.6234375 0.7777777777777778 0.621875 0.775 0.5875 0.775 0.5859375 0.7722222222222223 0.575 0.7722222222222223 0.5734375 0.7694444444444445 0.53125 0.7694444444444445 0.5296875 0.7722222222222223 0.434375 0.7694444444444445 0.43125 0.7666666666666667 0.4359375 0.7611111111111111 0.4765625 0.7611111111111111 0.478125 0.7583333333333333 0.4921875 0.7583333333333333 0.5015625 0.7638888888888888 0.503125 0.7611111111111111 0.5890625 0.7611111111111111 0.590625 0.7638888888888888 0.6125 0.7638888888888888
0 0.7421875 0.7111111111111111 0.75625 0.7111111111111111 0.778125 0.7222222222222222 0.7859375 0.7222222222222222 0.7953125 0.7277777777777777 0.80625 0.7277777777777777 0.815625 0.7333333333333333 0.825 0.7333333333333333 0.8296875 0.7388888888888889 0.840625 0.7388888888888889 0.8421875 0.7416666666666667 0.840625 0.7472222222222222 0.8140625 0.7444444444444445 0.79375 0.7333333333333333 0.7671875 0.7277777777777777 0.7640625 0.7222222222222222 0.7578125 0.7222222222222222 0.74375 0.7138888888888889