0 0.6484375 0.8444444444444444 0.6484375 0.85 0.6421875 0.8527777777777777 0.6109375 0.8527777777777777 0.609375 0.85 0.571875 0.85 0.5703125 0.8527777777777777 0.5609375 0.8527777777777777 0.559375 0.85 0.540625 0.85 0.5390625 0.8527777777777777 0.4890625 0.8527777777777777 0.4875 0.8555555555555555 0.446875 0.8555555555555555 0.4453125 0.8583333333333333 0.3703125 0.8583333333333333 0.3578125 0.8527777777777777 0.3375 0.8527777777777777 0.3359375 0.8555555555555555 0.2765625 0.8583333333333333 0.275 0.8611111111111112 0.2671875 0.8583333333333333 0.265625 0.8611111111111112 0.234375 0.8611111111111112 0.2328125 0.8638888888888889 0.1671875 0.8666666666666667 0.165625 0.8694444444444445 0.1484375 0.8694444444444445 0.146875 0.8722222222222222 0.121875 0.8722222222222222 0.1203125 0.875 0.10625 0.875 0.1046875 0.8777777777777778 0.0765625 0.8777777777777778 0.075 0.875 0.0765625 0.8694444444444445 0.1015625 0.8638888888888889 0.103125 0.8611111111111112 0.1375 0.8611111111111112 0.1390625 0.8583333333333333 0.159375 0.8583333333333333 0.1609375 0.8555555555555555 0.196875 0.8555555555555555 0.1984375 0.8527777777777777 0.21875 0.8527777777777777 0.2203125 0.85 0.275 0.85 0.2765625 0.8472222222222222 0.3078125 0.8472222222222222 0.309375 0.8444444444444444 0.4515625 0.8416666666666667 0.453125 0.8388888888888889 0.5046875 0.8388888888888889 0.50625 0.8361111111111111 0.6421875 0.8361111111111111 0.646875 0.8444444444444444
0 0.5890625 0.7416666666666667 0.596875 0.7416666666666667 0.5984375 0.7388888888888889 0.6015625 0.7416666666666667 0.61875 0.7416666666666667 0.6203125 0.7444444444444445 0.628125 0.7444444444444445 0.6390625 0.75 0.64375 0.7444444444444445 0.66875 0.7444444444444445 0.6765625 0.75 0.69375 0.7527777777777778 0.709375 0.7638888888888888 0.709375 0.7694444444444445 0.6984375 0.7722222222222223 0.68125 0.7611111111111111 0.6546875 0.7527777777777778 0.6515625 0.7583333333333333 0.6546875 0.7666666666666667 0.6375 0.7666666666666667 0.6359375 0.7638888888888888 0.61875 0.7611111111111111 0.60625 0.75 0.590625 0.7444444444444445
0 0.50625 0.7416666666666667 0.5296875 0.7444444444444445 0.5375 0.7583333333333333 0.5359375 0.7638888888888888 0.5140625 0.7638888888888888 0.50625 0.7444444444444445
0 0.4703125 0.7388888888888889 0.4765625 0.7416666666666667 0.48125 0.75 0.4796875 0.7611111111111111 0.4765625 0.7666666666666667 0.46875 0.7666666666666667 0.4671875 0.7694444444444445 0.4515625 0.7666666666666667 0.4421875 0.75 0.43125 0.7555555555555555 0.415625 0.7722222222222223 0.4078125 0.7722222222222223 0.40625 0.775 0.3921875 0.7722222222222223 0.3859375 0.7638888888888888 0.3890625 0.7638888888888888 0.390625 0.7611111111111111 0.3890625 0.7583333333333333 0.378125 0.7555555555555555 0.359375 0.7722222222222223 0.3390625 0.7777777777777778 0.3375 0.775 0.328125 0.775 0.3296875 0.7694444444444445 0.3359375 0.7638888888888888 0.334375 0.7555555555555555 0.328125 0.7611111111111111 0.3203125 0.7611111111111111 0.3109375 0.7694444444444445 0.296875 0.7722222222222223 0.28125 0.7805555555555556 0.26875 0.7805555555555556 0.265625 0.7777777777777778 0.2671875 0.775 0.2859375 0.7638888888888888 0.2921875 0.7638888888888888 0.3078125 0.7527777777777778 0.3234375 0.75 0.325 0.7472222222222222 0.3453125 0.7472222222222222 0.3484375 0.75 0.35 0.7472222222222222 0.3828125 0.7444444444444445 0.384375 0.7472222222222222 0.39375 0.7472222222222222 0.396875 0.75 0.3984375 0.7472222222222222 0.409375 0.7472222222222222 0.4171875 0.7416666666666667 0.43125 0.7416666666666667 0.4328125 0.7444444444444445 0.4515625 0.7416666666666667 0.45625 0.7444444444444445 0.46875 0.7388888888888889
0 0.475 0.7416666666666667 0.4765625 0.7444444444444445 0.4765625 0.7638888888888888 0.4734375 0.7666666666666667 0.4546875 0.7666666666666667 0.453125 0.7638888888888888 0.4546875 0.75 0.459375 0.7416666666666667 0.4734375 0.7416666666666667
0 0.3796875 0.7444444444444445 0.38125 0.75 0.3515625 0.775 0.3296875 0.775 0.334375 0.7666666666666667 0.35625 0.75 0.378125 0.7444444444444445
0 0.3921875 0.7694444444444445 0.409375 0.7472222222222222 0.4203125 0.7416666666666667 0.428125 0.7416666666666667 0.4296875 0.75 0.41875 0.7666666666666667 0.4109375 0.7722222222222223 0.39375 0.7722222222222223
0 0.603125 0.7388888888888889 0.6046875 0.7416666666666667 0.6171875 0.7416666666666667 0.61875 0.7444444444444445 0.634375 0.7472222222222222 0.6484375 0.7555555555555555 0.65625 0.7666666666666667 0.6375 0.7666666666666667 0.6359375 0.7638888888888888 0.621875 0.7611111111111111 0.6078125 0.75 0.590625 0.7444444444444445 0.590625 0.7416666666666667 0.6015625 0.7388888888888889
0 0.76875 0.7972222222222223 0.7703125 0.8 0.7796875 0.8 0.7921875 0.8055555555555556 0.796875 0.8138888888888889 0.790625 0.8166666666666667 0.7890625 0.8138888888888889 0.7765625 0.8111111111111111 0.7640625 0.8027777777777778 0.7671875 0.8
0 0.2640625 0.7777777777777778 0.296875 0.7583333333333333 0.315625 0.75 0.321875 0.75 0.3234375 0.7472222222222222 0.3375 0.7472222222222222 0.3359375 0.7527777777777778 0.325 0.7611111111111111 0.3140625 0.7638888888888888 0.2953125 0.775 0.2796875 0.7777777777777778 0.278125 0.7805555555555556 0.26875 0.7805555555555556 0.265625 0.7777777777777778
0 0.5515625 0.7361111111111112 0.553125 0.7388888888888889 0.5828125 0.7472222222222222 0.5953125 0.7583333333333333 0.596875 0.7638888888888888 0.5734375 0.7611111111111111 0.5484375 0.7416666666666667 0.546875 0.7388888888888889 0.55 0.7361111111111112
0 0.70625 0.7916666666666666 0.7078125 0.7888888888888889 0.7109375 0.7916666666666666 0.7203125 0.7916666666666666 0.7421875 0.8055555555555556 0.7515625 0.8083333333333333 0.753125 0.8138888888888889 0.7296875 0.8138888888888889 0.7203125 0.8083333333333333 0.7078125 0.7944444444444444