0 0.9609375 0.3138888888888889 0.9609375 0.31666666666666665 0.95625 0.3194444444444444 0.9296875 0.32222222222222224 0.928125 0.325 0.915625 0.325 0.9140625 0.3277777777777778 0.90625 0.3277777777777778 0.9046875 0.325 0.9078125 0.32222222222222224 0.959375 0.3138888888888889
0 0.4453125 0.5944444444444444 0.453125 0.5833333333333334 0.4640625 0.575 0.478125 0.5583333333333333 0.5390625 0.5027777777777778 0.5421875 0.5027777777777778 0.55 0.49166666666666664 0.565625 0.4888888888888889 0.5640625 0.49722222222222223 0.5578125 0.5 0.5390625 0.5194444444444445 0.5359375 0.5194444444444445 0.53125 0.5277777777777778 0.496875 0.5583333333333333 0.46875 0.5888888888888889 0.459375 0.5972222222222222 0.446875 0.5972222222222222
0 0.565625 0.3861111111111111 0.578125 0.37777777777777777 0.6078125 0.37222222222222223 0.609375 0.36944444444444446 0.6171875 0.36944444444444446 0.628125 0.3638888888888889 0.634375 0.36666666666666664 0.628125 0.37222222222222223 0.6 0.37777777777777777 0.5984375 0.38055555555555554 0.58125 0.38333333333333336 0.5796875 0.3861111111111111 0.5671875 0.3861111111111111
0 0.59375 0.4638888888888889 0.5953125 0.4583333333333333 0.6015625 0.4527777777777778 0.6265625 0.4388888888888889 0.6359375 0.4305555555555556 0.6453125 0.42777777777777776 0.6546875 0.41944444444444445 0.6625 0.41944444444444445 0.6609375 0.425 0.63125 0.44166666666666665 0.6046875 0.4638888888888889 0.5953125 0.4638888888888889
0 0.890625 0.4722222222222222 0.9015625 0.4722222222222222 0.9046875 0.475 0.921875 0.5138888888888888 0.95 0.5611111111111111 0.9484375 0.5666666666666667 0.9359375 0.5666666666666667 0.9328125 0.5638888888888889 0.9109375 0.5277777777777778 0.8984375 0.5 0.890625 0.475
0 0.7296875 0.38055555555555554 0.728125 0.3861111111111111 0.6796875 0.4111111111111111 0.6765625 0.4111111111111111 0.6765625 0.4083333333333333 0.68125 0.4027777777777778 0.70625 0.3888888888888889 0.7171875 0.3861111111111111 0.7234375 0.38055555555555554 0.728125 0.38055555555555554
0 0.0953125 0.9972222222222222 0.1 0.9861111111111112 0.121875 0.9583333333333334 0.1265625 0.9555555555555556 0.1421875 0.9333333333333333 0.159375 0.9166666666666666 0.184375 0.8833333333333333 0.1890625 0.8805555555555555 0.2125 0.85 0.2484375 0.8111111111111111 0.271875 0.7805555555555556 0.3625 0.6805555555555556 0.3796875 0.6805555555555556 0.3796875 0.6861111111111111 0.36875 0.7027777777777777 0.275 0.8166666666666667 0.253125 0.8472222222222222 0.153125 0.9722222222222222 0.146875 0.9833333333333333 0.1359375 0.9944444444444445 0.096875 0.9972222222222222
0 0.7484375 0.37222222222222223 0.7546875 0.36666666666666664 0.7609375 0.36666666666666664 0.7859375 0.35555555555555557 0.79375 0.35555555555555557 0.7953125 0.3527777777777778 0.803125 0.3527777777777778 0.803125 0.35555555555555557 0.79375 0.3611111111111111 0.7875 0.3611111111111111 0.7625 0.37222222222222223 0.753125 0.37222222222222223 0.7515625 0.375 0.75 0.37222222222222223
0 0.18125 0.5194444444444445 0.18125 0.5222222222222223 0.15625 0.5333333333333333 0.128125 0.5416666666666666 0.1203125 0.5472222222222223 0.1140625 0.5472222222222223 0.1 0.5555555555555556 0.071875 0.5638888888888889 0.0640625 0.5694444444444444 0.0359375 0.5777777777777777 0.00625 0.5916666666666667 0 0.5916666666666667 0 0.5805555555555556 0.04375 0.5666666666666667 0.0578125 0.5583333333333333 0.071875 0.5555555555555556 0.0796875 0.55 0.1390625 0.5305555555555556 0.1625 0.5194444444444445 0.1796875 0.5194444444444445
0 0.7671875 0.33055555555555555 0.76875 0.3333333333333333 0.765625 0.33611111111111114 0.7484375 0.3388888888888889 0.7390625 0.34444444444444444 0.7265625 0.34444444444444444 0.725 0.3472222222222222 0.70625 0.3472222222222222 0.7109375 0.3416666666666667 0.765625 0.33055555555555555
0 0.88125 0.33055555555555555 0.878125 0.33611111111111114 0.8515625 0.3416666666666667 0.85 0.34444444444444444 0.840625 0.34444444444444444 0.8390625 0.3472222222222222 0.8234375 0.3472222222222222 0.8296875 0.3416666666666667 0.8796875 0.33055555555555555
0 0.4796875 0.41388888888888886 0.4796875 0.4166666666666667 0.475 0.41944444444444445 0.459375 0.4222222222222222 0.4578125 0.425 0.434375 0.4305555555555556 0.4328125 0.43333333333333335 0.425 0.43333333333333335 0.4234375 0.4361111111111111 0.39375 0.4444444444444444 0.3921875 0.44722222222222224 0.384375 0.44722222222222224 0.3828125 0.45 0.371875 0.45 0.3703125 0.4444444444444444 0.3875 0.44166666666666665 0.39375 0.4361111111111111 0.428125 0.42777777777777776 0.4359375 0.4222222222222222 0.446875 0.4222222222222222 0.4640625 0.41388888888888886 0.4734375 0.41388888888888886 0.475 0.4111111111111111 0.478125 0.41388888888888886
0 0.8875 0.41944444444444445 0.8875 0.41388888888888886 0.890625 0.40555555555555556 0.9015625 0.3888888888888889 0.90625 0.3888888888888889 0.9078125 0.39444444444444443 0.903125 0.4027777777777778 0.8984375 0.41944444444444445 0.8953125 0.4222222222222222 0.8890625 0.41944444444444445