0 0.78125 0.9222222222222223 0.7875 0.925 0.8046875 0.9416666666666667 0.8078125 0.9416666666666667 0.8140625 0.95 0.825 0.9555555555555556 0.8390625 0.9722222222222222 0.8703125 0.9972222222222222 0.8078125 0.9972222222222222 0.8015625 0.9888888888888889 0.7890625 0.9805555555555555 0.784375 0.9694444444444444 0.7609375 0.95 0.759375 0.9444444444444444 0.75 0.9361111111111111 0.7453125 0.9277777777777778 0.7453125 0.925 0.7796875 0.9222222222222223
0 0.0859375 0.9 0.0890625 0.9027777777777778 0.0859375 0.9055555555555556 0.0765625 0.9083333333333333 0.0578125 0.9194444444444444 0.053125 0.925 0.0484375 0.925 0.0296875 0.9388888888888889 0.0171875 0.9416666666666667 0 0.9555555555555556 0 0.9222222222222223 0.003125 0.9222222222222223 0.0078125 0.9166666666666666 0.0421875 0.9 0.0640625 0.9 0.065625 0.8972222222222223 0.084375 0.9
0 0.3390625 0.9027777777777778 0.3453125 0.9055555555555556 0.346875 0.9111111111111111 0.334375 0.9333333333333333 0.3265625 0.9416666666666667 0.309375 0.975 0.3015625 0.9833333333333333 0.29375 0.9833333333333333 0.2921875 0.9805555555555555 0.2859375 0.9805555555555555 0.284375 0.9833333333333333 0.2484375 0.9833333333333333 0.246875 0.9805555555555555 0.2359375 0.9805555555555555 0.2421875 0.9694444444444444 0.246875 0.9638888888888889 0.25 0.9638888888888889 0.271875 0.9333333333333333 0.275 0.9333333333333333 0.2859375 0.9166666666666666 0.296875 0.9055555555555556 0.30625 0.9 0.309375 0.9027777777777778 0.3375 0.9027777777777778
0 0.60625 0.9138888888888889 0.625 0.9472222222222222 0.628125 0.9583333333333334 0.646875 0.9972222222222222 0.58125 0.9972222222222222 0.5796875 0.9944444444444445 0.575 0.9694444444444444 0.5609375 0.9222222222222223 0.5609375 0.9138888888888889 0.5625 0.9111111111111111 0.5640625 0.9138888888888889 0.6046875 0.9138888888888889
0 0.4609375 0.7111111111111111 0.4546875 0.7222222222222222 0.4484375 0.725 0.4453125 0.7222222222222222 0.446875 0.7166666666666667 0.459375 0.7111111111111111
0 0.165625 0.9777777777777777 0.178125 0.9611111111111111 0.19375 0.9472222222222222 0.196875 0.9472222222222222 0.203125 0.9388888888888889 0.20625 0.9388888888888889 0.209375 0.9333333333333333 0.2328125 0.9138888888888889 0.25 0.8944444444444445 0.2546875 0.8944444444444445 0.275 0.8722222222222222 0.284375 0.8666666666666667 0.29375 0.8555555555555555 0.296875 0.8555555555555555 0.3 0.85 0.309375 0.8444444444444444 0.3171875 0.8333333333333334 0.3375 0.8166666666666667 0.340625 0.8194444444444444 0.3390625 0.825 0.328125 0.8361111111111111 0.3171875 0.8527777777777777 0.3140625 0.8527777777777777 0.2953125 0.875 0.2875 0.8777777777777778 0.2734375 0.8944444444444445 0.2453125 0.9194444444444444 0.234375 0.9333333333333333 0.2296875 0.9333333333333333 0.2140625 0.9472222222222222 0.20625 0.9583333333333334 0.2015625 0.9583333333333334 0.1890625 0.975 0.184375 0.9777777777777777 0.1671875 0.9777777777777777
0 0.1828125 0.8972222222222223 0.184375 0.9 0.1875 0.8972222222222223 0.2140625 0.9 0.215625 0.9055555555555556 0.2125 0.9111111111111111 0.203125 0.9166666666666666 0.2 0.925 0.190625 0.9277777777777778 0.184375 0.9388888888888889 0.1765625 0.9388888888888889 0.1671875 0.95 0.1625 0.95 0.15625 0.9555555555555556 0.1515625 0.9638888888888889 0.146875 0.9638888888888889 0.1296875 0.975 0.1203125 0.975 0.1140625 0.9694444444444444 0.0796875 0.9694444444444444 0.078125 0.9722222222222222 0.071875 0.9666666666666667 0.059375 0.9638888888888889 0.0578125 0.9611111111111111 0.0609375 0.9611111111111111 0.0625 0.9555555555555556 0.08125 0.9583333333333334 0.0859375 0.9444444444444444 0.1078125 0.9444444444444444 0.13125 0.925 0.1359375 0.925 0.140625 0.9194444444444444 0.1515625 0.9138888888888889 0.1578125 0.9055555555555556 0.18125 0.8972222222222223
0 0.9 0.9333333333333333 0.903125 0.9305555555555556 0.9203125 0.9305555555555556 0.921875 0.9333333333333333 0.95 0.9361111111111111 0.9546875 0.9416666666666667 0.9640625 0.9444444444444444 0.9671875 0.95 0.971875 0.95 0.9890625 0.9611111111111111 0.9890625 0.9944444444444445 0.9875 0.9944444444444445 0.96875 0.9833333333333333 0.9625 0.975 0.9484375 0.9694444444444444 0.94375 0.9638888888888889 0.9359375 0.9611111111111111 0.9015625 0.9361111111111111
0 0.4296875 0.7388888888888889 0.421875 0.7527777777777778 0.4 0.7722222222222223 0.3953125 0.7722222222222223 0.396875 0.7638888888888888 0.4 0.7638888888888888 0.4234375 0.7388888888888889 0.428125 0.7388888888888889
0 0.4734375 0.9083333333333333 0.4796875 0.9166666666666666 0.478125 0.9361111111111111 0.475 0.9444444444444444 0.475 0.9722222222222222 0.46875 0.9916666666666667 0.45625 0.9916666666666667 0.4546875 0.9944444444444445 0.4046875 0.9916666666666667 0.4046875 0.9861111111111112 0.415625 0.9472222222222222 0.41875 0.9444444444444444 0.4234375 0.9305555555555556 0.428125 0.9111111111111111 0.434375 0.9111111111111111 0.4359375 0.9083333333333333 0.471875 0.9083333333333333
0 0.2046875 0.8972222222222223 0.20625 0.9 0.2125 0.9 0.215625 0.9027777777777778 0.2140625 0.9055555555555556 0.2015625 0.9138888888888889 0.196875 0.9222222222222223 0.1890625 0.925 0.18125 0.9361111111111111 0.1734375 0.9388888888888889 0.16875 0.9472222222222222 0.1578125 0.9527777777777777 0.1515625 0.9638888888888889 0.146875 0.9638888888888889 0.1375 0.9722222222222222 0.13125 0.9722222222222222 0.1296875 0.975 0.11875 0.975 0.1140625 0.9694444444444444 0.084375 0.9694444444444444 0.0828125 0.9666666666666667 0.075 0.9694444444444444 0.071875 0.9638888888888889 0.0625 0.9638888888888889 0.065625 0.9555555555555556 0.0859375 0.9611111111111111 0.096875 0.9472222222222222 0.1078125 0.9444444444444444 0.115625 0.9361111111111111 0.121875 0.9361111111111111 0.159375 0.9055555555555556 0.165625 0.9055555555555556 0.1703125 0.9 0.175 0.9027777777777778 0.1765625 0.9 0.203125 0.8972222222222223
0 0.2046875 0.8972222222222223 0.20625 0.9 0.215625 0.9 0.2171875 0.9027777777777778 0.2140625 0.9083333333333333 0.2046875 0.9166666666666666 0.203125 0.9138888888888889 0.2 0.9194444444444444 0.1875 0.9305555555555556 0.184375 0.9305555555555556 0.16875 0.9472222222222222 0.1546875 0.9527777777777777 0.1515625 0.9583333333333334 0.1375 0.9694444444444444 0.1234375 0.9722222222222222 0.121875 0.975 0.115625 0.975 0.1140625 0.9722222222222222 0.0734375 0.9722222222222222 0.078125 0.9638888888888889 0.0859375 0.9611111111111111 0.1015625 0.9472222222222222 0.121875 0.9361111111111111 0.125 0.9305555555555556 0.1375 0.925 0.16875 0.9 0.203125 0.8972222222222223