0 0.55 0.7277777777777777 0.5546875 0.7277777777777777 0.5609375 0.7388888888888889 0.5609375 0.7444444444444445 0.5578125 0.7444444444444445 0.55 0.7305555555555555
0 0.634375 0.9055555555555556 0.6421875 0.9083333333333333 0.6484375 0.9194444444444444 0.6609375 0.925 0.6703125 0.9361111111111111 0.678125 0.9472222222222222 0.684375 0.9666666666666667 0.6984375 0.9805555555555555 0.70625 0.9972222222222222 0.6828125 0.9972222222222222 0.659375 0.9527777777777777 0.65625 0.9527777777777777 0.65 0.9444444444444444 0.634375 0.9083333333333333
0 0.434375 0.725 0.4375 0.7166666666666667 0.4421875 0.7166666666666667 0.4421875 0.7194444444444444 0.4390625 0.7277777777777777 0.4359375 0.725
0 0.346875 0.7972222222222223 0.3515625 0.8 0.3515625 0.8055555555555556 0.3484375 0.8111111111111111 0.3375 0.8138888888888889 0.3375 0.8083333333333333 0.3453125 0.8
0 0.284375 0.8666666666666667 0.2859375 0.875 0.275 0.8833333333333333 0.2625 0.9 0.259375 0.9 0.246875 0.9138888888888889 0.240625 0.9166666666666666 0.2328125 0.9277777777777778 0.2171875 0.9388888888888889 0.2078125 0.9527777777777777 0.1859375 0.9694444444444444 0.165625 0.9694444444444444 0.1640625 0.9666666666666667 0.1703125 0.9583333333333334 0.1765625 0.9555555555555556 0.1890625 0.9416666666666667 0.2046875 0.9305555555555556 0.2125 0.9194444444444444 0.215625 0.9194444444444444 0.2328125 0.9027777777777778 0.2359375 0.9027777777777778 0.253125 0.8833333333333333 0.2578125 0.8833333333333333 0.2703125 0.8694444444444445 0.2796875 0.8694444444444445 0.2828125 0.8666666666666667
0 0.3875 0.7666666666666667 0.3890625 0.7611111111111111 0.403125 0.75 0.40625 0.7444444444444445 0.415625 0.7444444444444445 0.4140625 0.75 0.3984375 0.7638888888888888 0.3890625 0.7666666666666667
0 0.4 0.6944444444444444 0.403125 0.6916666666666667 0.40625 0.6944444444444444 0.3953125 0.6972222222222222 0.390625 0.7027777777777777 0.384375 0.7027777777777777 0.378125 0.7083333333333334 0.3765625 0.7055555555555556 0.3703125 0.7111111111111111 0.3640625 0.7111111111111111 0.35 0.7194444444444444 0.3390625 0.7194444444444444 0.3203125 0.7305555555555555 0.3171875 0.7277777777777777 0.309375 0.7333333333333333 0.303125 0.7333333333333333 0.296875 0.7388888888888889 0.2859375 0.7388888888888889 0.271875 0.7472222222222222 0.253125 0.75 0.2296875 0.7611111111111111 0.2265625 0.7583333333333333 0.225 0.7611111111111111 0.20625 0.7666666666666667 0.2 0.7722222222222223 0.19375 0.7694444444444445 0.171875 0.7805555555555556 0.1625 0.7805555555555556 0.15 0.7888888888888889 0.1328125 0.7916666666666666 0.1109375 0.8027777777777778 0.1015625 0.8027777777777778 0.0796875 0.8138888888888889 0.0765625 0.8111111111111111 0.0484375 0.825 0.0453125 0.8222222222222222 0.021875 0.8333333333333334 0.0125 0.8333333333333334 0.0046875 0.8388888888888889 0 0.8388888888888889 0 0.8277777777777777 0.00625 0.825 0.0234375 0.8222222222222222 0.0375 0.8138888888888889 0.0546875 0.8111111111111111 0.0625 0.8055555555555556 0.06875 0.8055555555555556 0.075 0.8 0.09375 0.7972222222222223 0.1015625 0.7916666666666666 0.1140625 0.7916666666666666 0.1359375 0.7805555555555556 0.140625 0.7833333333333333 0.146875 0.7777777777777778 0.153125 0.7777777777777778 0.1609375 0.7722222222222223 0.1734375 0.7722222222222223 0.175 0.7694444444444445 0.18125 0.7694444444444445 0.1953125 0.7611111111111111 0.203125 0.7611111111111111 0.2265625 0.75 0.2375 0.75 0.2578125 0.7388888888888889 0.2640625 0.7416666666666667 0.2859375 0.7305555555555555 0.290625 0.7333333333333333 0.309375 0.7222222222222222 0.315625 0.7222222222222222 0.3171875 0.7194444444444444 0.3203125 0.7222222222222222 0.3359375 0.7138888888888889 0.3515625 0.7111111111111111 0.3609375 0.7055555555555556 0.36875 0.7055555555555556 0.375 0.7 0.3984375 0.6944444444444444
0 0.5828125 0.7638888888888888 0.590625 0.7722222222222223 0.590625 0.7805555555555556 0.5875 0.7833333333333333 0.5828125 0.7777777777777778 0.5796875 0.7722222222222223 0.5796875 0.7666666666666667 0.58125 0.7666666666666667
0 0.4640625 0.6916666666666667 0.465625 0.6916666666666667 0.4578125 0.7055555555555556 0.453125 0.7055555555555556 0.453125 0.7027777777777777 0.4625 0.6916666666666667
0 0.5640625 0.7694444444444445 0.5671875 0.7777777777777778 0.565625 0.7833333333333333 0.5578125 0.7833333333333333 0.553125 0.7777777777777778 0.55 0.7611111111111111 0.5515625 0.7527777777777778 0.5625 0.7694444444444445
0 0.571875 0.8111111111111111 0.578125 0.8138888888888889 0.58125 0.825 0.5953125 0.8527777777777777 0.59375 0.8583333333333333 0.5890625 0.8555555555555555 0.5734375 0.825 0.571875 0.8138888888888889
0 0.5265625 0.7194444444444444 0.53125 0.7222222222222222 0.534375 0.7305555555555555 0.5296875 0.7333333333333333 0.525 0.7222222222222222
0 0.5171875 0.7055555555555556 0.5203125 0.7027777777777777 0.5265625 0.7138888888888889 0.521875 0.7166666666666667 0.51875 0.7138888888888889 0.51875 0.7083333333333334