0 0.4625 0.7444444444444445 0.4640625 0.7472222222222222 0.4625 0.7694444444444445 0.459375 0.7805555555555556 0.45625 0.7833333333333333 0.4609375 0.7916666666666666 0.471875 0.8 0.475 0.8055555555555556 0.4734375 0.8083333333333333 0.415625 0.8083333333333333 0.4140625 0.8055555555555556 0.4359375 0.7861111111111111 0.4328125 0.7805555555555556 0.4328125 0.775 0.4375 0.7666666666666667 0.44375 0.7472222222222222 0.446875 0.7444444444444445 0.4609375 0.7444444444444445
0 0.271875 0.75 0.271875 0.7527777777777778 0.265625 0.7583333333333333 0.259375 0.7583333333333333 0.2453125 0.7666666666666667 0.2390625 0.7666666666666667 0.2328125 0.7722222222222223 0.21875 0.775 0.2125 0.7805555555555556 0.2078125 0.7805555555555556 0.1828125 0.7944444444444444 0.16875 0.7944444444444444 0.165625 0.7916666666666666 0.1859375 0.7777777777777778 0.2046875 0.7722222222222223 0.21875 0.7611111111111111 0.234375 0.7583333333333333 0.2421875 0.7527777777777778 0.2703125 0.75
0 0.6328125 0.8277777777777777 0.6375 0.8305555555555556 0.65625 0.8555555555555555 0.6640625 0.8611111111111112 0.71875 0.925 0.7296875 0.9333333333333333 0.7609375 0.9694444444444444 0.7828125 0.9888888888888889 0.7875 0.9972222222222222 0.7640625 0.9972222222222222 0.7609375 0.9944444444444445 0.75 0.9777777777777777 0.7296875 0.9583333333333334 0.7109375 0.9333333333333333 0.690625 0.9138888888888889 0.6859375 0.9055555555555556 0.66875 0.8888888888888888 0.6484375 0.8611111111111112 0.6390625 0.8527777777777777 0.625 0.8333333333333334 0.63125 0.8305555555555556
0 0.365625 0.7805555555555556 0.3875 0.7583333333333333 0.39375 0.7472222222222222 0.4140625 0.7444444444444445 0.415625 0.7472222222222222 0.4046875 0.7666666666666667 0.390625 0.7833333333333333 0.3671875 0.7833333333333333
0 0.0203125 0.8027777777777778 0.0328125 0.7944444444444444 0.0390625 0.7944444444444444 0.05625 0.7861111111111111 0.065625 0.7861111111111111 0.071875 0.7805555555555556 0.0875 0.7777777777777778 0.0984375 0.7722222222222223 0.1 0.7777777777777778 0.0984375 0.7861111111111111 0.0921875 0.7888888888888889 0.08125 0.7888888888888889 0.0734375 0.7944444444444444 0.0578125 0.7972222222222223 0.0390625 0.8055555555555556 0.021875 0.8055555555555556
0 0.5421875 0.7472222222222222 0.54375 0.7444444444444445 0.5609375 0.7444444444444445 0.590625 0.7722222222222223 0.59375 0.7777777777777778 0.5921875 0.7805555555555556 0.5703125 0.7805555555555556 0.553125 0.7638888888888888 0.54375 0.75
0 0.5125 0.7444444444444445 0.51875 0.7527777777777778 0.521875 0.7638888888888888 0.528125 0.775 0.528125 0.7833333333333333 0.53125 0.7888888888888889 0.5578125 0.8083333333333333 0.55 0.8083333333333333 0.5484375 0.8111111111111111 0.5203125 0.8111111111111111 0.51875 0.8083333333333333 0.496875 0.8083333333333333 0.49375 0.8055555555555556 0.5125 0.7833333333333333 0.5109375 0.7805555555555556 0.5046875 0.7805555555555556 0.5 0.7722222222222223 0.496875 0.7638888888888888 0.4953125 0.7472222222222222 0.496875 0.7444444444444445 0.5109375 0.7444444444444445
0 0.2984375 0.7861111111111111 0.325 0.7638888888888888 0.3515625 0.7472222222222222 0.365625 0.7472222222222222 0.3671875 0.75 0.365625 0.7527777777777778 0.3265625 0.7861111111111111 0.315625 0.7861111111111111 0.3140625 0.7888888888888889 0.3015625 0.7888888888888889 0.3 0.7861111111111111
0 0.5125 0.7444444444444445 0.5171875 0.75 0.528125 0.775 0.528125 0.7805555555555556 0.5046875 0.7805555555555556 0.5 0.7722222222222223 0.496875 0.7638888888888888 0.4953125 0.7472222222222222 0.496875 0.7444444444444445 0.5109375 0.7444444444444445
0 0.315625 0.7472222222222222 0.3171875 0.75 0.309375 0.7583333333333333 0.3046875 0.7583333333333333 0.284375 0.7722222222222223 0.2796875 0.7722222222222223 0.25 0.7916666666666666 0.228125 0.7916666666666666 0.228125 0.7888888888888889 0.240625 0.7777777777777778 0.2578125 0.7722222222222223 0.2734375 0.7611111111111111 0.2859375 0.7583333333333333 0.303125 0.7472222222222222 0.3140625 0.7472222222222222
0 0.4765625 0.7416666666666667 0.478125 0.7444444444444445 0.509375 0.7416666666666667 0.521875 0.7472222222222222 0.5203125 0.7555555555555555 0.5265625 0.7666666666666667 0.5328125 0.7888888888888889 0.5546875 0.8 0.559375 0.8055555555555556 0.56875 0.8027777777777778 0.5734375 0.7944444444444444 0.5734375 0.7888888888888889 0.5578125 0.7694444444444445 0.5546875 0.7694444444444445 0.546875 0.7611111111111111 0.540625 0.7472222222222222 0.5421875 0.7444444444444445 0.546875 0.7416666666666667 0.5625 0.7416666666666667 0.5640625 0.7444444444444445 0.571875 0.7444444444444445 0.5734375 0.7416666666666667 0.578125 0.7444444444444445 0.5875 0.7388888888888889 0.6171875 0.7388888888888889 0.61875 0.7416666666666667 0.6546875 0.7444444444444445 0.66875 0.7527777777777778 0.66875 0.7638888888888888 0.665625 0.775 0.66875 0.7833333333333333 0.6703125 0.8083333333333333 0.6609375 0.8083333333333333 0.659375 0.8111111111111111 0.6484375 0.8083333333333333 0.65 0.7972222222222223 0.6484375 0.7861111111111111 0.640625 0.7861111111111111 0.634375 0.7805555555555556 0.6296875 0.7805555555555556 0.6109375 0.7638888888888888 0.6015625 0.7583333333333333 0.59375 0.7583333333333333 0.590625 0.7527777777777778 0.5859375 0.7527777777777778 0.58125 0.7583333333333333 0.5859375 0.7666666666666667 0.590625 0.7694444444444445 0.6 0.7888888888888889 0.628125 0.8055555555555556 0.6296875 0.8083333333333333 0.6234375 0.8111111111111111 0.5703125 0.8111111111111111 0.56875 0.8083333333333333 0.503125 0.8111111111111111 0.4921875 0.8055555555555556 0.475 0.8055555555555556 0.4734375 0.8083333333333333 0.4171875 0.8083333333333333 0.4125 0.8055555555555556 0.4265625 0.7944444444444444 0.43125 0.7861111111111111 0.434375 0.7611111111111111 0.4375 0.7555555555555555 0.4359375 0.75 0.4265625 0.75 0.425 0.7472222222222222 0.415625 0.7527777777777778 0.4015625 0.7777777777777778 0.390625 0.7861111111111111 0.3671875 0.7861111111111111 0.359375 0.775 0.3640625 0.7694444444444445 0.3609375 0.7638888888888888 0.35625 0.7694444444444445 0.3484375 0.7694444444444445 0.3296875 0.7861111111111111 0.3234375 0.7861111111111111 0.3140625 0.7916666666666666 0.3125 0.7888888888888889 0.30625 0.7916666666666666 0.2953125 0.7888888888888889 0.290625 0.7777777777777778 0.2828125 0.7777777777777778 0.2765625 0.7833333333333333 0.2703125 0.7833333333333333 0.2640625 0.7888888888888889 0.25625 0.7888888888888889 0.2484375 0.7944444444444444 0.2296875 0.7944444444444444 0.225 0.7916666666666666 0.221875 0.7833333333333333 0.2015625 0.7861111111111111 0.19375 0.7916666666666666 0.1765625 0.7944444444444444 0.175 0.7972222222222223 0.171875 0.7944444444444444 0.159375 0.7944444444444444 0.1515625 0.7861111111111111 0.1359375 0.7916666666666666 0.1328125 0.7833333333333333 0.134375 0.7805555555555556 0.134375 0.7638888888888888 0.1375 0.7583333333333333 0.16875 0.7527777777777778 0.175 0.7472222222222222 0.1765625 0.75 0.1953125 0.7472222222222222 0.1984375 0.7527777777777778 0.20625 0.7527777777777778 0.2078125 0.75 0.25625 0.75 0.2578125 0.7472222222222222 0.2796875 0.7472222222222222 0.28125 0.75 0.2890625 0.75 0.290625 0.7472222222222222 0.328125 0.7472222222222222 0.325 0.7555555555555555 0.3296875 0.7583333333333333 0.34375 0.7472222222222222 0.3625 0.7472222222222222 0.3640625 0.7444444444444445 0.384375 0.7444444444444445 0.3859375 0.7472222222222222 0.3875 0.7444444444444445 0.39375 0.7472222222222222 0.403125 0.7416666666666667 0.4203125 0.7416666666666667 0.4328125 0.7472222222222222 0.4375 0.7444444444444445 0.44375 0.7472222222222222 0.45 0.7416666666666667 0.4578125 0.7416666666666667 0.4671875 0.7472222222222222 0.475 0.7444444444444445