0 0.5421875 0.725 0.5484375 0.7277777777777777 0.5578125 0.7416666666666667 0.5578125 0.75 0.553125 0.75 0.54375 0.7361111111111112 0.5421875 0.7277777777777777
0 0.86875 0.8805555555555555 0.8765625 0.8777777777777778 0.9015625 0.8916666666666667 0.925 0.9111111111111111 0.959375 0.9305555555555556 0.9671875 0.9388888888888889 0.9984375 0.9583333333333334 0.9984375 0.9694444444444444 0.99375 0.9694444444444444 0.978125 0.9555555555555556 0.9484375 0.9388888888888889 0.94375 0.9333333333333333 0.928125 0.925 0.8890625 0.8944444444444445 0.8703125 0.8833333333333333
0 0.3953125 0.7111111111111111 0.396875 0.7166666666666667 0.3890625 0.7305555555555555 0.38125 0.7388888888888889 0.3609375 0.7722222222222223 0.3375 0.8027777777777778 0.3203125 0.8305555555555556 0.30625 0.8472222222222222 0.29375 0.8694444444444445 0.2703125 0.9 0.2453125 0.9388888888888889 0.2390625 0.9444444444444444 0.2046875 0.9972222222222222 0.1890625 0.9972222222222222 0.19375 0.9861111111111112 0.29375 0.85 0.3171875 0.8138888888888889 0.346875 0.7777777777777778 0.3890625 0.7138888888888889 0.39375 0.7111111111111111
0 0.1546875 0.85 0.153125 0.8583333333333333 0.11875 0.8861111111111111 0.109375 0.8861111111111111 0.1078125 0.8805555555555555 0.1125 0.875 0.121875 0.8694444444444445 0.1390625 0.8527777777777777 0.15 0.8472222222222222 0.153125 0.85
0 0.30625 0.7333333333333333 0.30625 0.7277777777777777 0.309375 0.7222222222222222 0.3171875 0.7222222222222222 0.3171875 0.725 0.3140625 0.7305555555555555 0.3078125 0.7333333333333333
0 0.88125 0.775 0.9109375 0.7916666666666666 0.921875 0.7944444444444444 0.9359375 0.8055555555555556 0.9578125 0.8111111111111111 0.975 0.8222222222222222 0.9984375 0.8305555555555556 0.9984375 0.8444444444444444 0.99375 0.8444444444444444 0.9890625 0.8388888888888889 0.978125 0.8361111111111111 0.9234375 0.8055555555555556 0.9125 0.8027777777777778 0.9015625 0.7944444444444444 0.884375 0.7888888888888889 0.8703125 0.7805555555555556 0.871875 0.775 0.8796875 0.775
0 0.2625 0.7638888888888888 0.2640625 0.7722222222222223 0.253125 0.7805555555555556 0.24375 0.7805555555555556 0.24375 0.7777777777777778 0.253125 0.7666666666666667 0.2609375 0.7638888888888888
0 0.2859375 0.7027777777777777 0.2828125 0.7083333333333334 0.2796875 0.7083333333333334 0.275 0.7138888888888889 0.2140625 0.75 0.209375 0.75 0.1796875 0.7694444444444445 0.175 0.7694444444444445 0.1609375 0.7805555555555556 0.146875 0.7861111111111111 0.1171875 0.8055555555555556 0.090625 0.8166666666666667 0.0703125 0.8305555555555556 0.059375 0.8333333333333334 0.028125 0.8527777777777777 0.0234375 0.8527777777777777 0.003125 0.8666666666666667 0 0.8666666666666667 0 0.8555555555555555 0.00625 0.8555555555555555 0.0171875 0.8472222222222222 0.021875 0.8472222222222222 0.0265625 0.8416666666666667 0.025 0.8388888888888889 0.0171875 0.8388888888888889 0.0046875 0.8472222222222222 0 0.8472222222222222 0 0.8416666666666667 0.0078125 0.8388888888888889 0.0125 0.8333333333333334 0.0296875 0.8277777777777777 0.05625 0.8111111111111111 0.0625 0.8111111111111111 0.0671875 0.8055555555555556 0.1125 0.7861111111111111 0.121875 0.7777777777777778 0.140625 0.7722222222222223 0.15 0.7638888888888888 0.171875 0.7583333333333333 0.178125 0.75 0.1828125 0.75 0.1875 0.7444444444444445 0.196875 0.7416666666666667 0.203125 0.7361111111111112 0.209375 0.7333333333333333 0.2234375 0.7361111111111112 0.2328125 0.7222222222222222 0.253125 0.7138888888888889 0.2625 0.7055555555555556 0.284375 0.7027777777777777
0 0.878125 0.775 0.903125 0.7861111111111111 0.909375 0.7916666666666666 0.9203125 0.7944444444444444 0.934375 0.8055555555555556 0.946875 0.8083333333333333 0.9484375 0.8111111111111111 0.9578125 0.8111111111111111 0.9796875 0.825 0.996875 0.8305555555555556 0.9984375 0.8333333333333334 0.9984375 0.8444444444444444 0.99375 0.8444444444444444 0.984375 0.8361111111111111 0.9796875 0.8361111111111111 0.9578125 0.8222222222222222 0.9140625 0.8027777777777778 0.903125 0.7944444444444444 0.884375 0.7888888888888889 0.871875 0.7805555555555556 0.8703125 0.7777777777777778 0.871875 0.775 0.8765625 0.775
0 0.4140625 0.7111111111111111 0.41875 0.7194444444444444 0.409375 0.75 0.3984375 0.7694444444444445 0.396875 0.7777777777777778 0.4 0.7833333333333333 0.3984375 0.7888888888888889 0.390625 0.7972222222222223 0.38125 0.8277777777777777 0.3546875 0.875 0.35625 0.8833333333333333 0.35 0.8944444444444445 0.3484375 0.9027777777777778 0.340625 0.9111111111111111 0.33125 0.9277777777777778 0.328125 0.9388888888888889 0.325 0.9388888888888889 0.3203125 0.9333333333333333 0.3125 0.9416666666666667 0.3078125 0.9527777777777777 0.309375 0.9583333333333334 0.3140625 0.9611111111111111 0.3125 0.9722222222222222 0.309375 0.975 0.3078125 0.9638888888888889 0.2984375 0.9694444444444444 0.29375 0.9805555555555555 0.296875 0.9861111111111112 0.2953125 0.9888888888888889 0.296875 0.9916666666666667 0.2921875 0.9916666666666667 0.2859375 0.9972222222222222 0.2625 0.9972222222222222 0.2640625 0.9888888888888889 0.3203125 0.8833333333333333 0.3234375 0.8805555555555555 0.3375 0.85 0.3609375 0.8111111111111111 0.4046875 0.725 0.4125 0.7138888888888889
0 0.625 0.8722222222222222 0.6359375 0.875 0.7078125 0.9944444444444445 0.7078125 0.9972222222222222 0.6921875 0.9972222222222222 0.625 0.875
0 0.6625 0.7305555555555555 0.6671875 0.7305555555555555 0.6953125 0.75 0.6953125 0.7527777777777778 0.6859375 0.7527777777777778 0.68125 0.7472222222222222 0.6625 0.7361111111111112 0.6625 0.7333333333333333
0 0.2890625 0.6972222222222222 0.2859375 0.7055555555555556 0.26875 0.7138888888888889 0.2609375 0.7222222222222222 0.2421875 0.7305555555555555 0.2375 0.7361111111111112 0.21875 0.7472222222222222 0.2140625 0.7472222222222222 0.1796875 0.7694444444444445 0.175 0.7694444444444445 0.1515625 0.7861111111111111 0.1453125 0.7861111111111111 0.1359375 0.7944444444444444 0.13125 0.7944444444444444 0.1109375 0.8083333333333333 0.0890625 0.8166666666666667 0.075 0.8277777777777777 0.0625 0.8305555555555556 0.053125 0.8388888888888889 0.0375 0.8444444444444444 0.0078125 0.8638888888888889 0 0.8666666666666667 0.0015625 0.8555555555555555 0.0078125 0.8555555555555555 0.0125 0.85 0.0234375 0.8472222222222222 0.0265625 0.8416666666666667 0.025 0.8388888888888889 0.01875 0.8388888888888889 0 0.85 0 0.8416666666666667 0.0546875 0.8111111111111111 0.065625 0.8083333333333333 0.0765625 0.8 0.1 0.7916666666666666 0.1171875 0.7777777777777778 0.13125 0.775 0.153125 0.7611111111111111 0.1671875 0.7583333333333333 0.175 0.75 0.19375 0.7388888888888889 0.215625 0.7305555555555555 0.2203125 0.7222222222222222 0.2296875 0.7222222222222222 0.2375 0.7166666666666667 0.24375 0.7166666666666667 0.2640625 0.7027777777777777 0.2875 0.7