0 0.3828125 0.7805555555555556 0.3859375 0.7861111111111111 0.3796875 0.7972222222222223 0.36875 0.8083333333333333 0.3625 0.8194444444444444 0.35625 0.8194444444444444 0.3546875 0.8222222222222222 0.3390625 0.8222222222222222 0.3375 0.8166666666666667 0.340625 0.8111111111111111 0.3515625 0.8027777777777778 0.3546875 0.7972222222222223 0.3625 0.7944444444444444 0.371875 0.7833333333333333 0.38125 0.7805555555555556
0 0.003125 0.8277777777777777 0.00625 0.825 0.015625 0.825 0.021875 0.8194444444444444 0.0609375 0.8111111111111111 0.065625 0.8055555555555556 0.0828125 0.8055555555555556 0.0828125 0.8111111111111111 0.0796875 0.8138888888888889 0.071875 0.8138888888888889 0.0703125 0.8166666666666667 0.05625 0.8138888888888889 0.0484375 0.825 0.0359375 0.8277777777777777 0.028125 0.8333333333333334 0.003125 0.8361111111111111 0.003125 0.8305555555555556
0 0.4578125 0.7166666666666667 0.4546875 0.725 0.4484375 0.7305555555555555 0.4421875 0.7444444444444445 0.43125 0.7583333333333333 0.428125 0.7583333333333333 0.428125 0.7527777777777778 0.4421875 0.7277777777777777 0.4515625 0.7166666666666667 0.45625 0.7166666666666667
0 0.025 0.8583333333333333 0.025 0.8638888888888889 0.021875 0.8694444444444445 0.0046875 0.8777777777777778 0.003125 0.8777777777777778 0.003125 0.8555555555555555 0.021875 0.8555555555555555 0.0234375 0.8583333333333333
0 0.8453125 0.7638888888888888 0.846875 0.7666666666666667 0.8578125 0.7666666666666667 0.859375 0.7638888888888888 0.8625 0.7666666666666667 0.8765625 0.7666666666666667 0.9 0.7805555555555556 0.9296875 0.7833333333333333 0.93125 0.7861111111111111 0.9421875 0.7861111111111111 0.94375 0.7888888888888889 0.9515625 0.7861111111111111 0.9625 0.7972222222222223 0.9734375 0.7972222222222223 0.975 0.8 0.9875 0.7972222222222223 0.9984375 0.8027777777777778 0.9984375 0.8166666666666667 0.971875 0.8111111111111111 0.9609375 0.8055555555555556 0.9421875 0.8055555555555556 0.91875 0.7944444444444444 0.896875 0.7916666666666666 0.8796875 0.7833333333333333 0.8296875 0.775 0.825 0.7722222222222223 0.8265625 0.7638888888888888 0.84375 0.7638888888888888
0 0.484375 0.775 0.496875 0.775 0.5 0.7777777777777778 0.5078125 0.8 0.5078125 0.8111111111111111 0.5109375 0.8166666666666667 0.5109375 0.825 0.5 0.8388888888888889 0.49375 0.8388888888888889 0.4921875 0.8361111111111111 0.48125 0.8361111111111111 0.4796875 0.8388888888888889 0.478125 0.8194444444444444 0.4828125 0.8138888888888889 0.484375 0.7777777777777778
0 0.3203125 0.7916666666666666 0.30625 0.8083333333333333 0.2921875 0.8138888888888889 0.28125 0.825 0.2578125 0.8305555555555556 0.253125 0.8388888888888889 0.2359375 0.8472222222222222 0.2328125 0.8527777777777777 0.225 0.8527777777777777 0.2234375 0.8555555555555555 0.2171875 0.8555555555555555 0.215625 0.8527777777777777 0.2171875 0.85 0.2375 0.8333333333333334 0.2515625 0.8333333333333334 0.2578125 0.8194444444444444 0.2609375 0.8194444444444444 0.2734375 0.8083333333333333 0.284375 0.8055555555555556 0.3125 0.7888888888888889 0.31875 0.7916666666666666
0 0.2078125 0.7944444444444444 0.2109375 0.7972222222222223 0.2046875 0.8027777777777778 0.1984375 0.8027777777777778 0.1859375 0.8111111111111111 0.1515625 0.8222222222222222 0.14375 0.8305555555555556 0.1265625 0.8388888888888889 0.103125 0.8388888888888889 0.1046875 0.8333333333333334 0.109375 0.8305555555555556 0.1390625 0.8194444444444444 0.1421875 0.8138888888888889 0.15625 0.8111111111111111 0.1734375 0.8 0.1796875 0.8 0.1890625 0.7944444444444444 0.20625 0.7944444444444444
0 0.140625 0.8027777777777778 0.1359375 0.8111111111111111 0.1296875 0.8111111111111111 0.128125 0.8138888888888889 0.121875 0.8138888888888889 0.096875 0.825 0.0890625 0.825 0.08125 0.8305555555555556 0.059375 0.8361111111111111 0.0515625 0.8444444444444444 0.040625 0.8444444444444444 0.0390625 0.8472222222222222 0.0296875 0.8472222222222222 0.0265625 0.8416666666666667 0.0515625 0.8333333333333334 0.0546875 0.8277777777777777 0.0703125 0.825 0.0875 0.8138888888888889 0.0953125 0.8138888888888889 0.1046875 0.8083333333333333 0.1390625 0.8027777777777778
0 0.603125 0.7694444444444445 0.61875 0.7694444444444445 0.6296875 0.7833333333333333 0.6390625 0.7916666666666666 0.646875 0.7944444444444444 0.65 0.8 0.646875 0.8083333333333333 0.6359375 0.8083333333333333 0.61875 0.7944444444444444 0.60625 0.7777777777777778 0.603125 0.7777777777777778 0.603125 0.7722222222222223
0 0.1015625 0.8444444444444444 0.1 0.85 0.09375 0.8555555555555555 0.071875 0.8611111111111112 0.0546875 0.8694444444444445 0.05 0.8694444444444445 0.046875 0.8638888888888889 0.0484375 0.8611111111111112 0.06875 0.8472222222222222 0.1 0.8444444444444444
0 0.6625 0.7722222222222223 0.684375 0.7722222222222223 0.690625 0.7777777777777778 0.696875 0.7777777777777778 0.7078125 0.7861111111111111 0.7296875 0.7944444444444444 0.7359375 0.8055555555555556 0.7546875 0.8138888888888889 0.7578125 0.8194444444444444 0.75625 0.8222222222222222 0.7453125 0.825 0.7328125 0.8138888888888889 0.7296875 0.8138888888888889 0.7234375 0.8055555555555556 0.703125 0.8 0.6890625 0.7888888888888889 0.68125 0.7888888888888889 0.6640625 0.775