3 0.791015625 0.8177083333333334 0.7861328125 0.8055555555555556 0.7685546875 0.7847222222222222 0.7529296875 0.7604166666666666 0.7451171875 0.7534722222222222 0.7373046875 0.7395833333333334 0.7177734375 0.71875 0.7021484375 0.6944444444444444 0.6962890625 0.6909722222222222 0.6865234375 0.6736111111111112 0.6708984375 0.65625 0.6552734375 0.6319444444444444 0.6455078125 0.6215277777777778 0.640625 0.6267361111111112 0.6982421875 0.7083333333333334 0.7158203125 0.7291666666666666 0.7431640625 0.7708333333333334 0.7587890625 0.7881944444444444 0.7666015625 0.8020833333333334 0.7841796875 0.8194444444444444
3 0.60546875 0.5677083333333334 0.5947265625 0.5520833333333334 0.58984375 0.5538194444444444 0.5966796875 0.5659722222222222 0.6005859375 0.5694444444444444
2 0.09765625 0.8697916666666666 0.1142578125 0.8541666666666666 0.1259765625 0.8368055555555556 0.1396484375 0.8263888888888888 0.1572265625 0.8020833333333334 0.1669921875 0.7951388888888888 0.1826171875 0.7743055555555556 0.1982421875 0.7604166666666666 0.2333984375 0.71875 0.2490234375 0.7048611111111112 0.28125 0.6649305555555556 0.2744140625 0.6631944444444444 0.2490234375 0.6909722222222222 0.2392578125 0.6979166666666666 0.2236328125 0.71875 0.2138671875 0.7256944444444444 0.2041015625 0.7395833333333334 0.1943359375 0.7465277777777778 0.1845703125 0.7604166666666666 0.1748046875 0.7673611111111112 0.1455078125 0.8020833333333334 0.1201171875 0.8263888888888888 0.1103515625 0.8402777777777778 0.0966796875 0.8506944444444444 0.080078125 0.8697916666666666
2 0.3984375 0.5364583333333334 0.4306640625 0.5034722222222222 0.431640625 0.4982638888888889 0.4287109375 0.4965277777777778 0.4248046875 0.5034722222222222 0.39453125 0.5329861111111112 0.3955078125 0.5381944444444444
2 0.453125 0.4774305555555556 0.45703125 0.4704861111111111 0.4560546875 0.46875 0.447265625 0.4774305555555556
0 0.19140625 0.5243055555555556 0.3515625 0.5243055555555556 0.3515625 0.6631944444444444 0.19140625 0.6631944444444444
0 0.462890625 0.44097685185185187 0.494140625 0.44097685185185187 0.494140625 0.4930601851851852 0.462890625 0.4930601851851852
0 0 0.5243009259259258 0.08984375 0.5243009259259258 0.08984375 0.6684027777777778 0 0.6684027777777778
0 0.427734375 0.4375 0.447265625 0.4375 0.447265625 0.4652777777777778 0.427734375 0.4652777777777778
0 0.453125 0.4305555555555556 0.46875 0.4305555555555556 0.46875 0.4583333333333333 0.453125 0.4583333333333333
1 0.3855138199567499 0.467161635000986 0.3922190198958797 0.46537448648605795 0.39797128691505007 0.46264863448400695 0.39892999808491175 0.4681003384881091 0.3920272805876616 0.4701447372380631 0.38761721066917487 0.4725298626140656
1 0.4037323566128277 0.459490672198427 0.41273544770818366 0.4568561908559685 0.42577391084104027 0.4510637472279303 0.42673262201090195 0.4551525317299506 0.4140776374944814 0.4612857019840375 0.404107047179428 0.4646930202360733