3 0.587890625 0.6128472222222222 0.5869140625 0.6041666666666666 0.5830078125 0.6006944444444444 0.580078125 0.6024305555555556 0.580078125 0.609375 0.5830078125 0.6145833333333334
3 0.6015625 0.6336805555555556 0.5966796875 0.6215277777777778 0.5927734375 0.6180555555555556 0.587890625 0.6197916666666666 0.5947265625 0.6354166666666666
3 0.619140625 0.6649305555555556 0.615234375 0.6545138888888888 0.6083984375 0.6458333333333334 0.6015625 0.6475694444444444 0.6103515625 0.6666666666666666
3 0.63671875 0.703125 0.63671875 0.6961805555555556 0.6259765625 0.6770833333333334 0.6201171875 0.6770833333333334 0.6171875 0.6822916666666666 0.6298828125 0.7048611111111112
3 0.6640625 0.7621527777777778 0.6669921875 0.7604166666666666 0.66796875 0.7552083333333334 0.6494140625 0.7222222222222222 0.638671875 0.7239583333333334 0.6552734375 0.7604166666666666 0.6591796875 0.7638888888888888
3 0.572265625 0.5815972222222222 0.572265625 0.5746527777777778 0.56640625 0.5677083333333334 0.53515625 0.5017361111111112 0.5244140625 0.4861111111111111 0.5146484375 0.4652777777777778 0.5126953125 0.4652777777777778 0.515625 0.4774305555555556 0.52734375 0.4982638888888889 0.548828125 0.546875 0.5537109375 0.5520833333333334 0.5693359375 0.5833333333333334
3 0.708984375 0.8454861111111112 0.7119140625 0.84375 0.712890625 0.8385416666666666 0.6904296875 0.7951388888888888 0.6787109375 0.78125 0.669921875 0.7864583333333334 0.673828125 0.8003472222222222 0.677734375 0.8038194444444444 0.6962890625 0.84375 0.7021484375 0.84375 0.7041015625 0.8472222222222222
2 0.125 0.8732638888888888 0.1318359375 0.8680555555555556 0.1416015625 0.8472222222222222 0.1630859375 0.8333333333333334 0.1689453125 0.8194444444444444 0.1884765625 0.8020833333333334 0.2060546875 0.7777777777777778 0.2138671875 0.7743055555555556 0.2353515625 0.7430555555555556 0.2392578125 0.7430555555555556 0.2470703125 0.7326388888888888 0.248046875 0.7239583333333334 0.2275390625 0.7395833333333334 0.2158203125 0.7569444444444444 0.2119140625 0.7569444444444444 0.2001953125 0.7743055555555556 0.1904296875 0.78125 0.1748046875 0.8020833333333334 0.1650390625 0.8090277777777778 0.1591796875 0.8194444444444444 0.1435546875 0.8333333333333334 0.1357421875 0.8472222222222222 0.1298828125 0.8506944444444444 0.111328125 0.8732638888888888
1 0.193359375 0.5850694444444444 0.1943359375 0.5798611111111112 0.2060546875 0.5798611111111112 0.20703125 0.5711805555555556 0.2041015625 0.5659722222222222 0.1923828125 0.5763888888888888 0.18359375 0.578125 0.1845703125 0.5868055555555556
1 0.158203125 0.6024305555555556 0.1611328125 0.6006944444444444 0.1650390625 0.5902777777777778 0.1748046875 0.5902777777777778 0.1796875 0.5815972222222222 0.1748046875 0.5798611111111112 0.1708984375 0.5868055555555556 0.1611328125 0.5868055555555556 0.1591796875 0.5902777777777778 0.140625 0.5954861111111112
1 0.060546875 0.6510416666666666 0.0654296875 0.6493055555555556 0.0693359375 0.6423611111111112 0.0732421875 0.6423611111111112 0.07421875 0.6371527777777778 0.0634765625 0.6319444444444444 0.0615234375 0.6354166666666666 0.0556640625 0.6354166666666666 0.0517578125 0.6458333333333334 0.0498046875 0.6423611111111112 0.0380859375 0.6423611111111112 0.03515625 0.6475694444444444 0.0419921875 0.6527777777777778
1 0.095703125 0.6336805555555556 0.0986328125 0.6284722222222222 0.1025390625 0.6319444444444444 0.1123046875 0.6284722222222222 0.1220703125 0.6180555555555556 0.1279296875 0.6180555555555556 0.12890625 0.6128472222222222 0.1142578125 0.6111111111111112 0.1123046875 0.6145833333333334 0.0966796875 0.6145833333333334 0.0947265625 0.6180555555555556 0.0888671875 0.6180555555555556 0.0859375 0.6232638888888888 0.08984375 0.6302083333333334 0.0888671875 0.6354166666666666
1 0.21484375 0.5746527777777778 0.2236328125 0.5694444444444444 0.2314453125 0.5694444444444444 0.2373046875 0.5659722222222222 0.2412109375 0.5590277777777778 0.2451171875 0.5625 0.2548828125 0.5555555555555556 0.2646484375 0.5555555555555556 0.2802734375 0.5451388888888888 0.2880859375 0.5451388888888888 0.3056640625 0.5347222222222222 0.3095703125 0.5277777777777778 0.3193359375 0.5277777777777778 0.3251953125 0.5208333333333334 0.3388671875 0.5173611111111112 0.349609375 0.5086805555555556 0.3369140625 0.5069444444444444 0.3349609375 0.5104166666666666 0.3212890625 0.5104166666666666 0.3193359375 0.5138888888888888 0.3134765625 0.5138888888888888 0.3095703125 0.5208333333333334 0.2998046875 0.5208333333333334 0.2958984375 0.5277777777777778 0.2763671875 0.53125 0.2744140625 0.5347222222222222 0.2587890625 0.53125 0.2568359375 0.5416666666666666 0.2373046875 0.5520833333333334 0.2333984375 0.5555555555555556 0.2314453125 0.5625 0.2275390625 0.5590277777777778 0.2119140625 0.5625 0.2109375 0.5746527777777778